  -4.39833333333333       1.815077817125702E-003
  -4.09500000000000       4.764828479723910E-003
  -3.79166666666667       7.870563690198904E-003
  -3.48833333333333       9.522367573706274E-003
  -3.18500000000000       1.230560457568991E-002
  -2.88166666666667       1.452805729511238E-002
  -2.57833333333333       1.776502221641595E-002
  -2.27500000000000       1.969251440681512E-002
  -1.97166666666667       2.432048518842852E-002
  -1.66833333333333       2.888739957665120E-002
  -1.36500000000000       3.338754651427823E-002
  -1.06166666666667       3.615954830917874E-002
 -0.758333333333333       3.830480830267151E-002
 -0.455000000000000       4.228915332103136E-002
 -0.151666666666667       4.870233828245895E-002
  0.151666666666667       4.509554606404583E-002
  0.455000000000000       4.202627854975931E-002
  0.758333333333333       3.763721686663807E-002
   1.06166666666667       3.698221052393618E-002
   1.36500000000000       3.434278832611268E-002
   1.66833333333333       3.304681445769263E-002
   1.97166666666667       2.957982891965583E-002
   2.27500000000000       2.693056293595913E-002
   2.57833333333333       2.350675299039149E-002
   2.88166666666667       1.974025884504821E-002
   3.18500000000000       1.502518924918967E-002
   3.48833333333333       1.294455765577579E-002
   3.79166666666667       1.173142526804813E-002
   4.09500000000000       6.770738677416752E-003
   4.39833333333333       8.577592572167377E-004
   4.55000000000000       0.000000000000000E+000
