        4836        2744          30          63
  1.834201812744141E-002  0.456233084201813       0.999999821186066     
  0.335103690624237       0.732838928699493       0.914628982543945     
  0.688392579555511       0.310840547084808       7.069265842437744E-002
  0.503784477710724       0.971050977706909       0.863527476787567     
  0.239285826683044       0.494632184505463       0.801428973674774     
  0.235198438167572       0.816549479961395       0.703438103199005     
  0.969530045986176       0.830797255039215       0.281626224517822     
  0.994162738323212       3.542047739028931E-002  0.235404074192047     
  0.469742417335510       0.944726169109344       0.395006179809570     
  0.110022723674774       0.185460686683655       0.764490365982056     
  0.151731789112091       0.642755746841431       0.566579341888428     
  0.759828090667725       0.664886415004730       0.691768467426300     
  0.274377763271332       0.866375088691711       0.329210519790649     
  0.663632392883301       0.950691998004913       0.543428242206573     
  0.342818558216095       0.222978234291077       0.662873625755310     
  0.511393785476685       0.228736639022827       0.862480103969574     
  0.228438675403595       0.670386433601379       0.361177325248718     
  0.877281844615936       0.580964148044586       0.681019306182861     
  9.013074636459351E-002  0.347338199615479       0.663402199745178     
  0.309388935565948       0.466964483261108       0.280493855476379     
  0.279543280601501       0.807396888732910       0.526468455791473     
  0.250558733940125       0.923426687717438       6.082534790039062E-002
  9.865009784698486E-002  0.407926201820374       6.839978694915771E-002
  4.797184467315674E-002  0.373470842838287       0.614547371864319     
  0.128717064857483       0.683629453182220       0.141187429428101     
  0.630399286746979       0.697353005409241       0.933981060981750     
  0.221564471721649       0.366114079952240       0.917056500911713     
  0.624257445335388       0.536640942096710       5.495005846023560E-002
  3.980451822280884E-002  0.475784659385681       0.418077230453491     
  9.445339441299438E-002  0.815334856510162       0.428417146205902     
  0.215839385986328       8.700281381607056E-002  0.718664109706879     
  0.948395013809204       0.788685381412506       0.566419064998627     
  0.771378755569458       0.231979906558990       0.158514201641083     
  7.978618144989014E-002
