        4836        2747           3          36
  0.449939370155334       0.456233084201813       0.999999821186066     
  0.305409908294678       0.952717721462250       0.880041897296906     
  0.970104932785034       0.771506428718567       0.892328381538391     
  0.676238536834717       0.981243014335632       0.333226025104523     
  0.845598757266998       0.134262204170227       0.588697671890259     
  0.348213195800781       0.200163900852203       0.939823806285858     
  0.385305047035217       6.682401895523071E-002  0.647665739059448     
  0.962821662425995       0.669752120971680       0.270205795764923     
  0.615263402462006       0.169881582260132       0.435172080993652     
  0.202508628368378       1.226365566253662E-002  0.237401127815247     
  0.127882361412048       0.110120356082916       4.257112741470337E-002
  0.620210051536560       0.799156069755554       0.283619582653046     
  0.524258971214294       0.421670496463776       0.320615112781525     
  0.945782959461212       0.234332442283630       0.437758207321167     
  0.479995727539062       0.765900731086731       0.204596281051636     
  0.340752482414246       0.749027371406555       8.838981389999390E-002
  0.732555687427521       7.940077781677246E-002  0.550075769424438     
  0.883342444896698       0.136168360710144       0.369814157485962     
  0.732176065444946       0.324220120906830       0.997221767902374     
  0.885283410549164       0.533742129802704       0.548534452915192     
  0.431762576103210       0.228036820888519       0.154057025909424     
  0.184143722057343       0.904475152492523       7.785832881927490E-002
  0.161321341991425       0.720981419086456       0.339165091514587     
  0.253464043140411       0.776874423027039       0.862850487232208     
  0.847141444683075       0.104408740997314       0.153445422649384     
  0.252954244613647       0.642371833324432       0.294033229351044     
  0.863875985145569       0.449717521667480       0.689111828804016     
  0.941853284835815       0.156526207923889       0.299103081226349     
  0.268702566623688       0.500358998775482       9.877645969390869E-002
  0.158080697059631       0.728146553039551       0.824072778224945     
  0.174870729446411       0.695601165294647       0.602796971797943     
  0.401395559310913       0.420761644840240       0.155428290367126     
  0.906672298908234       0.434661328792572       0.937061071395874     
  4.172480106353760E-002
