           3          12          12          12
   4.55000000000000        7.91500000000000       -5.20000000000000     
   65000000.0000000        1788361.00000000     
        7779         229        6970
   4089225.71428539     
   4179507.91208709        4253336.48351621        4233316.48351635     
   3760091.42857118        3838488.57142869        4014178.68131870     
   4708029.89011013        4661692.52747285        4412920.87912112     
   4465174.94505553        4412219.12087898        4259359.34065882     
   4096913.40659281        4547032.08791176        4621991.86813164     
   4502896.48351649        4567842.63736202        4562514.72527492     
   4530095.82417579        4559328.13186766        4605824.61538496     
   4669970.54945010        4660927.03296637        4621863.95604437     
   4408542.41758297        4287813.18681257        4285665.27472544     
   4328784.17582398        4385660.00000015        4484881.09890169     
   4531394.50549386        4596012.30769252        4688714.28571475     
   4731925.71428556        4674215.60439537        4608048.79120921     
   4549864.39560428        4698194.50549454        4807114.28571452     
   4485548.13186818        4441200.00000035        4338841.97802141     
   4323672.74725274        4257854.06593353        4401127.25274699     
   4446561.97802260        4434777.80219811        4344223.73626370     
   4169681.31868173        4236217.58241756        4284833.62637350     
   4330297.58241779        4383796.26373621        4317154.72527477     
   4443174.06593357        4593824.17582363        4391369.45054941     
   4349555.38461514        4244761.09890131        4054323.07692314     
   4321008.35164842        4599502.63736290        4662021.53846098     
   4664783.07692275        4641380.43956042        4784029.23076869     
   4852874.72527490        4570348.35164831        4628505.93406579     
   4674815.38461572        4578963.29670334        4499317.14285711     
   4493816.48351682        4514001.75824223        4506401.09890107     
   4406137.80219698        4334854.06593400        4084498.24175872     
   3860486.15384608        4050950.76923105        4108974.06593400     
   4068025.27472540        4095300.65934078        4248655.38461527     
   4285384.83516455        4283436.48351571        4013592.74725277     
   3864512.30769230        3643928.57142863        3644291.20879127     
   3601643.73626357        3950163.51648387        4217163.51648313     
   4303599.99999940        4248906.15384624        4337966.59340656     
   4407402.85714309        4419594.94505525        4159016.92307735     
   4231816.92307664        4157119.56043946        4049291.86813141     
   3852425.27472487        3830430.54945030        3905369.45054932     
   4145243.95604434        4283209.23076955        4167112.30769154     
   4141378.46153907        4055895.16483565        4000871.64835209     
   3790748.57142800        3856061.31868089        3924042.19780211     
   3936628.79120878        4089053.84615399        4196863.07692269     
   4267162.63736221        4260734.50549402        4428874.06593386     
   4500361.09890174        4559576.92307752        4532772.30769270     
   4511716.48351664        4572188.79120786        4563793.62637350     
   4748048.35164818        4749068.35164796        4628690.32966973     
   4528107.69230749        4468532.08791171        4314385.71428581     
   4374480.65934035        4505617.14285738        4283057.58241764     
   4332457.58241728        4424022.41758206        4326647.69230771     
   4191729.45054989        4138392.74725265        4067723.95604373     
   4057920.21978013        4039447.91208772        4048379.12087909     
   3792151.20879119        3990091.86813168        3999540.87912068     
   4029515.60439592        4026625.71428553        3931780.21978035     
   4183085.71428572        4304271.64835179        4320625.27472498     
   4287081.75824182        4319398.24175861        4488102.41758234     
   4503922.63736247        4284621.53846181        4090611.64835135     
   4037779.56043916        4038467.03296672        4063837.36263763     
   3877749.45054977        3789647.25274726        3963014.06593407     
   4115920.43956094        4054710.10989023        3940047.69230745     
   4080925.49450568        4214093.40659359        4168652.08791178     
   4301593.18681307        4368593.40659379        4235742.41758208     
   4217913.18681306        4071394.06593445        3985969.45054959     
   4171850.32967016        4187327.69230747        4221057.36263730     
   4317527.69230801        4282715.16483550        3879676.70329700     
   3820524.83516480        3896107.03296692        3997652.52747181     
   4015937.36263764        4024278.90109895        4143205.71428564     
   4201954.28571410        4071761.97802196        3902211.20879097     
   4002032.96703251        4107215.16483456        4138007.25274728     
   4130397.58241806        4075023.95604439        4113560.43956000     
   4081295.16483548        4065532.52747235        4211506.81318705     
   4186926.81318701        4129493.40659317        3944748.57142836     
   3936256.70329713        4061177.36263775        4460735.16483505     
   4485125.71428590        4396974.94505507        4394629.23076938     
   4380611.86813145        4449455.16483537        4439838.24175853     
   4399442.85714353        4541231.86813138        4542072.74725328     
   4440857.58241742        4505958.68131805        4620426.81318633     
   4502681.31868135        4227175.16483539        4255085.05494547     
   4302571.86813217        4325430.32967042        4408251.42857173     
   4371049.67032922        4333306.59340671        4394868.57142871     
   4526568.79120897     
   2801519.81611957     
   3172758.37776926        2959213.41623954        3104025.91545070     
   3097614.08871008        2563479.78393889        2461766.18733955     
   3125118.69064940        3258074.46050984        3233796.15077092     
   3450300.13894723        3334640.05020332        3068450.16871185     
   3049862.21364299        3350854.07214764        3225313.63916270     
   3219529.29849005        3152720.62253094        3184308.13638926     
   3190348.70859689        3632606.78974994        3124158.55806516     
   3266488.81773293        3206236.39824644        3357670.93739512     
   2885046.30725265        3347649.17388356        2921065.94690087     
   3032879.52957886        2915094.67755729        3048104.86666202     
   2927956.16898571        3065787.81935848        2882267.36372558     
   3080864.51622021        3396579.81250801        3287831.42779727     
   3286266.37075425        3584695.05051957        3671128.82443617     
   3120661.96900967        3002962.97510279        3219392.07327630     
   3255378.98634547        3142305.33210276        3082317.67047081     
   3282643.50082240        3118379.03026475        3127715.03218048     
   2877100.94763584        3033695.11207222        2877619.22843511     
   2729749.88955919        2897926.26858517        3032825.01551319     
   3020376.99009547        3054767.13769160        2740690.66056796     
   3485207.16965599        2958593.09121283        3035553.88928091     
   3457471.50065694        2861351.25841313        3305200.43717608     
   3194503.10484021        3091581.64798886        3436717.80882375     
   3403130.08598759        3126485.32558354        2902398.62401901     
   3181741.50896337        3057231.43902100        3242571.19893936     
   2814505.47277484        3000062.37283668        2884482.11799321     
   2823954.31509703        2940914.42873677        3032293.11850694     
   2650293.71892286        2912192.02550364        2804749.67377277     
   2906197.62144670        2766993.09804271        2902071.78482825     
   2941402.89749325        2918142.91345763        2652169.86997804     
   2804286.70434204        2996710.84283510        2642823.41291108     
   2647171.64418849        2731357.87783555        2914272.26415401     
   3304897.40445625        3236722.39732832        2952187.13826192     
   3011449.14311089        3155279.09970491        3383265.48014330     
   3219637.26158525        2987446.15875406        3005231.14125941     
   3186754.31583294        2946724.97838075        3011648.19584559     
   2839654.36757182        2924751.70156411        3152835.81380608     
   3056875.71479821        3300930.84892312        3171954.50438792     
   3091733.02302274        2787332.88416862        2772073.50905074     
   3364981.43152804        3204083.70224764        3169126.66969490     
   3132862.57873742        2966286.17783804        3170006.00383793     
   3206246.95040863        2984802.42183480        3134387.94708143     
   3148488.90546590        3539421.13572643        3017536.52597776     
   3172487.34645161        3228449.52966801        3319191.62513408     
   3157547.69778960        3055607.77959367        3254055.48483066     
   3090750.77706218        3075178.99867958        2903112.02745094     
   3057388.23994384        3151758.83018427        3274528.40702330     
   2993320.90569831        2962155.49781647        2896702.45929212     
   3220101.65452455        3014449.14979367        2980032.50183870     
   3064855.48570976        3126837.31925202        2868376.67632212     
   2813692.02578672        2980699.49776150        3090610.57572356     
   3006754.72263536        2895263.61422296        3253460.23997235     
   3234220.53565578        3445719.01150252        3229623.63565546     
   3194426.04558184        3178004.26868528        3296598.15744070     
   3144534.23168159        2862754.61439726        3040004.38068775     
   3238932.27340233        3238422.91189551        3076864.29532587     
   3152611.91518954        2889330.46161102        2779372.96016792     
   3348021.93444918        3024380.91401773        3175851.83505839     
   3052297.39212664        3159104.22167095        3301681.06742745     
   3016139.73852843        2531798.95695502        3026443.02924783     
   3058549.62711050        2951395.20555477        2901010.35634343     
   2965632.33088250        3412400.97908693        2744170.37676138     
   2831193.17153027        3067848.97026612        2817218.32271393     
   3100654.95874873        3128776.19645602        3116510.21844489     
   3152228.45505433        2913586.73255571        2847382.32101806     
   2868165.48425065        2995095.24861943        2712845.44676508     
   3078932.52786672        2810211.15042541        3037997.81324762     
   3077626.57350337        2834776.36206749        3242736.05430604     
   3130752.54764487        3029011.19676536        2705043.45463706     
   2942901.98562521        3118097.94545232        3070692.47691678     
   3066609.83349204        2973070.43608341        2986598.64789389     
   3000696.02747192        2995209.10051912        3061995.94166951     
   3035147.41522776        3166326.36887658        3033908.47857405     
   2887597.06196675        2983806.35954177        3373967.01456948     
   3177148.97997948        2982962.00533999        3207447.36595818     
   3014256.96590477        3144513.27450595        3010032.20765717     
   3081410.85538080        2932438.11318368        2952504.24647499     
   3012079.75891272     
   1015.76725527291     
   1013.24548179313        1039.17839259078        1142.41188833706     
   1036.11559980820        1011.86561538497        1064.66576833244     
   1165.68859081676        1183.37629908046        1154.60016088244     
   1166.29018166557        1102.24988656346        1123.91969547189     
   1028.65351730226        1158.93251500784        1159.06490445996     
   1070.29340627024        1098.59830941563        1161.44469218060     
   1188.53244674543        1200.00992313037        1176.82324420880     
   1114.82430174914        1175.45122861861        1205.18409462051     
   1155.58705432857        1107.60510024181        1139.39638450710     
   1121.25724865428        1126.13405071199        1132.70558135526     
   1099.91225580017        1104.86203121939        1125.49265606899     
   1201.09148796373        1174.28522956900        1122.49978664519     
   1121.25837347113        1223.41527486270        1246.33593175603     
   1219.47678466854        1125.24833234303        1155.93770037616     
   1132.96307554027        1068.91602491693        1091.13551518216     
   1209.06517174509        1159.62673273598        1133.68774084015     
   1100.52222397943        1078.62613833153        1097.16307760416     
   1056.99283320196        1100.79302492844        1120.62293854108     
   1126.08269064599        1135.34921815120        1076.43100768471     
   1084.33169725744        1102.17808204486        1071.07381374935     
   1150.02729299854        1222.86668817827        1189.37425275489     
   1143.91247935410        1150.44696456265        1154.51537638772     
   1254.64959968079        1145.23673207050        1124.80472109136     
   1165.51836188537        1178.73232037329        1211.78938372571     
   1104.17784087267        1078.86379962827        1155.00585803179     
   1126.27378565167        1025.77659947091        1088.92630713686     
   1053.35220283940        1034.52929988028        1081.74505845640     
   1040.08490873203        1071.92861060870        1194.31485257157     
   1127.61850186832        1137.66595757929        1001.77327088711     
   1077.76961071262        988.320271839968        964.310088471229     
   958.526440503102        1025.10452920009        1104.72069635119     
   1146.08032605594        1116.76016222879        1098.95153218029     
   1089.47075850157        1173.45721377822        1095.12686583412     
   1088.34504294469        1097.28359302737        1029.44279408824     
   1039.04451702600        1040.68189780203        1036.09498682320     
   1071.76243143631        1063.08378690447        1145.14509910297     
   1162.14403507477        1085.42493389419        1094.59533759675     
   1007.89503620174        1076.11629468965        1107.85714367499     
   1077.94834601457        1107.05126835731        1156.77188938018     
   1153.34507193628        1142.20284887060        1180.47293944396     
   1186.03792097504        1180.41101968269        1178.88095688081     
   1135.76131278769        1180.62295479247        1185.39717470867     
   1222.92330009816        1179.12912040263        1155.08813417411     
   1161.49596056581        1103.46943690576        1145.59049363949     
   1144.95221865113        1187.35046444858        1126.16337985930     
   1099.77337027775        1194.41525761441        1122.08233848573     
   1105.02384621174        1107.50424397209        1064.39191666104     
   1046.56430127089        994.326857753696        1100.99017216738     
   1037.98782031611        1105.40936268638        1049.63426180257     
   1086.93732839755        1085.46175269211        1123.39026146922     
   1142.38533688828        1074.19105748155        1123.54264777122     
   1136.85079076535        1122.15076753845        1101.41788349695     
   1118.05556996805        1090.43686003268        1096.79565053305     
   1090.46948322444        1078.27978286759        1090.03123090226     
   1065.65877378247        1111.68083672386        1102.77534091288     
   1066.83597561499        1116.45738478800        1104.93364425259     
   1100.25256610088        1142.32006419530        1073.50895081278     
   1100.44886015212        1168.56589916311        1235.73248138859     
   1184.76558999781        1089.62462208062        1056.30202078393     
   1075.90911889212        1089.43693787116        1068.20186469187     
   1042.92813744734        1168.59770789283        1110.41706075798     
   1018.57545567570        1062.84631568342        1134.32316270505     
   1065.24349038848        1118.07449648354        1070.23991831986     
   1052.23544242780        1085.64844363930        1028.43774599100     
   1087.32576947703        1025.41140207000        1154.75365078486     
   1058.31738613803        1059.46099430695        1099.52694956964     
   1154.19587544278        1136.29395937933        1185.31896023534     
   1081.26708039201        1108.17101783094        1076.85889624604     
   1033.71775250504        1110.01770307060        1108.94469271760     
   1106.86974468036        1121.86937308404        1092.53996689867     
   1179.69442837773        1148.62028885946        1157.14924094075     
   1127.12097724476        1169.13188952815        1157.82105396646     
   1061.34659479053        1105.98213296907        1219.92555728876     
   1145.05177408572        1104.52220446248        1106.64442485716     
   1160.00288180429        1089.98798517418        1176.38752204746     
   1176.28878488057        1113.94913481239        1128.09160221414     
   1149.54449907400     
   218085.000000000     
   208.827124376877        222.619493790820        3471.71424977915     
   36.9613694176030        448.744740342375        3716.89888185408     
   498.064307589985        2402.84126481393        1710.60186651454     
   13.2304425360265        116.943692869151        368.724675533356     
   15.5158914051658        7155.38396312119        6232.43584007948     
   656.661878655760        400.876118615357        1681.03780316146     
   248.254262482652        8956.45605698034        57.0020302352482     
   1232.98918119023        567.416148686912        464.344501430812     
   4748.89017360080        343.718929466057        3.17027402765009     
   274.660632260579        2479.33460944140        180.948841657541     
   245.285275694853        1622.70224496220        3.46801140326273     
   1500.10992892473        146.365177760676        236.307026100675     
   2.29383583746640        1780.23467105043        2479.72460346861     
   677.797038840094        1398.91696257391        233.535133068563     
   593.231237197777        130.094459206070        714.942921560894     
   3.63994425396862        275.478361672473        1155.95487710567     
   11.9346559294870        1778.49437512255        54.4943267054403     
   8.88599294258007        1231.26985268318        2.44899475151806     
   749.899805548316        1141.63832217128        772.125271615175     
   171.521889257862        337.432896704884        553.510555200553     
   3509.44302679868        2277.71608434168        2463.44969142984     
   146.985813416883        519.497205149931        3456.80222009354     
   2828.05217203042        1211.54370317780        3054.95740663640     
   482.560996637310        1082.46826062347        172.503164552135     
   627.626194307283        667.904609698260        44.0483576540165     
   381.149969109979        165.718107175498        1049.35650966802     
   1833.86094653401        1042.86080269866        674.878373862258     
   6.09732597381379        3837.60413001794        605.882978919233     
   14.4088115859864        382.621882051388        5132.94622723612     
   1491.49651245279        745.806965004683        10.4753234405687     
   15.7675004549793        7439.31219538323        2.24770751166726     
   107.785123455939        1697.31271520023        2783.46704840347     
   229.241005285079        2731.39236206040        229.907769267085     
   1229.94051820333        1573.66364115355        694.524847168528     
   322.596349734214        85.8867491538379        380.902553544329     
   763.528629079880        426.775076809493        773.949437226323     
   173.278959122393        3645.05191767983        3307.18289862194     
   6.66763982005772        718.469641742446        108.317695944711     
   395.302978161988        1389.97645433720        565.160054206918     
   528.949318454592        937.939828926434        1058.18379383231     
   3746.73971516196        514.779535465928        389.205652188174     
   48.8331230846366        722.684093326822        3379.27308487767     
   37.2171719515800        39.8758409112760        1600.02388260568     
   111.467002551544        62.1684027247520        511.265395736866     
   3706.75903714659        153.871514413445        3703.94520927285     
   1591.13788966310        5.21669429946654        1057.56735166026     
   127.704173232841        8087.80936037254        1392.57222103445     
   17.5329572878373        16.2413641654614        2576.22925452458     
   1007.07780233102        121.707490878953        20.3174307724400     
   511.223460895231        283.227920406729        842.194198504071     
   1205.73572761127        16.7236148442706        921.794914896735     
   406.927316263372        2239.17796487858        732.777809708507     
   5.61507529500458        4164.57847721891        151.867028983264     
   2109.30576033318        333.973272269948        1854.20773169560     
   2109.78801101199        95.6324063499474        220.258562206737     
   583.883960997206        1566.07343481751        529.750273929831     
   777.488737860366        5.27540307775636        2730.69205020509     
   1304.87808020611        1423.07981832433        478.317190663789     
   1819.13762363576        494.650811480848        1584.60444133627     
   66.3534999199832        390.782402233672        1242.84806245876     
   2776.50167120780        2545.58746574146        949.413201597930     
   8.18148760310227        1800.24178399477        4661.84602281782     
   91.2460219148654        618.564075029833        228.930687456976     
   245.926878771877        1323.14489722257        7.90052416414387     
   1835.29511811795        72.6437261653207        1619.25520097975     
   1080.05700722943        250.606807098409        1624.84511536978     
   84.4945124115365        276.828663573139        3272.50278458931     
   3.88735981961856        709.738807713918        162.983955500858     
   380.806103408567        356.836147929668        2725.56341907305     
   660.599560285341        2722.55669092778        28.5031118597059     
   200.498864828050        154.374732513072        2.98156724028996     
   30.2895361133817        929.951241594856        1892.95971885104     
   202.834635507152        2724.64085255707        2811.38307248028     
   1671.03634343137        1591.86336242339        2489.24381251989     
   4.23961248935746        48.1579721343037        183.485899576494     
   1370.40127026171        336.158077519162        2754.47329889663     
   513.546651121842     
 ------
  0.000000000000000E+000  0.000000000000000E+000  0.000000000000000E+000
  0.000000000000000E+000  0.000000000000000E+000  0.000000000000000E+000
  0.000000000000000E+000
  0.000000000000000E+000  0.000000000000000E+000  0.000000000000000E+000
  0.000000000000000E+000  0.000000000000000E+000  0.000000000000000E+000
  0.000000000000000E+000
