           3          12          12          12
   4.55000000000000        7.91500000000000       -5.20000000000000     
   67000000.0000000        1342475.00000000     
        7779         172        4487
   2930432.74725286     
   5129726.37362697        5158562.41758246        5192118.90109897     
   5062218.46153826        4742574.94505490        4650942.41758200     
   4670804.17582443        4631146.37362563        4695005.27472499     
   4710171.42857157        4721249.45054944        4665733.40659385     
   4775009.45054953        4831005.49450636        4852336.92307742     
   4758712.08791263        4404204.17582433        4189825.05494510     
   4224880.65934049        4051251.86813160        4306533.40659367     
   4692924.61538441        4703391.20879151        4745540.21978023     
   4727261.09890098        4566085.93406667        4566328.13186827     
   4611654.28571396        4777053.18681309        4854048.13186892     
   4736683.51648359        4590536.70329643        4440194.50549455     
   4481368.35164853        4639354.28571456        4880205.93406574     
   4799662.63736249        4499237.58241734        4464790.76923056     
   4433747.91208835        4268444.17582415        4173267.69230754     
   4181414.94505469        4168058.46153828        4214949.23076895     
   4413039.12087899        4715913.18681334        4693978.46153875     
   4602500.87912079        4560396.26373609        4631424.39560437     
   4649412.08791189        4633825.27472512        4471242.19780235     
   4474249.01098823        4644414.50549415        4657400.65934072     
   4681632.96703295        4746209.67032996        4838159.34066023     
   4834626.59340712        4828316.04395578        4811833.40659326     
   4739475.60439583        4748053.84615351        4823944.61538432     
   4764356.04395581        4742107.69230801        4882646.37362671     
   4946759.78021983        4975607.69230837        4887466.37362624     
   4856462.41758237        4683694.72527438        4718084.39560463     
   4798588.79120853        4379586.81318719        4222805.49450543     
   4165264.17582421        4148880.65934080        4257668.13186830     
   4247958.02197792        4538912.52747291        4751918.24175726     
   4872764.39560409        4975017.80219770        4869972.08791147     
   5183282.63736196        5108877.58241846        5174067.69230783     
   5277241.31868123        5211949.23076961        5219603.95604393     
   5223404.61538422        4952049.01098941        4961165.49450491     
   4971767.69230801        4894471.42857131        4876006.37362690     
   4986654.06593355        5398527.25274686        5220276.92307745     
   5043373.18681343        5007327.03296723        4884074.50549484     
   4756450.98901086        4654022.19780193        4531693.18681285     
   4362230.54945038        4311012.74725304        4217836.92307664     
   4384043.29670311        4415784.61538452        4456775.82417583     
   4544026.59340636        4637345.71428520        4964139.78021982     
   5253655.16483496        5293984.17582387        5031673.40659376     
   5056191.64835222        5292666.37362645        5104482.19780271     
   5228054.28571459        5432689.23076917        5406492.52747219     
   5406736.70329730        5145210.10989046        5054106.15384662     
   4834591.20879066        4645656.04395668        4630121.75824128     
   4636388.57142859        4668216.92307716        4640582.41758221     
   4735486.81318689        4875268.35164837        5037886.81318668     
   5067674.06593422        4931543.73626348        4859930.54945083     
   4740967.25274726        4660145.05494457        4546209.45054896     
   4566033.40659319        4835844.61538428        4986022.63736269     
   4940727.03296726        5015650.10989036        5015235.38461622     
   4921717.80219784        4774195.82417566        4761474.06593457     
   4677707.03296703        4601564.61538422        4710454.06593429     
   4739773.18681317        4749640.65934064        4941345.93406558     
   4854312.08791266        4770496.48351641        4678225.71428543     
   4896531.42857155        4804444.83516482        4775896.70329613     
   4784033.84615343        4793028.35164891        4786500.87912051     
   4780843.73626413        4701100.87912153        4789756.26373624     
   5042352.74725296     
   2175045.23397499     
   3210806.28634746        3399019.64417131        3346147.81413918     
   3162114.42470807        3362479.08480763        3050650.30561727     
   3168933.47450240        3289271.14791236        3193039.24767644     
   3279148.91665030        3235845.82887932        3212999.89278532     
   3399348.95484701        3273207.20809751        3235958.48654676     
   3191146.17325796        2927505.02369068        3021046.94169260     
   3281486.70691558        2858598.36145298        3055258.59616889     
   3288046.64343775        3425369.73600231        3019518.96066378     
   3247945.31269080        3361525.60821626        3430275.41085198     
   3002122.96435216        3118179.05979457        3241407.19565481     
   3297434.77055960        2955941.28151746        2839271.12688055     
   3193018.78809060        2993794.78340950        3329681.52471343     
   3258282.90302318        3303463.26226174        3065976.44467333     
   2998581.28350729        2846168.04314184        3156870.87054164     
   3070691.79526857        3350870.91959218        3121660.24554693     
   3194652.63912773        3345572.31013437        2948156.04818225     
   3339211.47895199        3191523.12367581        3385897.93382205     
   3239170.80880137        3006425.27647959        3080741.55576265     
   3466090.55555904        2960024.53778909        3207153.54694531     
   3352741.90184169        3423594.90169934        3072425.82578902     
   2894979.13968241        3303192.26609140        3306012.26137797     
   3339965.86722458        3124819.97748502        3242208.51892926     
   3070267.08006179        3177147.89769197        3614427.28583551     
   3714592.06383746        3163459.57197217        3526910.53611520     
   3066422.31130102        3419431.19610625        2895778.24859769     
   3066922.47121690        3075125.39462368        3083194.13534139     
   3223073.32324268        3331162.84541011        3081440.12639106     
   3158418.99256149        3110736.37158244        3093450.69962807     
   3392196.32265128        3154179.57654241        3001824.65177184     
   3356587.10464831        3574146.83584728        3411847.05780880     
   3506909.41602082        3370234.18443499        3514506.57879794     
   3292066.80102230        3363888.08230542        3500229.32511988     
   3311934.12025908        3293638.39394603        3085326.03251816     
   3401227.12361314        3228320.71103161        3179931.63296824     
   3377961.41720630        3217413.83481575        3274732.68746310     
   3195559.20698497        3433711.84862506        3260304.31226667     
   3054817.76816545        3156425.59349152        3238885.60384369     
   2854301.98581410        3287135.91192838        3124654.32649654     
   3321346.44392752        3450838.96596998        3449709.54304201     
   3337271.76741090        3274998.13309316        3997444.22508328     
   3558426.90303161        3510600.17800754        3211362.87221541     
   3332786.38618166        3410000.12074545        3212790.27695790     
   3481838.12774033        3461775.30644939        3563263.53257453     
   3387544.69264188        3502176.24714832        3388289.09257762     
   3198790.84146950        3537676.96550749        3510150.99346449     
   3758102.91616282        3388927.20660020        3372103.46598439     
   3410842.40409460        3058352.29773276        3033096.01768103     
   2949667.72625870        3175916.38079355        3414645.85792687     
   3173895.94022050        3372343.23834947        3328702.60435018     
   3290310.31240791        3310527.02119739        3375734.61006992     
   3203722.98857707        3239570.56897283        3269774.30387095     
   3143052.08541566        3572837.01524038        3337419.19457251     
   3269445.04865196        3164561.96404612        3261729.39565473     
   3321717.53457676        3181178.14635593        3169206.07603710     
   2846190.82266958        3481002.52015755        3098670.31352390     
   3181394.24901808        3262834.67709333        3327537.81667327     
   3146250.37316073        3228259.69303265        3141850.65766014     
   3503470.70783858     
   769.899151132037     
   1234.41014588385        1320.44573841931        1251.52455063195     
   1201.05998808878        1202.57290440679        1167.82094584810     
   1235.69879834106        1241.06410461441        1187.02295371333     
   1204.90029447571        1212.76916641723        1213.41657709516     
   1205.91793247746        1148.31493540461        1186.68279833374     
   1144.88139519552        1142.26106210122        1064.18781514034     
   1125.78787422331        1001.32808451101        1113.85122749394     
   1225.79148467647        1227.35048675853        1189.99483591395     
   1252.80019767834        1145.17035910347        1197.66908174383     
   1160.04848827899        1224.90947497206        1223.75157657941     
   1232.33105025896        1243.80195520575        1169.58209459675     
   1137.86840822315        1177.34714543592        1204.44689793547     
   1266.55726244839        1154.54620329515        1191.91202589120     
   1118.36200630459        1071.36640658894        1075.55470001497     
   1124.37018991118        1095.46159735337        1235.23989575763     
   1184.73677548647        1191.87232616250        1182.85780031765     
   1194.49406582109        1126.23816087625        1175.54167111211     
   1145.78224859131        1108.33534998892        1186.39989867908     
   1181.03529484088        1189.81863909773        1236.41226105824     
   1232.82206159823        1201.75654811530        1197.66028290976     
   1149.99003071950        1143.76328001120        1168.34566134124     
   1202.29420890182        1097.80524492612        1208.19180695408     
   1090.54199141895        1221.39962232080        1229.51390929538     
   1282.31511344326        1232.22760840918        1231.35034856671     
   1228.44195611402        1156.50540496216        1204.92104215831     
   1182.99825854443        1154.06249587354        1153.27944271858     
   1178.51005495399        1093.23755218630        1195.54209940431     
   1143.07192985290        1187.54616842673        1236.71877080847     
   1195.98431828630        1248.79741269289        1170.58275955889     
   1216.94260100032        1256.86087244416        1276.38221787950     
   1314.27970719716        1243.57973612357        1227.41071933246     
   1229.04139115654        1239.63742165856        1229.08698883562     
   1215.18479394090        1240.58736717111        1252.80404995228     
   1151.60980936601        1279.84727704154        1232.89378063833     
   1176.71420638525        1237.20509798879        1289.87948890356     
   1117.92396262770        1252.61906741787        1222.28122517394     
   1162.10494310666        1159.38565685820        1159.08219406659     
   1154.21678350583        1116.15643312404        1201.64748522346     
   1233.58676832037        1164.95590320027        1222.08884821915     
   1240.67146435869        1334.57858716943        1215.61815306891     
   1229.47907323465        1280.07528518654        1270.96853437713     
   1272.89537581016        1379.89809311986        1230.77984636562     
   1256.93089014575        1261.80196939993        1216.22155129829     
   1276.02836272611        1135.02301257331        1198.54374959799     
   1256.41329008799        1268.48584304420        1200.27683449506     
   1253.00733117931        1228.31160883407        1289.03275141558     
   1261.66137313574        1242.77673314784        1235.02612551917     
   1191.43800102754        1227.02664003575        1148.22079623193     
   1164.54446985228        1177.47396465107        1243.28713306368     
   1223.19900958559        1214.89468300655        1266.39153158983     
   1188.82140269518        1205.21138527124        1161.97041731571     
   1188.30593354321        1198.73073334031        1312.68447514124     
   1159.40065938132        1193.46236582662        1172.88589706986     
   1158.21090692764        1258.96866577558        1222.28196133780     
   1219.30039789950        1169.53619458187        1233.28354710208     
   1176.61447977687        1242.15732976358        1209.95123036112     
   1239.58599733825        1187.02350683529        1168.70315856379     
   1312.65665656027     
   59777.0000000000     
   1692.00376424916        868.504118146236        524.860671395122     
   1516.74128711741        1836.25961947557        1869.75717097407     
   2414.22238083383        132.753128165766        129.570273685625     
   96.9156125039962        202.302063018380        664.017249878641     
   2314.91228887244        9.97629882510523        948.687728837634     
   1042.43726079814        4036.46753602220        8.37438787462596     
   522.357161349478        2413.21594463458        3475.89096000605     
   1398.26697252856        711.692971334136        3609.76374844349     
   8207.64655731455        1542.61508440656        2802.53062741100     
   289.966849457567        1307.68352111153        441.615817264326     
   1993.52366257733        6630.19200647715        2775.30233473702     
   1819.00343214253        1543.64248802663        1810.13421313660     
   1660.10812370114        4.71347619983955        3006.88330418536     
   358.807085486540        797.063921935856        446.153167129296     
   1037.03185971132        3101.09831288803        552.785082440257     
   11539.6506887006        85.4254658958465        2266.10852017695     
   995.742814636922        2889.17220371428        1829.69681675960     
   13.8468847080696        484.678706139907        508.858335826984     
   102.643911871417        1627.57088007609        2020.14390004760     
   3.41349610913647        699.947022192009        2475.23338192944     
   6.94860325901613        1382.48689162109        1643.77030939992     
   712.321993958670        481.797782519542        1314.19180853338     
   305.398871179461        2749.76401618095        3112.79813370436     
   1554.48683807360        1.61449140296995        985.053623504012     
   1581.35029762535        1695.08178162522        381.242225761577     
   5783.33884706736        7619.03234618085        1052.69032957804     
   3.62736380147794        52.7917721350356        396.523282053584     
   207.518757317847        2248.73072180317        32.9146571997692     
   3683.22101053654        1364.29136383541        6285.25696660366     
   674.702247527388        271.607775789509        882.585837967464     
   7187.30057109003        18.9042266093209        4.31090172013795     
   366.246326392693        709.004947985295        393.747195537308     
   172.817675864402        573.639279185633        2432.81628961505     
   6.03023022719686        1983.45930058479        2346.45987023489     
   2196.21571962293        1454.87062176827        690.834581104597     
   2366.73117268153        1836.51122852538        2970.19870472256     
   2636.56929815402        1531.37654684823        2061.28197969211     
   1173.26138624867        1187.09569050425        4.88540905054544     
   1966.12763053681        9.64501357618413        2627.34782647836     
   2818.19748424606        2737.22130504775        3113.09167759581     
   981.627546942385        5175.90008552345        8724.87508753200     
   10646.1030831296        373.563956258102        4.60025212742347     
   2008.72084918607        407.719884770284        1228.28409195872     
   2218.93601682108        5.66539710496729        9.07050624577664     
   33.1201379237836        5.49765773842495        2841.50486922711     
   832.817567914354        836.243644475982        2611.57613253921     
   82.1880961215794        456.448170750832        180.256916770554     
   631.215816751288        2989.35873386585        497.892374739279     
   638.474737838408        3910.16398649999        3434.88287837062     
   500.366530395778        909.826711093939        23.0767433520614     
   2073.45985770308        1641.61905202401        5.55636651671477     
   323.921490729899        67.9512173862990        1425.99848330217     
   1623.95609672710        667.397198114470        1568.00243753274     
   634.369316842284        280.091194252387        3167.55245642794     
   817.498770264876        833.668845199557        8.92373430005210     
   558.941117192361        4.46186715002605        16.3881361111859     
   1209.33373702360        460.469722063684        3827.92976205261     
   511.722485510694     
 ------
  0.000000000000000E+000  0.000000000000000E+000  0.000000000000000E+000
  0.000000000000000E+000  0.000000000000000E+000  0.000000000000000E+000
  0.000000000000000E+000
  0.000000000000000E+000  0.000000000000000E+000  0.000000000000000E+000
  0.000000000000000E+000  0.000000000000000E+000  0.000000000000000E+000
  0.000000000000000E+000
