           3          12          12          12
   4.55000000000000        7.91500000000000       -5.20000000000000     
   56000000.0000000        839661.000000000     
        7779         107        7308
   5330107.47252715     
   5426286.59340698        5428740.21978055        5442543.51648382     
   5438032.74725192        5361607.47252724        5261922.63736342     
   5183747.91208772        5322777.80219766        5466415.82417569     
   5371553.40659259        5346666.81318691        5561739.78021936     
   5675710.32966973        5447901.75824201        5496517.14285720     
   5571648.13186718        5650614.28571435        5633478.02197853     
   5682076.92307655        5792934.72527467        5909646.81318694     
   5741333.40659384        5793463.73626334        5711751.64835076     
   5393535.60439492        5459328.35164954        5226860.43956099     
   5194267.03296698        5315676.70329691        5326759.56044062     
   5448598.90109842        5426469.23076955        5170843.07692316     
   5255216.04395562        5227651.86813170        5267798.46153902     
   5287396.92307671        5203905.27472609        5132627.69230663     
   5195597.58241718        5423146.15384579        5542103.73626379     
   5691091.20879114        5790519.99999964        5808223.51648370     
   5754018.68131803        5695130.32966978        5475773.84615334     
   5416728.57142879        5230055.60439541        5167561.75824245     
   5130792.74725310        5083532.74725242        5149524.61538475     
   5118339.12087872        5192518.46153753        4900345.71428551     
   4832018.90109897        4925187.47252738        4934746.37362596     
   5101499.34065983        5356449.01098955        5465278.02197822     
   5358270.76923041        5209825.71428653        5178951.20879062     
   5133244.17582348        5249606.15384692        5473578.90109824     
   5562218.02197755        5424098.24175816        5318113.18681308     
   5355797.80219788        5411271.64835150        5099192.30769206     
   5211418.90109944        5049115.16483511        5120837.80219738     
   5203018.02197823        5290959.78021952        5202463.07692342     
   5211167.47252723        5117180.21978003        5253509.23076874     
   5396307.03296695        5456878.24175785        5346618.68131926     
   5008652.08791169        5024005.71428567        4989386.15384588     
   4938218.68131852        5044608.35164884        5002992.52747162     
   4859561.53846125        4804084.39560414        4812782.63736266     
   4920729.89011038        4793239.56043974        5075741.09890158     
   5241239.12087947        5258623.29670329        5210253.18681272     
   5229586.59340702        5318801.09890116        5391467.47252728     
   5365139.34065930        5484711.64835160     
   3239665.50126940     
   3734905.12693825        3346801.42629404        3350693.66725667     
   3448464.86474214        3028928.47526673        3506656.30310921     
   3426748.48946537        3302046.70117569        3541605.33011547     
   3210562.49310857        3451037.98327992        3102656.60866573     
   3328781.24996694        3359200.67544785        3708836.07267713     
   3546824.71872341        3376823.62014814        3560993.58446985     
   3476573.10030879        3376631.19270440        3496023.39401100     
   3564865.27532678        3318944.44233183        3753313.14330125     
   3481961.79058381        3120092.07991572        3311353.88748323     
   3308163.57141084        3562483.41331927        3348331.88287017     
   3489624.31775505        3053483.12918455        3166871.04351160     
   3275486.90859788        3304172.77101773        3319072.54048475     
   3214492.65941388        3390453.68853174        3364223.85921170     
   3170911.32617836        3378126.89000708        3364256.45535958     
   3398969.47104901        3683994.17675907        3017014.69800680     
   3537594.75568586        3403097.50389443        3267473.17057211     
   3587814.64103473        3222511.88076136        3140808.69274189     
   2953721.85570985        3330944.85370434        3507901.82466676     
   3586377.64642600        3462595.46755929        3090377.65624476     
   3087334.26448863        3373566.46722025        3311998.85501358     
   3489222.16091032        3280114.48280666        3732061.15045637     
   3735463.15821743        3710527.27799497        3460021.46820651     
   3606148.32686121        3320789.18758803        3511871.91246499     
   3574731.85693461        3721951.81303695        3566970.08812612     
   3612310.51457798        3589158.67853678        3038210.72181846     
   3229590.31579192        3060451.08617344        3301248.10164874     
   3481383.86805406        3352243.42891824        3034885.61075621     
   3388564.29599026        3487185.85481237        3650120.16653885     
   3289488.34135142        3199517.58777266        3429780.32956909     
   3645871.85079183        3417847.06141305        3488692.08975132     
   3051249.05763802        3097355.60374239        3228042.52684539     
   3414214.16413159        3192898.31339380        3558309.56846155     
   3466987.71729908        3022062.13072024        3388796.72217152     
   3645490.24052682        3655108.55792486        3425084.48341350     
   3552595.44739906        3663941.78703418        3546748.76060597     
   3453615.32236166        3759403.67428431     
   1200.67512591633     
   1289.12057408122        1304.49382316717        1343.24041327426     
   1316.21889842818        1283.53752909934        1241.84268413093     
   1251.98294800560        1290.71534682628        1234.76262114629     
   1307.09833955957        1262.76332763802        1367.29441397934     
   1355.00797903939        1292.08727245137        1321.13317295959     
   1368.34250772049        1284.17257851811        1328.30875623584     
   1315.45815365395        1345.57183991204        1383.83217733161     
   1333.07137600537        1380.38210784004        1329.31237056867     
   1342.88910183657        1304.04402799171        1275.88496813459     
   1294.27696435006        1314.78449786181        1309.72584894872     
   1243.86876406098        1319.28301754771        1278.25646067276     
   1277.84346493112        1356.97032874966        1264.60850783854     
   1247.56058195297        1259.59398407655        1310.14821854079     
   1369.33982447101        1335.81945041942        1297.68574198771     
   1347.71657396627        1309.04076538044        1384.94913676979     
   1375.91260816294        1378.63585901692        1183.39892324512     
   1172.45451128831        1273.84329678425        1263.72684871444     
   1288.37467577828        1211.66463458606        1297.32456236596     
   1236.31787308228        1274.77299174729        1280.57818965066     
   1258.67820752986        1368.47552013852        1203.42990033947     
   1301.55459834378        1258.01057542986        1226.79503182408     
   1312.02961593690        1241.41411850023        1262.98580681484     
   1278.58599711462        1229.46524165012        1296.55614842448     
   1325.50698478805        1278.68629567927        1312.33419234713     
   1258.61629156476        1311.23498112188        1274.96044682233     
   1255.05713916675        1215.48559663184        1256.48604599853     
   1324.05908676492        1234.24533310322        1205.46084480125     
   1190.77777452833        1295.67922056823        1301.44417183926     
   1298.83411263169        1329.27750447775        1272.35964652106     
   1303.60959674389        1282.36264877832        1259.08341036680     
   1255.07509979580        1172.97281142846        1232.99189784135     
   1243.16705850289        1233.06323089539        1201.93843304718     
   1196.84482625657        1225.54683327104        1326.64708466499     
   1333.50576412269        1295.42290831721        1336.05292575383     
   1253.17413099354        1323.34007456929        1284.61901159624     
   1313.04828630722        1389.81322360661     
   174119.000000000     
   2742.08994016164        754.915212607932        6213.15000641127     
   874.567896246741        126.521610698718        3406.19105972355     
   395.810389745779        900.831687563107        1736.68953149604     
   379.602573453626        551.560585064498        2409.47116327652     
   643.339179468136        1477.16737706591        756.936471974767     
   946.691630375781        2647.78267480737        1302.02651097489     
   1761.81688860408        4001.09549710259        2567.85067316579     
   2337.55710335566        5.74087981991133        9963.76030745619     
   3269.29057572003        831.974677597479        6665.59339978590     
   1601.75159808106        247.889429360423        4.18929067939476     
   4473.83954731301        7521.47093711567        9217.56754190846     
   768.116300754813        1286.98448328021        1057.35767745208     
   1297.81625287468        1195.54136760966        42.6057991017525     
   1045.41463455427        1291.92440762488        1614.91913835463     
   502.123600260309        2048.36604846835        1444.34078303357     
   415.377186852942        2552.52348854798        1143.78119257886     
   5796.77896381157        8923.29398421492        545.752609497970     
   293.434860860830        6072.74376964701        393.172688206901     
   880.908444302041        1342.65717903561        758.676767902644     
   415.502991377849        28.8050427194821        2678.67187915615     
   1168.82887348779        2774.71105346996        9.11663457157578     
   1088.44816904071        849.180543120559        19.8184061569766     
   1449.71682973125        8670.59043503474        1278.38784074492     
   434.704955362782        1610.84307174766        656.188014945278     
   1305.17162409756        4524.42135329385        4580.58468669638     
   522.503933295203        1248.65603802529        3120.57285334359     
   325.083085843204        408.327939974000        705.474034319579     
   1219.68325593926        6710.84528739486        2396.23233377217     
   469.146040798087        5758.96631710876        14412.3047582946     
   544.368759723996        13.0710901378113        206.768123652570     
   40.4755091466649        753.619426001392        2893.29020516290     
   735.834859663741        88.3609048103373        122.445544091739     
   899.192035255155        1173.80653918994        12397.3901329990     
   1278.34171241912        6.47893303269760        122.864892508095     
   774.771360122380        1913.21844084519        66.3367259833290     
   1733.14603737783        8527.22779193517     
 ------
  0.000000000000000E+000  0.000000000000000E+000  0.000000000000000E+000
  0.000000000000000E+000  0.000000000000000E+000  0.000000000000000E+000
  0.000000000000000E+000
  0.000000000000000E+000  0.000000000000000E+000  0.000000000000000E+000
  0.000000000000000E+000  0.000000000000000E+000  0.000000000000000E+000
  0.000000000000000E+000
