           3          12          12          12
   4.20000000000000        7.91500000000000       -5.20000000000000     
   71000000.0000000        2371037.00000000     
        7180         330        1637
   949362.857142857     
   4055492.14285725        4380127.61904798        4560724.52380991     
   4608425.23809518        4635877.61904770        4627124.04761967     
   4618197.85714295        4701908.80952369        4789072.61904745     
   4848514.76190450        4839107.14285748        4839694.28571447     
   4818088.57142877        4489826.90476187        4419154.04761839     
   4509072.14285779        4538265.95238147        4549595.23809533     
   4412278.80952397        4428691.42857115        4489746.90476193     
   4488938.57142870        4452745.47619058        4411687.61904750     
   4517934.04761939        4518399.76190486        4583408.57142892     
   4646770.47619046        4643936.90476213        4657713.80952437     
   4658306.90476168        4486529.52380944        4413254.04761902     
   4390356.42857112        4355201.19047607        4340883.33333370     
   4293199.28571458        4292307.61904734        4272251.90476184     
   4342320.95238080        4340235.47619007        4363357.14285733     
   4367634.28571432        4453713.09523776        4450384.28571489     
   4404315.71428591        4271456.90476144        4263372.38095276     
   4228339.99999979        4233565.95238095        4165240.71428578     
   4142126.66666631        4151498.57142838        4262622.61904736     
   4272381.66666606        4267715.71428565        4272496.66666653     
   4289945.47619078        4299924.52380928        4192033.80952385     
   4212273.57142825        4273700.00000007        4342027.61904797     
   4521628.33333346        4491363.33333323        4450728.57142887     
   4453329.04761875        4475703.33333304        4610155.95238076     
   4775066.19047637        4797070.95238060        4866221.90476174     
   5094236.19047621        5068718.09523814        5046192.38095222     
   5038439.04761926        5033571.42857162        5154985.71428562     
   5010622.61904736        5165808.09523784        5168030.47619048     
   5234929.52380973        5348321.90476138        5348907.38095265     
   5280782.85714279        5409873.57142819        5432360.95238134     
   5415730.95238102        5440289.76190502        5447688.57142838     
   5389912.61904717        5442663.33333350        5411176.19047546     
   5396069.52380938        5370660.23809586        5333396.42857141     
   5342015.23809559        5111315.47619010        5324620.95238117     
   5314746.42857156        5261498.57142837        5128352.61904836     
   4981662.61904812        5150895.95238158        5167286.19047590     
   5143592.14285718        5079286.90476201        5048823.57142867     
   5149171.66666611        5163989.99999927        5183215.71428578     
   5271648.33333357        5361898.80952401        5390026.42857168     
   5424464.76190414        5422297.85714272        5364911.19047662     
   5114356.66666618        5157794.52381015        5168063.57142914     
   5230152.85714305        5224703.57142898        5266750.00000065     
   5292794.04761859        5291787.61904748        5271430.71428561     
   5113658.33333322        5067559.76190445        5072499.99999996     
   5075283.09523843        5042845.95238097        4867908.09523805     
   4759336.90476172        4794924.28571424        4800735.47619032     
   4795556.42857146        4790446.90476166        4808604.52380932     
   4834134.99999950        4845200.23809539        4945384.28571425     
   4988058.57142883        4948450.95238082        4885179.28571442     
   4755879.52380980        4791445.71428524        4779634.99999989     
   4821501.66666634        4760580.23809539        4696469.52380929     
   4699190.47619059        4689040.23809476        4658635.23809467     
   4759203.33333330        4741962.38095297        4551139.99999991     
   4535827.61904760        4599646.66666756        4653368.09523828     
   4656405.23809521        4734394.28571440        4863679.28571443     
   4817978.57142838        4731853.80952389        4711830.71428579     
   4749584.04761871        4793726.42857090        4892148.80952391     
   4948966.19047633        4829731.90476145        4818775.71428553     
   4897395.23809500        4953543.09523815        4920011.90476205     
   5028824.76190542        4991976.66666603        4900133.09523775     
   4881482.61904731        4952270.00000011        4988248.80952366     
   5008316.42857101        5024243.09523738        5008912.14285723     
   4971027.85714260        4886117.85714320        4885749.28571396     
   4882583.33333308        4844756.42857138        4802151.66666672     
   4880107.38095279        4868244.52380974        4932379.28571462     
   4746847.14285725        4437023.33333354        4507116.90476168     
   4593593.57142884        4688953.80952372        4772632.85714182     
   4760463.80952411        4718255.47619045        4701437.61904733     
   4711410.95238123        4832506.90476215        4936371.19047621     
   4950661.90476225        4892094.76190451        4679465.47619065     
   4655604.04761957        4662433.09523838        4766257.14285637     
   4860871.42857164        4726340.71428568        4560775.23809512     
   4304589.52380951        4494841.66666635        4376165.71428550     
   4573541.42857141        4714208.33333352        4755443.80952466     
   4842718.09523810        4915503.33333338        4892197.38095215     
   4783557.14285720        4653650.71428610        4574965.47619028     
   4367444.28571482        4496992.85714293        4620830.47619103     
   4629407.38095177        4540995.71428553        4486079.28571411     
   4504425.47619021        4634207.38095244        4599304.52380944     
   4523097.61904757        4724619.76190514        4658433.57142848     
   4688226.66666626        4600712.85714277        4610120.95238059     
   4483402.14285693        4365066.90476177        4378267.61904760     
   4370024.52380931        4423551.19047627        4515531.42857108     
   4541130.00000003        4536881.19047598        4658088.09523831     
   5003827.14285761        5191815.00000024        5202122.14285838     
   5205539.04761989        5207322.38095230        5187884.76190461     
   4948950.95238080        4860050.47619093        4715284.28571397     
   4489726.42857150        4404202.38095235        4393854.04761937     
   4395391.66666648        4442657.61904761        4439514.52380951     
   4416018.09523835        4476602.61904721        4568156.42857189     
   4490431.66666668        4437686.42857162        4434197.14285732     
   4446160.23809505        4437997.38095215        4470872.14285772     
   4549574.52380935        4514809.99999999        4258767.85714302     
   4472219.76190480        4488373.09523808        4502128.33333326     
   4483063.09523805        4467833.33333276        4516375.71428590     
   4174776.42857168        4179515.71428592        4124263.80952382     
   4037976.19047576        4092159.04761871        4314034.99999956     
   4249279.04761929        4400949.04761918        4505536.19047587     
   4442466.42857171        4427233.09523814        4371178.09523881     
   4249775.95238028        4239845.95238076        4246006.19047592     
   4083857.85714204        4376120.47619027        4601156.42857188     
   4685580.71428555        4675920.23809527        4656722.38095272     
   4422810.95238070        4456664.99999952        4544109.76190447     
   4624253.33333302        4723402.85714224        4720761.66666703     
   4726186.19047618        4696437.61904753        4659136.19047659     
   4656503.57142837        4625843.09523797        4581059.28571415     
   4499002.14285667        4483064.28571443        4330966.90476206     
   4302222.14285756        4307395.00000030        4335130.95238145     
   4478979.04761955        4499949.76190493        4487014.99999993     
   4431721.42857167        4301373.33333291        4309178.33333354     
   4267772.38095274        4031570.00000034        4071223.57142894     
   652290.504360224     
   2990157.94174730        2858325.85979897        2888344.09495774     
   2988265.23540559        2917755.92828946        2965053.70111072     
   3027244.14590050        2876157.86929307        2791264.74048440     
   2839341.71719829        2977031.16801985        3268994.98560553     
   3152915.86124272        2852024.62930884        2855676.23348370     
   3155838.10310364        2763260.30478099        2953740.09123321     
   2729884.05931848        3251824.96499810        3008669.80877777     
   3051554.09382728        3104221.02535730        2963473.83571404     
   3073651.26817239        3145706.24313473        2930800.79558546     
   3094309.18976608        3188447.30136013        2945157.62524338     
   3099577.89206001        3022549.19045419        2687802.23535568     
   2678129.82552970        3065527.91105103        2894765.14056073     
   2809308.05697296        2890632.63114743        3140180.02770322     
   2982950.60922403        2862575.42568815        2901210.73712719     
   2682656.21824918        3132309.30430561        2999819.96580324     
   3069650.20055220        2765093.05493725        3170247.56850484     
   2712569.78777153        2846667.79564934        2699751.30807890     
   3070916.78958098        2898114.62647411        3024112.56473933     
   3248871.16712386        2921805.97861268        3123870.02410771     
   3295052.53893412        2917382.33714748        2587497.86792168     
   2640771.30223192        2974354.94286302        2727202.48575355     
   2833427.00305904        2878482.37547748        3038191.13137697     
   2994534.66968910        2902168.48034232        3062337.27923856     
   3009706.76374660        2951912.67400688        2926591.62422088     
   3045025.62303402        3022868.53945740        2847006.93378575     
   2846670.21495814        2895697.77778295        2959460.01605453     
   3032669.51605880        3186950.61319522        2859298.17955447     
   3154205.55843750        3169141.93074546        3342214.03506713     
   3395554.02760074        3131365.05819304        2782929.11489926     
   3441667.70771488        3136929.28535066        2995477.79976638     
   2935741.89179467        3246318.31030050        3256588.89542254     
   3497711.34020170        3284730.42257646        3058900.11625131     
   3197734.79322329        3308197.04129801        3234223.99796942     
   3528689.70608846        3062180.50891664        3375249.85121373     
   3044045.43994021        3440563.78918810        3029319.88408517     
   3387730.39245388        2933587.79137974        3043777.06072985     
   3112499.22663276        3479098.05510458        2994059.19362613     
   3210596.76722327        3150005.54233354        3273933.05807812     
   3137509.12965042        2973950.24949971        3214713.75149504     
   3212339.84712468        3003552.39139217        3101281.85678314     
   3054816.34673291        3005069.38757592        3169444.55830018     
   3332303.89261991        3310079.28053729        3059571.05180641     
   3091062.48515296        3004523.49356509        3238135.64889943     
   3036965.14349700        3520197.37182947        2797972.16755172     
   2747612.95030281        2947810.71436204        2993451.56354931     
   2857955.06738764        2731364.81821836        2751885.43318368     
   3082069.86303809        3059734.81022563        3274191.24324157     
   3120085.63742566        2999203.07062528        3259339.87280426     
   3014466.92339301        3255104.78269991        3270400.99312048     
   2947924.15675892        3456374.22003660        3000755.70061057     
   3048754.82558779        3084711.53481444        3010935.99965904     
   2734067.31744372        2863260.02796467        2875021.42902259     
   3055209.29488855        2728180.37546809        2817539.69364289     
   2708923.28381125        2804500.31172073        2870271.22543881     
   2763604.03032395        3088232.31962577        2975799.27587595     
   3206778.56525799        3082038.97218664        3029553.32095133     
   3042369.66383283        3169884.65113805        3083171.48302901     
   3082961.90078681        2855681.50607429        3104030.37098322     
   3345026.53104784        2984104.95148969        3106964.73668894     
   2875448.88910101        2938320.18618330        3087310.78200723     
   3141105.49741080        2923918.36983507        3015249.41436718     
   3157692.04377731        2821697.86734102        3035164.43570837     
   2944013.00690449        3059746.87621274        3045694.66061019     
   3122416.08289935        3116452.95613881        3242354.52431544     
   3164465.69802114        2956881.89571582        3009546.97077647     
   3060628.45318121        2839193.40227714        2892072.87251325     
   2864742.79258013        3365809.68012464        2706597.95581906     
   3450380.20032649        3319550.07211018        3221317.72858405     
   3099096.98294032        2828043.58989790        2899000.17906244     
   2847632.36195202        3112794.59818602        3202712.99045651     
   3045065.36683545        3000541.32051757        2978189.23164718     
   2711774.57513491        2914103.48028130        2772363.86244575     
   3090174.89835068        3112469.01134191        3179433.87261213     
   3088650.93045119        2843872.35399305        3110284.43980323     
   2842112.18001277        3161231.16571302        2938221.91001615     
   2800221.53927240        2986750.79670133        3074964.07596700     
   2859710.78912977        2978431.79576017        3259793.73169280     
   3268552.22349811        2823682.25253500        3062262.66468485     
   2987913.42491052        3445425.60794191        3114707.18102425     
   3109869.59832363        3290031.38566582        3081493.88230026     
   2935936.20315793        3017870.92289072        3274887.38005435     
   3177896.95971105        2900759.34353998        3165148.34129338     
   3328096.29876076        2798670.21344650        3218179.82253883     
   3491311.13796573        3076597.20569756        3231164.28630280     
   3460386.66452655        3322151.47693019        3136968.65538510     
   3574708.62331221        3385471.77779504        3258919.71920481     
   2984274.31384598        3184459.66011336        3161899.13880118     
   2911729.77638638        3076795.04762434        2887163.63783723     
   3141980.30311808        3043844.68036599        3157746.78992418     
   2953781.62397399        2815332.98247378        3342688.87953724     
   3434981.70951258        2979839.90691725        3212498.36697344     
   3179375.56161803        3299302.04382073        3049705.05909811     
   3455675.56983901        3194123.79196063        3151029.40213284     
   3127500.35695373        2885468.42565561        2897315.30558845     
   2908844.27822807        2944595.08166423        3143226.97659331     
   3026494.67764077        2770365.19179248        2899685.74356838     
   3020503.73015288        3012911.02429462        3126634.08356507     
   3232691.72687521        2967188.58908911        3061340.74120362     
   2934731.67219132        3003604.92468359        3420032.87060804     
   2772883.80846207        2920601.29967147        2975379.00118072     
   3007657.21058940        3240895.02138209        3069061.70823336     
   2958942.91956834        2941686.02918943        2980798.94351406     
   3317111.12201664        3037974.59376968        3119716.53989625     
   3073232.16680805        2971168.91378230        3129293.80052197     
   2767539.95163796        3225854.93008490        2938344.44773651     
   3165096.16685596        3097467.03384269        3010347.47888506     
   2932544.02359263        3012194.72549255        3109284.99566327     
   3013470.90435556        3036281.75906789        3218325.17878642     
   2906876.78646248        2853243.88845179        2867337.72583839     
   2945349.01083450        2765104.00389818        3043127.35764726     
   258.812092901722     
   965.826967903882        1123.03801204332        1118.37787979878     
   1139.85377408961        1057.74160811598        1147.93560038335     
   1124.73786819744        1178.71615255159        1116.62125030921     
   1227.42559507181        1228.33082247950        1187.49448688832     
   1157.44064299093        1171.96269213626        1141.02523693339     
   1126.02698324023        1188.12097384575        1191.41803526514     
   1166.60521507280        1138.46490988264        1130.53925646623     
   1149.82059188013        1144.44916995048        1147.64997010512     
   1166.51105980577        1126.62621416793        1139.71867827122     
   1127.13180848102        1157.29837787176        1146.86001424212     
   1159.47416047183        1120.88821952867        1060.61066634696     
   1126.75932914934        1092.20296189757        1129.00274967013     
   1159.33685856461        1065.67980069267        1099.30066312030     
   1118.66449209692        1098.48064345681        1090.25430303903     
   1090.38253589090        1120.33350741356        1116.41437562463     
   1080.01810364618        1105.10183031605        1198.19470981295     
   1131.77099415346        1121.87548706785        1133.23402683442     
   1033.54097645328        1063.81950977437        1124.34697194488     
   1136.25661751442        1092.95183847832        1122.46295462734     
   1084.56551025898        1146.16898353927        1059.45347863291     
   1151.76209282576        1103.54413276982        1067.44904376233     
   1087.80496014644        1075.44395802157        1229.02461630653     
   1068.11572176817        1111.63569687535        1149.31494649161     
   1148.34338294422        1144.63950888024        1158.66569095205     
   1240.67767085010        1260.74995869966        1246.40724412728     
   1189.03071652825        1237.21060298573        1267.08366484859     
   1267.76997581050        1142.05713919340        1155.93588882618     
   1221.34958652180        1242.11745256444        1304.38752867227     
   1227.49108102287        1212.05975571037        1279.92054966333     
   1303.29460732665        1257.57770002572        1251.68932228258     
   1261.88486682544        1297.35398958845        1297.07740528452     
   1303.31144498042        1248.39580232258        1291.41898465614     
   1298.25124546390        1300.81578132129        1228.29285926316     
   1312.05286899277        1235.14545889430        1235.17020885626     
   1197.57995317143        1199.87182785238        1195.33627271735     
   1180.60167525623        1148.43494490215        1287.11141717037     
   1243.50581148017        1231.28944549912        1252.19442693506     
   1254.28857462283        1270.53076580080        1227.17085162251     
   1334.89791588788        1300.67179495789        1242.42633842336     
   1184.25592407353        1252.66123799892        1215.70054363907     
   1281.59189459104        1201.23140054050        1243.43672510642     
   1263.14722781922        1274.81166017215        1251.99185947711     
   1175.21271676714        1179.94672863537        1181.53723507899     
   1280.64536689996        1218.43973991098        1162.74919050471     
   1156.50209790418        1131.19704123522        1106.50014631632     
   1159.01123165614        1185.48699980540        1173.94719131893     
   1170.57706621756        1189.57791903163        1256.99777819291     
   1215.46788176877        1259.64772394049        1231.98416406359     
   1170.32382610549        1196.34779803675        1215.65474546179     
   1182.74639644670        1213.04628902404        1159.79631753914     
   1146.07240363143        1138.46203831461        1154.48176527524     
   1166.76639265594        1171.54313536732        1168.74528445910     
   1184.49116975981        1137.27451073948        1160.47166945156     
   1145.16746051889        1178.93303008294        1173.10001163997     
   1171.58150530541        1117.74730677782        1150.59003038004     
   1184.22784822445        1239.30310435298        1196.88202357119     
   1216.30196510640        1160.59597468414        1174.07564129325     
   1148.25930703939        1196.18640568693        1181.63660424525     
   1149.31533309064        1149.76564444820        1164.57708488731     
   1178.85902378035        1211.55581405389        1162.52366694079     
   1205.85054211624        1196.93162428832        1188.02245708545     
   1214.81860363541        1117.76373363835        1204.94269555920     
   1234.18523430660        1239.72063762375        1215.21843992007     
   1201.79477050921        1203.56977075577        1176.40122627947     
   1126.79551605009        1159.03895158013        1205.48884762967     
   1200.10115067589        1231.25369966833        1183.10748062289     
   1194.91306188645        1146.90786698351        1100.45975608630     
   1172.41243776892        1203.45256106980        1253.20434209613     
   1187.74718230153        1191.88425993969        1167.83619593338     
   1177.27525182632        1083.88320251958        1116.00480080533     
   1216.57984769143        1176.59121202253        1186.87404257460     
   1096.28079058708        1183.39399761859        1100.18162278339     
   1172.86217202993        1175.01234320362        1169.90108964637     
   1208.92606710916        1224.61620672340        1139.60924233185     
   1167.52069266917        1194.78379001002        1151.61156234876     
   1093.47823311837        1061.79842735874        1155.22078700266     
   1054.59955087771        1096.71016734935        1111.06632960917     
   1093.39171897728        1126.26195328859        1161.70277672598     
   1169.62188216886        1192.39344265318        1122.72020899602     
   1206.41404008074        1140.53498141892        1160.20352333077     
   1138.98828225204        1115.32060021769        1155.61402346731     
   1099.32266427505        1217.83705305803        1124.62501814752     
   1127.79803617983        1176.58758259422        1182.15134847405     
   1141.32100759233        1297.21340648423        1222.19986715266     
   1270.37356862447        1192.00234320304        1233.05097237359     
   1128.84422469184        1194.70703035172        1158.15258668157     
   1165.68411449981        1075.36317289595        1050.53610806853     
   1029.76986018696        1130.68329321067        1136.63263938257     
   1228.74212554176        1151.59275584934        1170.08159880126     
   1077.85172645249        1129.35852521469        1144.72248228027     
   1122.57070266304        1162.30044863978        1139.88345729420     
   1124.14792360070        1203.03091061842        1084.53098062356     
   1171.71841503555        1204.42748299224        1176.26118194398     
   1134.10122892535        1170.11353486012        1179.52014057428     
   1090.97827990746        1089.52866894172        1122.52566127922     
   1073.28244780616        1000.42657816182        1164.83145918913     
   1180.61823106129        1095.73739479780        1175.67300382291     
   1148.74439361807        1089.15913527669        1181.46410015550     
   1170.69479484095        1170.31782455847        1118.80073495465     
   1063.63824275378        1177.76853160602        1180.59119791720     
   1124.81250400282        1158.90324357097        1247.02249719369     
   1125.56172195906        1159.56646627702        1171.77282927208     
   1140.16324844223        1132.04874209105        1182.35624060554     
   1217.04950719626        1174.93713766751        1217.84971591575     
   1155.15109109880        1226.50436853316        1083.99740346963     
   1146.74436814221        1196.15034708634        1106.87420467544     
   1106.26068442308        1139.31084388225        1113.27903475877     
   1153.25868619371        1148.43568525393        1122.87122357601     
   1081.38286727698        1104.65739690801        1136.46881073900     
   1097.31306560053        1101.71551738930        1091.29521728527     
   5758.00000000000     
   371.726161823422        4871.10507606354        35.7529470644709     
   153.101660612419        15.7004047083623        5.58327470676427     
   89.9048058965540        332.861300052578        485.440522429620     
   112.760342958988        456.651904189778        1217.12208548637     
   2.76665117690760        2951.31264987794        8.69064647196098     
   295.268461811346        78.2294470711804        2035.93271738041     
   15.9411805907533        160.170477084123        54.8287570674841     
   6.71901000106131        50.8491405962673        550.722587145814     
   1400.53424963299        3.83878529472401        2188.90717563987     
   11.2028929429460        113.941507665057        228.637143565526     
   189.976714147655        613.074454802721        3176.22458167818     
   90.9723970731932        396.834997709742        124.790051196182     
   444.267846540763        315.007541226228        296.404197105643     
   17.9082741204758        8.59524470724003        537.057420084832     
   20.3387476502715        187.073774735432        74.7677258941630     
   901.364958965906        421.235134772419        77.8114964828791     
   21.2382500033547        184.079976499665        1712.20272909398     
   23.5824076507838        19.2756994148094        2715.50220219364     
   12.6884347078866        13.1018423550107        4.67468647132663     
   30.6830247107289        168.842951791376        1177.54852489188     
   8.67701764842942        201.524870620067        86.6111735430926     
   546.706627145179        1083.91850723004        538.906397143947     
   494.281085960428        4.18404882419031        1083.46875605349     
   365.288814175347        1697.32005379751        1206.17814019052     
   4895.01003253790        4783.01290369668        2.48498882392193     
   5.46970117733456        102.988476486856        421.430481243038     
   322.994031815725        4380.96260951553        285.596540045112     
   209.938397680220        1340.88543197651        378.122623000903     
   3917.93695885416        249.307525921733        1595.79440436971     
   198.008634148924        45.1432064777189        4.48388294188473     
   2946.09281046535        623.518676569077        858.538652488553     
   141.671620610613        12.5339747078622        29.3292282399269     
   1996.40912913888        1426.03377846055        2002.55118561043     
   1145.67979253391        11.2483223547179        1496.57202611875     
   416.955684183508        1854.00155205756        758.680262472780     
   5.74227764796585        322.671482992145        840.189713073890     
   15.7185764730711        18.5124852970418        297.090181223398     
   1564.62982789420        796.822796596452        1849.29506499799     
   1.51279941200366        55.8600047147058        359.205815939092     
   5029.50380608856        2054.85406738340        6.17840000097592     
   581.151207150620        375.937468294676        1418.51521081230     
   28.9476211810431        346.958046525393        4.02050294181154     
   2351.53538390085        472.147876545167        1470.84535023233     
   594.412052446832        2.58493352982007        1253.17940960971     
   1372.89953845215        214.517682386826        24.9089464745228     
   12.2114258842818        94.0025388383777        536.816644202441     
   6445.12970631217        92.0354453086553        53.0297523613176     
   3430.16136465946        196.196000619226        1745.82957968753     
   1167.89023194918        6232.38377098445        1925.06223795113     
   159.498121789900        155.981885318756        5.46515823615738     
   881.407818374518        26.3263441218055        87.5561053079477     
   2613.63128923637        3867.76471649329        736.933203057580     
   128.610664726197        641.304291277769        1213.29238607400     
   15.5186870612748        1694.82143615006        6.41463294218970     
   569.675737737043        1803.12061087305        9.15856941321136     
   568.748977736896        323.639129462886        184.266237087930     
   391.101805944130        344.854664760354        12.0160794136627     
   282.948005338811        1069.52646958070        727.138621879562     
   1071.06652663977        135.070727080159        347.830291231413     
   66.8902658929187        1253.52013019800        225.552486506216     
   70.5382476582008        4.13407647124124        1560.41397848177     
   1467.33365670236        44.7843141247210        3.88421470649589     
   99.0906329568285        1740.67788439260        160.838289437170     
   3651.83417940036        264.262888277036        509.172847139251     
   5292.25389495359        101.293959427765        935.623278383082     
   3541.23627644171        966.783311917416        3.39357705935957     
   41.5179394183227        357.920163585948        1.53097117671242     
   473.120065957085        1345.56011844783        3277.20053522354     
   4.05684647122904        2417.40803097008        393.127957709156     
   3.72975470647149        3.72975470647149        550.454553616360     
   332.120800640696        20.7657841209271        1933.29404736420     
   605.783034213335        3883.51509355460        2467.79833450745     
   2008.18443267015        102.002658251406        155.641164730467     
   4838.41407135249        1197.41026371855        4.05230353005185     
   3093.07967225328        36.7342223587436        3121.58662814013     
   401.232564769260        1681.79682379506        190.013057677073     
   1828.67465499473        2392.29919508376        426.454974185008     
   615.759333038440        229.036922389119        5431.12252085788     
   564.764818324502        1723.48739497812        917.764976615555     
   3428.59859289451        34.1402029465691        1334.61163021081     
   3068.98845519065        3.00742705929857        3.73884058882587     
   301.256058282879        2077.52334385757        399.319986533663     
   419.395243595658        5.16532411846296        2239.60639917729     
   1991.51638149104        6.15114235391279        11.4572976488686     
   76.2078382473316        15.2461105906435        3943.48646003466     
   4644.08067661592        149.744427082477        1385.72880433653     
   971.630630153476        32.8590935346021        7.52765353060081     
   535.458304790461        2041.79311149898        571.124935972566     
   16.3682170614090        1182.25501195145        124.867281196194     
   575.876852443905        1747.76941557019        276.855921220202     
   44.1619311834463        83.7127770720465        271.822342395877     
   2.83933823574261        871.304317196452        3246.09955992451     
   3737.54585059037        1025.90514839734        217.656854740263     
   2269.80787212324        2142.43288739723        2359.05849449028     
   1467.23371199646        928.136511323076        3721.89087529378     
   766.971130121148        4654.67935838229        279.081962397024     
   252.419440628107        1443.95113846338        1493.09667611820     
   1021.10780251423        1790.03239734157        669.225207752767     
   260.042495923428        12.3976864725465        811.214834245784     
   1968.01120384027        721.764322466949        989.098238979764     
   8.99502353083259        3.95235882415371        1705.12482673992     
   781.454026594024        1553.56776612775        298.457606517732     
   1394.84648727915        223.503620035304        2.83933823574261     
   2.96654058870388        125.898528843416        15.4823435318573     
   1.76720411792620        842.847333662545        1094.31729958462     
   1235.55279784222        2632.32549218050        981.393410743253     
   16.8088823555962        6.52366353044222        1082.76460017103     
   149.503651200086        278.922959455822        629.946938334798     
   575.767821855652        2206.77002034857        1451.08355611156     
   1787.58375204707        781.708431299946        1501.21945494301     
 ------
  0.000000000000000E+000  0.000000000000000E+000  0.000000000000000E+000
  0.000000000000000E+000  0.000000000000000E+000  0.000000000000000E+000
  0.000000000000000E+000
  0.000000000000000E+000  0.000000000000000E+000  0.000000000000000E+000
  0.000000000000000E+000  0.000000000000000E+000  0.000000000000000E+000
  0.000000000000000E+000
