  -4.39833333333333       8.902941018350348E-004
  -4.09500000000000       2.481081825144928E-003
  -3.79166666666667       1.211338713483569E-002
  -3.48833333333333       1.784718505244138E-002
  -3.18500000000000       1.925549356573977E-002
  -2.88166666666667       2.341894806214131E-002
  -2.57833333333333       2.049941883913380E-002
  -2.27500000000000       2.151168806772141E-002
  -1.97166666666667       3.453028811944227E-002
  -1.66833333333333       5.259572991058022E-002
  -1.36500000000000       5.110357213121294E-002
  -1.06166666666667       5.840260239449633E-002
 -0.758333333333333       8.080223623205414E-002
 -0.455000000000000       8.664101840371639E-002
 -0.151666666666667       9.335407076475241E-002
  0.151666666666667       9.467493844539580E-002
  0.455000000000000       9.274902993216320E-002
  0.758333333333333       7.962005827650655E-002
   1.06166666666667       7.340650994529758E-002
   1.36500000000000       7.498597042014349E-002
   1.66833333333333       7.278323500542487E-002
   1.97166666666667       5.682341819400322E-002
   2.27500000000000       5.486767205067034E-002
   2.57833333333333       4.989418115191648E-002
   2.88166666666667       4.021352783048913E-002
   3.18500000000000       3.926286778257157E-002
   3.48833333333333       3.234633936071273E-002
   3.79166666666667       1.344544392676668E-002
   4.09500000000000       6.925921749853370E-003
   4.39833333333333       1.034647451162825E-003
   4.55000000000000       0.000000000000000E+000
