        4836        2745           1          34
  0.266803741455078       0.456233084201813       0.999999821186066     
  0.746771693229675       3.997534513473511E-002  2.264183759689331E-002
  0.220120012760162       0.954992830753326       0.678194820880890     
  0.221442341804504       0.278583765029907       0.675858974456787     
  0.218308866024017       2.340990304946899E-002  0.921758830547333     
  0.778360724449158       0.320488393306732       0.589055776596069     
  0.598983824253082       0.137589812278748       0.986504077911377     
  0.452497780323029       2.921074628829956E-002  0.141207158565521     
  0.307101488113403       0.339672148227692       0.943292438983917     
  0.131307005882263       0.665911495685577       0.492918789386749     
  0.355454742908478       0.605814516544342       0.256051719188690     
  1.242285966873169E-002  0.462998569011688       0.443077564239502     
  0.453491687774658       0.965701878070831       0.809483349323273     
  9.576129913330078E-002  0.995919942855835       0.999776661396027     
  0.954966604709625       0.950741708278656       0.305078983306885     
  0.850612401962280       0.359818041324615       0.350285351276398     
  0.751973211765289       0.591910421848297       0.928969800472260     
  0.594484031200409       0.210955023765564       0.768626272678375     
  0.710322856903076       0.477658212184906       0.919180631637573     
  0.971631944179535       0.118603527545929       0.915032386779785     
  8.720451593399048E-002  0.779947102069855       0.388666033744812     
  0.544260919094086       0.973796665668488       0.441090285778046     
  0.838750541210175       2.003705501556396E-002  0.548090577125549     
  0.296195924282074       0.367975294589996       0.630510270595551     
  0.156674146652222       0.307591021060944       0.353567659854889     
  0.442578852176666       0.345797717571259       0.543712794780731     
  0.763201415538788       0.513266444206238       0.883310198783875     
  0.300427019596100       0.566550970077515       0.955485761165619     
  0.986370801925659       0.544727206230164       0.344238698482513     
  0.678155481815338       0.156967461109161       0.739105999469757     
  0.545935869216919       0.358504951000214       0.607180058956146     
  0.616701960563660       0.634752452373505       0.870082199573517     
  0.754348874092102       0.476822495460510       0.860584378242493     
  0.802871167659760     
