        4836        2743           4          37
  6.108450889587402E-002  0.456233084201813       0.999999821186066     
  0.396107435226440       0.200095355510712       0.331385910511017     
  0.397619545459747       0.853446900844574       7.655858993530273E-002
  0.210953354835510       0.524823009967804       0.955108880996704     
  0.647348463535309       0.988845705986023       8.047658205032349E-002
  0.971462428569794       0.616420149803162       0.849563062191010     
  0.736808061599731       0.736721336841583       0.106883049011230     
  0.467813968658447       0.285919606685638       0.196381866931915     
  0.778206944465637       0.128717064857483       0.701579749584198     
  0.409564971923828       0.899697542190552       0.958448290824890     
  0.441337108612061       0.856434941291809       0.313668370246887     
  0.173468887805939       0.586159586906433       0.585661351680756     
  0.967126846313477       0.168553113937378       0.598210632801056     
  0.162133395671844       0.437242925167084       4.779213666915894E-002
  0.793306171894073       0.149806797504425       0.767022728919983     
  0.317415535449982       7.591676712036133E-002  0.872160375118256     
  0.248976111412048       0.545561134815216       0.670861363410950     
  0.295948207378387       0.422067761421204       0.531919956207275     
  0.948338449001312       0.374166846275330       0.990513443946838     
  0.651083588600159       0.961718499660492       0.819626808166504     
  0.743288040161133       0.686037540435791       0.146478116512299     
  6.410580873489380E-002  0.543046295642853       9.606361389160156E-002
  0.463088333606720       0.954720735549927       0.190862774848938     
  0.500065088272095       0.335673511028290       0.273449182510376     
  0.103551626205444       0.141604900360107       1.002222299575806E-002
  0.641805350780487       0.604162693023682       0.503969073295593     
  0.999308586120605       0.374320328235626       0.305851638317108     
  0.560490489006042       0.420799136161804       0.978974640369415     
  0.237253010272980       0.472263216972351       0.772767364978790     
  7.648426294326782E-002  0.603890359401703       0.492562890052795     
  0.512703061103821       0.896465420722961       0.662415266036987     
  0.936209022998810       0.680600821971893       0.136119604110718     
  0.635863780975342       0.359634339809418       0.207048475742340     
  0.499646723270416     
