           3          12          12          12
   4.55000000000000        7.91500000000000       -5.20000000000000     
   39000000.0000000        7853802.00000000     
       15558         504       12570
   5908039.12087954     
   9495598.02197861        9543898.68131820        9560605.05494456     
   9401821.97802216        9306345.49450531        9293080.65934086     
   9342521.97802122        9260443.51648346        9172220.00000004     
   9195033.40659315        9218889.45054932        9103069.23077018     
   9067007.03296659        9026344.61538414        9022161.75824182     
   9102878.68131963        9001461.75824188        9046974.94505429     
   9361744.17582449        9445690.10989063        9465525.27472505     
   9250773.62637297        8927139.78022037        8972668.35164868     
   9111245.05494515        8755722.63736248        8779387.69230764     
   8796018.68131867        8694729.45054828        8745393.18681299     
   8757073.84615386        8742481.31868057        8706181.97802155     
   8620252.96703293        8762236.70329698        9000229.23076973     
   8992079.12087954        8972655.16483488        8976408.79120916     
   8710149.23076972        8756495.82417613        8745364.61538456     
   8734887.03296713        8758887.69230808        8899083.51648285     
   9087927.69230742        9152149.89010976        9182382.85714156     
   9233925.27472529        9175968.57142841        8838474.94505452     
   8978804.17582488        8830954.72527509        8549671.42857174     
   8644235.16483475        8741848.13186765        8540429.89011024     
   8404431.20879117        8509341.09890119        8539803.73626328     
   8488091.86813139        8555420.65933991        8697314.28571421     
   8708125.27472489        8746383.73626500        8765502.41758145     
   8944654.94505491        9018856.48351622        9148640.87912069     
   9169780.87912124        8970045.27472537        8966902.63736299     
   8898272.74725296        8820141.97802144        8675491.64835148     
   8563490.54945059        8744259.99999990        8602948.57142857     
   8496366.81318705        8546668.35164860        8508943.51648370     
   8503831.86813244        8525736.70329738        8245476.04395718     
   8161022.85714315        8232029.67032897        8153712.30769246     
   7943755.60439525        7962341.53846132        8041185.71428579     
   8003168.79120937        8131277.14285739        7971840.43956017     
   7839471.20879146        7630834.28571438        7575318.68131788     
   7732120.43956041        7878645.27472528        8010098.46153839     
   8026841.09890123        8348558.02197816        8303243.07692316     
   8196735.16483522        8055166.37362699        8183088.57142865     
   8424309.01099026        8574551.42857102        8561777.80219802     
   8494712.30769204        8735614.06593497        8555876.04395523     
   8436430.32967011        8428845.93406576        8251547.69230780     
   8191729.89010925        8338473.84615306        8553464.39560458     
   8639167.47252705        8626172.08791200        8559494.72527551     
   8507802.41758161        8538581.53846147        8573202.63736276     
   8583282.41758268        8557877.14285773        8626204.39560448     
   8609360.87912145        8629936.26373606        8643599.78021850     
   8847465.49450549        8852784.61538361        8835519.56043976     
   8842004.61538515        8891176.70329589        8852994.06593295     
   8887672.74725282        9065874.72527393        8964536.48351636     
   8654230.10989005        8675370.10988969        8784358.68131912     
   8647130.54944953        8444092.96703320        8377341.09890074     
   8397541.09890106        8449245.71428563        8497357.14285676     
   8307718.24175816        8256348.35164859        8649193.40659416     
   8657433.18681292        8511476.70329602        8452604.17582438     
   8403834.28571390        8427583.51648409        8484227.47252824     
   8438460.43956092        8313568.57142956        8217718.02197782     
   8340773.40659445        8441802.19780245        8295419.56043954     
   8237538.90109843        7998742.63736169        7902531.64835142     
   7891227.03296643        7911537.36263753        7922138.46153886     
   7955225.27472503        7709444.17582367        7710438.68131901     
   7940904.17582446        8049578.68131903        8029619.78021915     
   8110032.52747209        8139236.48351728        8098033.18681196     
   8234752.08791258        8169192.74725282        8042108.57142858     
   8125544.17582364        8197436.04395494        7824698.90109937     
   7559195.38461444        7613472.74725252        7566919.34065912     
   7769720.65934058        7837224.39560388        7933050.76923028     
   7933135.60439554        7911344.83516519        7922976.70329739     
   8010222.63736248        8050262.85714265        7920838.90109906     
   8030197.80219680        7987919.99999893        7829732.52747243     
   7853252.08791102        7759787.25274725        7658391.20879123     
   7723440.00000032        7921247.25274742        7969794.72527371     
   7974489.23076981        7930704.17582410        7838524.39560498     
   7803027.47252653        7807088.79120864        7859514.72527405     
   7756738.02197825        7878591.20879141        7877276.04395572     
   7858970.32967147        7711994.50549471        7704557.80219734     
   7638732.52747242        7589655.60439544        7610946.37362630     
   7599712.08791225        7592245.27472525        7949944.17582444     
   8028258.24175738        7782803.95604463        7651407.25274743     
   7494724.39560435        7481776.70329756        7564481.75824257     
   7574669.89010988        7617497.14285781        7567655.60439615     
   7440189.45054963        7423461.31868189        7448287.91208817     
   7435545.49450648        7302397.14285709        7417481.31868116     
   7540624.61538441        7489492.74725208        7404959.12087884     
   7434062.41758235        7305344.83516425        7252193.62637376     
   7279952.74725322        7250932.30769247        7113759.56043908     
   7288361.31868087        7381925.49450634        7409199.99999978     
   7512406.81318748        7747927.25274764        7688087.03296643     
   7879991.64835235        7825029.45054895        7785935.16483418     
   7664403.51648356        7611085.27472412        7521490.98901158     
   7440159.34065916        7482177.80219794        7514959.56043937     
   7608221.09890118        7705558.90109820        7617478.90109933     
   7452652.08791256        7383018.68131862        7505488.79120949     
   7604638.24175829        7441751.64835195        7388264.17582441     
   7412336.70329702        7231689.23076914        7271538.46153856     
   7305030.10989049        7369950.32967094        7487633.62637350     
   7477385.27472485        7404863.29670253        7416718.46153793     
   7324561.97802232        7290737.14285684        7328977.80219797     
   7155783.29670329        7107727.91208778        7213579.34065915     
   7482841.53846210        7732739.99999929        7686499.99999884     
   7508290.32967046        7646675.82417599        7893020.65934055     
   8010571.42857121        8016215.16483450        8180725.27472569     
   8168198.46153850        8265018.68131885        8263953.62637287     
   8303065.27472523        8279721.75824180        8245251.64835193     
   8250916.04395507        8178730.32967040        8278124.39560451     
   8216167.03296752        8163773.84615403        8373241.31868141     
   8678561.97802224        8740993.84615354        8332054.50549498     
   8213913.18681267        8010480.43955959        7958104.17582308     
   7955886.81318629        8076047.69230808        8566967.47252676     
   8598556.92307680        8342138.02197798        8310339.78021937     
   8343798.46153933        8211555.82417607        8144068.79120888     
   8078745.49450556        7851703.73626465        7779754.72527537     
   7691459.12087877        7623565.71428569        7913164.17582443     
   7872118.02197751        7882207.03296746        7722606.37362536     
   7419058.68131892        7175673.62637346        7154491.86813171     
   7032392.74725220        6901055.60439563        7086599.12087913     
   7042171.64835135        7129354.72527476        7206382.63736230     
   7077362.41758297        7028181.31868038        7124666.81318642     
   7075289.67032943        7151266.37362625        7188245.93406575     
   7233393.84615363        7283258.46153869        7205796.26373616     
   7188611.86813191        7327841.97802224        7161006.59340666     
   7097269.45054852        7281264.17582433        7413772.74725257     
   7325118.68131815        7547487.25274638        7399599.12087986     
   7365170.76923092        7409077.36263767        7485931.64835163     
   7311140.65934071        7320814.50549366        7546529.67032972     
   7593400.21978040        7710201.31868030        7686093.84615505     
   7634775.60439630        7635878.68131921        7611912.96703252     
   7626083.29670313        7517014.06593413        7388735.38461569     
   7426661.31868155        7505866.37362748        7623604.17582438     
   7640785.93406520        7704771.42857242        7718002.19780234     
   7596957.14285671        7570932.08791120        7667537.58241751     
   7838989.89011019        7803896.26373598        7730606.59340584     
   7817630.54945109        7921181.09890090        7890590.32967091     
   7884972.52747276        7842691.42857054        7818677.36263731     
   7795384.39560451        7733946.37362645        7664985.71428627     
   7727414.94505558        7671867.03296712        7708994.94505431     
   7693429.23076902        7539036.04395640        7065033.18681413     
   7193160.87912184        7270391.20879045        7096815.38461456     
   7089539.99999942        7018260.43956019        6911769.89010962     
   6848741.09890081        6946364.17582438        7098752.30769212     
   7249347.25274743        7107794.06593401        7296977.80219769     
   7337315.60439544        7337072.30769176        7290022.41758269     
   7272096.26373603        7167322.41758208        6928026.59340678     
   7160614.72527535        7143554.50549508        7248009.67032965     
   7293196.48351642        7261862.19780277        7385745.05494470     
   7521805.05494471        7313746.37362646        7376544.17582366     
   7370744.17582468        7413421.09890107        7402173.18681307     
   7383650.54945013        7377708.57142778        7425120.87912056     
   7419743.73626402        7362885.05494622        7336295.38461555     
   7269276.70329706        7074371.20879084        6927007.91208885     
   6982729.45054990        7080987.03296668        7316253.40659334     
   7601428.57142844        7593899.78021983        7437587.03296645     
   7370190.98901044        7387140.87912094        7387234.06593468     
   7389097.14285688        7521296.92307724        7456837.80219802     
   7360507.03296706        7304491.64835110        7184089.23076970     
   7102989.89010999        7183925.93406592        7133032.52747237     
   7196757.58241760        7253066.81318668        7207723.51648416     
   7250686.37362630        7162457.80219715        7220531.42857081     
   7227137.36263747        7314092.30769288        7074352.30769269     
   7000548.13186778        7047129.89010902        7104798.90109792     
   7132942.41758190        7151732.74725175        7313314.50549387     
   7267502.85714244        7249294.94505492        7458803.29670396     
   7501394.06593338        7557689.01098948        7399914.94505517     
   7463148.13186809        7616721.75824265        7409602.19780172     
   7437515.60439573        7328038.90109870        7295641.09890153     
   7301147.25274747        7258928.13186904        7219212.30769176     
   7214805.27472490        7164078.02197756        7091538.90109942     
   7163247.03296759        7168198.24175876        7189958.24175783     
   7207749.89010908        7334216.04395648        7414254.28571338     
   6989804.17582390        6912695.38461621        7149117.36263773     
   7301827.47252850        7383115.16483587        7433678.90109869     
   7350942.85714173        7341148.35164820        7273689.01098837     
   4175366.43427329     
   5909114.21372208        5857330.26629468        5768652.54806265     
   6031172.41813016        5630602.10324144        5506634.51557993     
   5680058.99363807        5737188.40961907        5883017.09730799     
   5572979.63154870        5764140.87946923        5586484.48247517     
   5448939.95783966        5582590.55035611        5674572.12905864     
   5377552.18419849        5500428.83327227        5739237.62265368     
   5919899.86448049        5908597.08599382        5817165.23046660     
   5608093.80846519        5673464.45704529        5637096.88982584     
   5841468.60717153        5983384.69188549        5668096.71523106     
   5905825.13036187        5418544.24033052        5437133.95982376     
   5558400.79193497        5344738.68786356        5411885.91969056     
   5272063.87577257        5425112.86518688        5591319.02688542     
   5877704.49545835        5706213.49610870        5500236.76848568     
   5102177.47251574        5443014.01828116        5254058.34179681     
   4943590.43836643        5522948.62407352        5293873.02983076     
   5534100.68912229        5487728.00119582        5330635.22598444     
   5860825.36319503        6006189.96686823        5574222.75171514     
   5968639.15339548        5450176.58208129        5669967.21428785     
   5596124.71194663        5768553.32682758        6117949.55822520     
   6257486.45065391        6245368.52419345        5834531.84350580     
   5864301.98211045        5898099.31654830        6160404.67875054     
   5690630.95538250        5732964.78598744        5745528.55016945     
   5878430.66077237        5654798.22825024        6061558.86832925     
   5354905.54164302        5440523.22936114        5205208.11654645     
   5528351.23867027        5736968.56324419        5509355.22197742     
   5331371.57398575        5761897.75095440        5717474.07709928     
   5676576.27160849        5561619.54130108        5881941.29338097     
   5438468.58213456        5567844.25481369        5491028.49835009     
   5267300.36364176        5589527.27600571        5487470.90296165     
   5091561.28317595        4925588.85253016        5488978.20426404     
   5198714.24169069        5218523.74738870        5594336.82801439     
   5355916.48465998        5262787.35548249        4858126.56161979     
   5295193.45011127        5357775.47933695        5313851.52063432     
   5186016.43716947        5259354.24855977        5579682.59244478     
   5676947.31575312        5661294.24084219        5529993.55925425     
   5535585.04792877        5558367.81515251        5922912.19012321     
   6017014.83091753        5916057.11401894        5927907.46878737     
   5836699.09275724        5921720.35458440        6013072.47037955     
   5473940.61141980        5418226.84715367        5578962.22192223     
   5527323.05044036        5518001.28258968        5233290.20818141     
   5024998.88471377        5216400.30901201        5457310.03374307     
   5583101.78651455        5051392.81410027        5454034.27518385     
   5483563.33589403        5149507.56910703        5144248.17093744     
   5332214.60196611        5222422.59794470        5508324.20947047     
   5199430.29155425        5561900.98277941        5357796.03360325     
   5411059.18471791        5078386.76292314        5516724.62735852     
   5389719.82837895        5516052.25022052        5711473.89015715     
   5547913.58208475        5279286.25067125        5413428.58497125     
   5196478.66211935        5326324.94816017        5821647.53818498     
   5486562.57839532        5821211.77652977        5444925.08502721     
   5238994.58320939        5272085.58132665        5653218.86067372     
   5272289.06317560        5267771.39454084        5440010.48221035     
   5619310.36146135        5744680.93404059        5347076.34111155     
   5353587.61399832        5728487.41423354        5849844.56489027     
   5185533.68433552        5484074.52562657        5289453.73743100     
   5385755.81561866        5229992.06912259        5480496.40311885     
   5487255.81621588        4960202.42278894        4964193.96610551     
   5131143.81826310        5425764.29961531        5272211.70747663     
   5574041.97729122        5298219.35556198        5632330.44222516     
   5435298.11196356        5328853.35852626        5229369.22229849     
   5602464.27887244        5459340.64699073        5802831.16315703     
   5452705.04892251        5354472.98673207        4940846.33203817     
   5176308.83865413        5251655.31779079        4927616.35983845     
   5048366.20557044        5182728.24334257        5215726.10595326     
   5167280.42036438        5382026.58243655        5208312.38518504     
   5609192.56568279        5610129.63297266        5442212.75107411     
   5295954.29536483        5280503.81888915        4821227.63217563     
   4855568.93393517        5260469.33159132        5360089.53103644     
   5349203.38870662        5185968.68203684        5020182.41051978     
   4943505.48661676        5193240.96827876        5475679.57235196     
   5050474.56933455        5044228.33414615        5137655.43362951     
   4964867.84396795        4864712.06537455        4979404.65116227     
   4794435.05533480        5011770.23047482        4801135.43913050     
   4997029.32967921        5421752.61477137        5324755.28900487     
   5108043.09199481        4588477.97267657        4857373.19372849     
   4963456.35374581        4950115.64006127        5004317.79393701     
   5019356.25581905        5209599.12061906        4828105.04392706     
   5493630.95150257        5220824.78443716        5443776.75030045     
   5707925.67735516        5540847.17435883        5251322.51780159     
   5302294.47190994        5218020.17454562        5141431.18884750     
   5322990.32631359        5337124.93675423        5653515.42722463     
   5237888.97650511        5260412.39057990        5276056.12136055     
   5236960.03223358        5145662.41602902        5242559.08905166     
   5701765.15204617        5661034.37832080        5326564.09420835     
   5255173.04498933        5571953.43976317        5415454.32659280     
   5399674.55239017        5587790.43523375        5566945.75217297     
   5463613.30990461        5605945.71121656        5475348.96103123     
   5412505.64313894        5258054.36619668        5260675.90152951     
   5543215.97481328        5385949.87248691        5237467.43650111     
   5414625.26616585        5065933.92641917        5070280.65673659     
   5558263.47442416        5354430.11687754        5174017.23656889     
   5227884.07778249        5666963.75818949        5443710.90580082     
   5449753.59551264        5245300.31960841        5487687.40121680     
   5398970.83616240        5540177.20512377        5434628.67482842     
   5453808.99554060        5581425.40573879        5382591.93464804     
   5248950.59508753        5632047.37391736        5516418.27885075     
   5407823.25963834        5621563.98092977        5464470.41105355     
   5566939.78565208        5701562.52828720        5570806.97350403     
   5695726.24202749        5751312.90542173        5383423.07087800     
   5621492.71746217        5422124.70892442        5252623.02558321     
   5447834.03806452        5416988.68363388        5626687.54029595     
   5207390.16104060        5592850.35897962        5485063.30201302     
   5700034.95622671        5629703.25371988        5676454.36118428     
   5591438.26127469        5829653.99026396        5445445.11330453     
   5793176.80559341        5905836.04209259        5813948.09730225     
   5675297.76481718        5792559.40955094        5365448.64352414     
   5339591.02512074        5630795.40682872        5834577.31179606     
   5644383.93277285        5673412.42635413        5469234.57323954     
   5355462.90820845        5124388.98542410        5406767.37222154     
   5430757.69002456        5735845.20488029        5571138.72701320     
   5489442.35605203        5279751.75188457        5186064.86741987     
   5401361.75086159        5264124.60042296        5102507.23839875     
   4981811.75821019        5461631.06016009        5339573.98653073     
   5475791.84988393        5394430.31741274        5692695.48505194     
   5144846.35135683        5113160.13140380        5158628.06669308     
   5227220.21000699        5159362.84036057        5422122.57513655     
   4993952.63705525        5298584.86493123        5691326.65412725     
   5497132.69061674        5774631.49808420        5534844.87418897     
   5636349.43897888        5645327.26227324        5398947.18227093     
   5332118.69701391        5216747.92139717        5099788.10214665     
   5505089.42179816        5130387.24388635        5101060.98340282     
   5416815.11210784        5396321.80790373        5415938.96906004     
   5474971.48146899        5662523.05324691        5575659.42050127     
   5036063.72330396        5028425.23177665        4983580.28767159     
   4949012.33912693        5219596.94278644        5264285.94745027     
   5322255.42552644        5238785.75149860        5295546.85497670     
   5486369.74957839        5489177.86815300        5269616.34153471     
   5335091.86541006        5616774.09237424        5255987.06668565     
   5672189.68520847        5882382.35700502        5793153.40128599     
   5325188.89340099        5567282.64762096        5705443.76894145     
   5350582.44953548        5456894.44857823        5422198.73909277     
   5604921.51535082        5171636.65450498        5240044.07533062     
   5245779.23974146        5131401.74927154        4831028.87211145     
   5112503.30862350        5486348.08867984        5741818.63098058     
   5287300.34784762        5049025.07101361        5151131.65335637     
   4909907.05820423        4913830.14016438        5425431.11543986     
   5642842.38016413        5750443.85153039        5175309.21379639     
   5131332.74819423        4854523.84065359        4845091.68484675     
   5025723.91887305        4943257.14341150        4884329.45340794     
   5164541.84038061        5162543.56363719        5395587.52662263     
   5526409.44869345        5123435.04284140        5400923.57051919     
   5300213.35036658        5207576.66322923        5046821.28124028     
   5226112.15065711        4971558.43049730        5463388.08988524     
   5393512.42646862        5326501.44280863        5179894.66740672     
   5319305.12393282        5330321.46222733        5587454.01842405     
   5196626.93218729        5182430.09567702        5149943.97708126     
   5986597.20185569        5398880.46543873        5477846.67814080     
   5766087.73332601        5684817.82050462        5617967.16094963     
   5623531.06143720        6034018.14994246        5655037.01470732     
   5329087.51567142        5485120.27240532        5465878.37155868     
   5355749.62226295        5517582.74524017        5538901.24217116     
   5458954.73835782        5538304.11218435        5399995.47876886     
   5441304.55481770        5660540.77214932        5563200.53713522     
   5114175.47759228        5322303.98394423        5203031.37427431     
   5288122.40341735        5196991.10268692        5108934.47589014     
   5362641.65261468        5310224.23150594        4861850.84479552     
   5254919.96782215        5229616.69103789        5055948.37105160     
   4813388.39920851        5273594.29022963        5297512.45574104     
   5416139.28959247        5591070.29705251        5477804.13292251     
   5944835.00683003        6088092.34113052        5998638.90793833     
   5515551.87486956        5672628.28631335        5805073.43277309     
   5537424.21224555        5608036.55010051        5546885.89253903     
   5222022.87638568        5668443.60178464        5778723.43822112     
   5233129.49977673        5501482.83466184        5057818.85404353     
   5482152.76533063        5478186.90093945        5542794.25696601     
   5146795.00046773        5236634.63482770        5477197.37012471     
   5420189.90193412        5942186.59778229        5408744.59955078     
   5212267.55745179        5663818.24334053        5349049.55751125     
   1623.08329743913     
   2471.42215227794        2401.34944170093        2359.17333624897     
   2432.26347165087        2352.90731375698        2375.14168353154     
   2328.55893583840        2386.59609752025        2461.67918323741     
   2332.53412403075        2341.18238504428        2343.45988590889     
   2373.60595661732        2192.72562167674        2286.17857327605     
   2370.50514861749        2312.85701864248        2308.95488309746     
   2413.35612873908        2468.49406458941        2422.92429981830     
   2357.38450853446        2347.94020143357        2276.26932421544     
   2392.62547753680        2256.73194845347        2166.90694660047     
   2320.60868531165        2299.88172045766        2374.00341473149     
   2219.15433988930        2247.39802159966        2198.26593265261     
   2267.18684794884        2337.70037432514        2236.48696113393     
   2352.96121091539        2324.42303158097        2255.59993818122     
   2166.43536733351        2190.53738277800        2249.66665956424     
   2245.62793055024        2254.80543822024        2291.13285128682     
   2318.58230090970        2251.50419268951        2362.49872186626     
   2383.43257986953        2288.42831773177        2288.75201447775     
   2388.59399840256        2330.84734002553        2281.68597214172     
   2268.47550002311        2300.61777655804        2367.02552655075     
   2396.22858178494        2453.47921997386        2396.53002783331     
   2293.20716717831        2390.23003599798        2436.16855713056     
   2375.90566919387        2332.86728535979        2307.62117228754     
   2363.32067549145        2301.75558728761        2369.10080821506     
   2302.23655021658        2290.62558184270        2325.20408684891     
   2418.88726269447        2300.49507151561        2152.82351934172     
   2302.53774228801        2252.13122762204        2324.98987709147     
   2189.80662967204        2259.13092147765        2212.72116334953     
   2334.76213036323        2223.43597730766        2170.07200528123     
   2206.78735081303        2175.93181903349        2122.39750969509     
   2156.33155418863        2114.30268491290        2153.98767487919     
   2178.93301111700        2019.38213106631        2054.35976399918     
   2051.69707390784        1992.76575406016        2043.44868967190     
   2012.91777503023        2086.24000132513        2101.77933777102     
   2134.50605923930        2099.75753474058        2072.93597038714     
   2189.70560264978        2176.57050264553        2185.22648268442     
   2262.73946953386        2247.55045758127        2247.47647840351     
   2218.43081985127        2220.38366056875        2187.98658758113     
   2231.87990545458        2310.41870345065        2130.02700455646     
   2226.17251478653        2313.52102870065        2188.50433285452     
   2143.18302178506        2256.37312327454        2142.71665170977     
   2117.49135789273        2270.43112459098        2164.17797160459     
   2214.80273663198        2254.49086654652        2235.60500732144     
   2127.29398307904        2197.61423116918        2182.64406626042     
   2133.71373980368        2226.41831194334        2289.94543503056     
   2226.33522987975        2165.41800307425        2296.31605240491     
   2229.02375683623        2216.70459481440        2228.06451098834     
   2143.61986236393        2250.04450847816        2307.59923448312     
   2117.95805599557        2122.09033371306        2098.65983443941     
   2091.31224798051        2214.73520647005        2268.08210442713     
   2216.85467454397        2093.22473393025        2321.93103884133     
   2216.27808293072        2109.34831675064        2139.64043486767     
   2120.00941340553        2178.90406455438        2172.25495184940     
   2241.00569970832        2120.05497358495        2170.94428214692     
   2187.52029227697        2267.77326175432        2094.50990309790     
   2116.00130847999        2130.25296928129        2107.73817379068     
   2124.96237548141        2062.47952162199        2106.55319104598     
   2150.19905865461        2025.13746164441        2029.18756332165     
   2033.73158794981        2056.38712536202        2109.34118990277     
   2177.02339797915        2100.62118799382        2103.19383435591     
   2048.52397393724        2124.82049465073        2108.14620513152     
   2082.19628738971        2171.95241052885        2126.84997436162     
   2039.60209589545        2071.49177062080        1858.77674866153     
   2002.36010116296        1959.09256010898        2065.75801463259     
   2091.96257255143        2005.92241994992        1985.65296815973     
   1997.11407015629        2072.82144532974        2134.31791340605     
   2074.30086174014        1997.94372948867        2085.94220762019     
   2063.69598184251        2072.30969307574        1945.49587231394     
   1904.20505531647        2004.09353871838        2059.32644564533     
   2074.91288120114        2012.67822010779        2075.62116335510     
   2011.10356475499        2073.83907637634        1996.34927911821     
   1996.49969990697        1980.11905932590        1945.55380739301     
   1973.95711370925        1840.83527387571        1985.84496482162     
   1975.42280992750        1976.42757739719        2018.22318945965     
   1948.64443313469        1997.60560679531        2099.23628632983     
   2001.98841459721        1981.09601248137        1981.91036886266     
   1944.88970385150        1983.70380230479        2016.05002272338     
   1985.77061521012        2012.08434007480        2033.31938882335     
   2031.23590109228        2092.27325783348        2019.76850072920     
   2069.83298920218        2007.02355578286        1983.10666333674     
   2018.74236351975        2051.14369234692        2009.21707026538     
   1982.70979046386        1997.82154666791        2002.84204616383     
   2013.96066177103        2023.15355163499        1940.64684155427     
   2035.08160495672        2006.02140951505        1990.53153748718     
   2106.52474920054        2113.16559461244        2071.86655989449     
   2025.61708817972        2066.33684931848        2007.18430887075     
   2091.89807940363        2071.48225067804        2030.46564809590     
   2050.06798635745        2049.22540734144        1959.38569290005     
   2024.47849431984        2077.63161762650        2168.06883411770     
   2031.63254303236        2078.85556870807        2035.54560096193     
   2031.90105120334        1937.60263892192        2021.45237655616     
   1992.57897962935        2044.32633369019        2020.43052065500     
   1983.10600397930        1914.75542415646        2035.82366414388     
   2091.82633786770        2092.56378963260        2089.13350952316     
   2060.87056104317        2103.96422398692        2058.93288811659     
   2026.65121489149        2064.64377373018        2105.22478646281     
   2037.18000056103        2057.79299121400        2138.33226745671     
   2096.07934879962        2110.42598035116        2131.62338303889     
   2140.08329643248        2141.07365574668        2186.41302100503     
   2037.11625453597        2096.78970167202        2139.73142781172     
   2084.80017677322        2125.13797472118        2153.11666590308     
   2148.27862532641        2057.27661727123        2108.63367662456     
   2088.37686901153        2090.54211406079        2140.49243259006     
   2191.64048874952        2259.63460451950        2101.77295842136     
   2203.17165169412        2126.33397136009        2161.78229844465     
   2157.03262484286        2115.70567836315        2285.55939426329     
   2312.15420959211        2210.78040072890        2180.93746675480     
   2216.30811688387        2062.66441100996        2140.81998245260     
   2261.16024270447        2201.68949791631        2080.37119117117     
   2160.07134462042        2000.97891686784        2152.87668506879     
   2183.62637903337        2161.47371923129        2077.95354936641     
   2090.39274469622        2088.03698771454        1976.41914636442     
   1936.39438259565        1990.60987575322        1927.93649320433     
   1956.99146759821        2047.99786657388        1994.09216474105     
   2011.66324136718        1989.75334795902        2038.10666840855     
   1989.33560667287        2115.86511378936        2019.99822020611     
   2080.68455458585        1979.75742024471        1958.81506399454     
   1994.56555291352        2062.74443809299        2063.24787347434     
   2053.99861507968        2077.30720337720        2095.01900186819     
   2136.10493624852        2042.08264601155        2027.40278132008     
   1991.70789801121        1957.50803342141        1989.32123156431     
   2073.64177040357        1915.99560049705        2128.84519180644     
   2072.63318470012        2130.52523898877        2184.72687698382     
   2095.97053598436        2022.80339625190        2056.47363963975     
   2074.29086265058        2051.01347817954        1995.43398357366     
   1963.26418922870        2012.19670894989        1933.40899518587     
   2092.59531914909        2053.41150206547        1978.96702840724     
   2143.01784814474        2145.20041359315        2142.48699281880     
   2137.64672776396        2050.43233141828        2131.05519698699     
   2159.89222816328        2183.59102345377        2150.28112514578     
   2117.55092623882        2161.85334057351        2175.61995254540     
   2133.35621026193        2117.65732313178        2033.16230149872     
   2129.75623792819        2043.52432110982        2003.91968624439     
   2064.88783183220        2045.52236100619        1872.90133273253     
   2020.27840128112        2003.54460572347        1937.19486781225     
   2041.78664949938        1982.64990160606        1944.98325614369     
   1919.41520567240        1956.11854462799        1893.16210938657     
   2006.05025532649        1985.13062250041        2092.61481067592     
   2009.35502040916        2050.15121427653        1977.94975441607     
   2033.26620738508        2022.68068396693        1865.24852139971     
   1974.58735248157        2000.52546589648        1953.02204511692     
   1976.04105445256        2044.63907677869        2080.47851299421     
   2085.79274257593        2029.65370358218        2042.33039072971     
   2115.49113040707        1991.54106973213        1985.48334665493     
   2020.52696685932        2076.27867504296        2007.24161443703     
   2073.01410710221        2046.95338356243        2003.52978249557     
   1959.69280130645        2021.95914080441        2002.26874845177     
   2044.33337934468        2046.23399143171        2083.36898322903     
   2202.54396123436        2206.69623039029        2161.91200164399     
   2150.54812898698        2050.15288469676        2013.75619539147     
   1982.31455835391        2065.35309863152        2099.46200114553     
   2027.40033830542        2021.15503986963        2104.39258976432     
   2041.32240791229        2034.42785486745        2059.47071927032     
   1987.72148954070        2050.78222895907        2041.94312219302     
   1990.95515115038        2096.61493171453        2053.58596947117     
   1964.39814257435        2035.66815739526        1909.22699066308     
   1849.94517055335        1886.86283992737        1976.31264186343     
   1923.67320536323        2025.58255395162        2091.78724396150     
   1993.37836175463        2090.83386142243        2006.90581893076     
   2080.03792374081        2118.90951318470        2029.82859450376     
   2051.30775940694        2199.17167755901        2096.52075624858     
   2047.71083307210        2061.53896705598        2063.84814074457     
   2123.07107932740        2101.85460665029        2155.47821168383     
   2096.08522776820        2145.70918321123        2048.70293859956     
   2052.35911977825        2074.48458593872        2068.81092246368     
   2000.93937188775        2098.69868738120        2133.00759900697     
   2028.70688787716        2011.25091392949        2037.87547945776     
   2132.19167366293        2144.92289135290        2103.92788448249     
   2100.67352126927        2087.22056132746        2057.91982430356     
   59630.0000000000     
   429.291167307628        44.5096409120080        279.780876424284     
   153.833773055973        102.736168523015        92.6256782046761     
   61.0235815481006        720.960571335600        46.3673543964643     
   1439.40924565723        347.979509376233        252.569357686954     
   86.7715743123487        75.5707781114844        87.7486561224578     
   106.451595491928        695.397091874548        438.160386313554     
   268.705884748326        67.3263882459288        94.7266137706188     
   1145.05181828042        37.5149093271927        272.777757871141     
   84.3687078866297        1887.20625857864        155.066657400059     
   202.775926728862        342.578301773570        333.059092722292     
   50.8376085148175        64.6132039921065        247.474274428230     
   337.411929284066        171.991559484181        265.682382666401     
   148.633852693161        54.1462675198650        585.825544164933     
   59.0652244437189        25.3789661578549        9.70791583863750     
   79.9823234515478        47.1263750300684        111.764739927156     
   51.4875985601690        118.138835855765        84.3141925925035     
   129.708658663022        288.826221765079        1673.72856026438     
   1168.18307692660        1484.96306412596        1404.97235370609     
   225.190099583082        219.470187183988        495.388864693635     
   30.3105035341995        181.980438761777        412.957546490569     
   64.9696501460090        175.673438579785        86.7589938598580     
   21.6341847997974        157.251462649273        141.416866447677     
   538.799812754790        36.1729943948540        1226.43476544259     
   236.927661756881        42.6687013642059        191.700935052905     
   486.360293289493        103.449060830820        374.725551371408     
   9.25921303313676        443.620302694507        213.175767454487     
   106.069988433044        76.0027069803309        20.4767831706553     
   224.351402750370        30.9101717695883        328.743997517991     
   76.3507661659063        109.496064994671        103.797120016395     
   267.473000404240        197.026659940624        138.972065180323     
   318.683829009614        139.466896311622        509.122525329288     
   453.449829573888        310.644919868073        46.0067147583983     
   769.139510890722        129.394147350755        17.2436068805518     
   400.008067393501        102.706814133870        47.6295931296954     
   323.808266657482        30.2517947559097        528.467067775783     
   641.615657476913        136.787259931109        201.966584285296     
   270.819400766760        286.633029547538        326.416613807216     
   93.5859860781309        215.264122567939        594.891856926546     
   6.48312651686116        521.438788317659        11.3056333049532     
   137.902726718615        97.8255985674884        87.8283323215654     
   8.19406805559295        6.49570696935183        130.312520382575     
   46.8454115911100        266.986556241267        9.90500959432474     
   82.2509983840328        83.4503348548105        7.09537520474067     
   987.720679432035        35.5104238970118        72.9792048984054     
   125.150341377234        104.124211781153        786.710209536031     
   273.171945382516        28.7756883303372        757.339046454468     
   365.189568383476        1926.91016663921        88.1680045388136     
   2677.14545092061        110.817012506192        122.286191693524     
   147.992249616137        288.042040226494        201.052404737640     
   77.5752635416653        557.905326603962        1147.19888217216     
   101.054581373428        74.7069203737914        87.7822039957662     
   296.395460680302        595.772488600893        94.4624242683146     
   53.9114324067057        179.950792426614        1437.80733470675     
   117.434330516287        132.950221921453        62.7680709601409     
   350.038510100540        240.353738318508        194.808306818102     
   152.399601472036        35.9213853450405        89.3254061679557     
   239.192143205203        168.808705004040        221.118226460266     
   681.105697845142        162.627509346955        379.900310829239     
   370.955609108369        168.230004189469        1008.20584957102     
   197.206979759657        1154.55005991088        137.550474048876     
   1281.00457486298        23.0977107728792        842.370324838940     
   119.849777394497        755.414237223395        131.335730518483     
   789.297589264946        31.4511312266874        254.896741397729     
   213.448343925118        63.8625703268296        24.7834914066297     
   66.9154267979001        400.989342687773        92.0050425484694     
   36.5294405487565        52.6240327684933        55.3581844431333     
   41.8971002781111        187.683577224216        103.440673862493     
   204.579124919192        222.271434605245        173.513794235552     
   105.407417935202        171.890915864255        63.6277352136703     
   111.202813049239        146.901943733611        327.762722223718     
   22.8167473339208        191.369649803984        195.630229714159     
   64.7390085170133        100.190723635735        260.134403118013     
   17.9690796408474        49.0721516819594        37.9174838068943     
   160.186901563764        101.956180468593        176.172463195248     
   208.936154965130        246.564288364738        7.82084796503626     
   551.946385607546        16.6271647085087        335.696794261170     
   66.6051089697967        138.275946809172        321.703137607376     
   13.8972065180323        175.333766362537        124.470996942738     
   58.2978168417877        42.4422532193737        92.9737373902514     
   348.692401684038        100.517815400493        115.576617031831     
   70.5847254410136        191.713515505396        267.959444567213     
   98.7523585676348        81.8568108726583        131.553791694988     
   44.8577000975833        123.934230969802        444.937056721864     
   311.458455795803        62.1893701455698        107.747382098467     
   350.667532725074        17.1807046180984        48.5060313198790     
   189.017105188228        216.828292160946        24.8631676057373     
   25.9283125832811        35.4684890553762        123.309401829432     
   381.196097435778        176.067626091159        418.685845857989     
   509.118331845124        142.725233506707        499.687185961282     
   521.132663973719        108.040925989916        44.2622253463580     
   16.7907105908875        507.927382342674        733.272640839807     
   746.305989620146        52.3975846236612        761.213825821596     
   54.4104570221691        36.1100921324007        161.365270613724     
   228.335212705750        110.292826985747        140.922035316377     
   174.742485095475        162.501704822048        259.371189000245     
   716.301610429887        1113.60907402206        170.574161836898     
   830.280509995402        475.759165324018        83.9787138594188     
   95.7120825490550        197.517297587760        968.954837800112     
   118.688182281191        24.8296197324288        103.767765627251     
   262.503721670423        23.6596376507960        202.834635507152     
   307.055297424067        85.3080483392668        207.044893607365     
   388.060831011523        494.063723697950        384.794106848111     
   327.724980866246        582.596561358993        771.156576773393     
   226.645238587836        117.438524000451        838.357160494415     
   375.186834629399        154.056027716642        550.650599001006     
   1069.14556143585        1177.98324941684        179.393059032861     
   110.594757845523        60.9522923173201        296.156432082979     
   160.828504640789        458.704265230826        88.4028396519729     
   131.117669341978        747.710806814939        610.902579463012     
   78.7620195599523        18.4890716771286        448.132491654496     
   528.043525875263        42.7777319524584        17.7761793693237     
   347.945961502924        658.980875398208        104.765814858177     
   135.759856311037        185.897152970540        22.6783623565234     
   197.336977768727        31.8662861588796        105.415804903529     
   9.39759801053419        123.431012870175        292.596164028118     
   272.450666106384        121.808134498878        375.207802050217     
   578.914682263389        86.3564193801564        196.204737044566     
   226.779430081070        14.9288036222676        327.012088558441     
   649.113607161355        696.864811331794        117.954322552568     
   113.333103004327        52.9553180174144        445.180278803351     
   817.272322120044        61.7658282450504        873.875971359754     
   324.206647653021        53.7017581985278        68.8947513230996     
   387.247295083793        863.958381312938        684.850479203199     
   323.250533263729        53.7688539451447        523.514562978620     
   70.5973058935042        290.323295611469        60.6377810050533     
   49.7263352114745        219.956631346961        469.758289485966     
   322.231516611985        26.9431357508622        360.094485124753     
   66.2528563000578        121.980067349584        171.798659212657     
   118.033998751676        196.645052881740        150.579629345052     
   72.8366264368444        26.3895958412725        125.452272237011     
   79.9823234515478        194.732824103157        45.1805983781773     
   29.9834117694420        397.793907755142        39.5864905039905     
   113.542777212505        674.781923726496        52.6827415467831     
   103.994213772083        274.161607645116        86.3773868009742     
   99.8720188393048        38.1984472458527        57.9497576562124     
   40.6642159340250        256.846711533783        752.466217856414     
   129.842850156256        173.169928534141        127.381274952247     
   107.428677302037        117.065303909894        339.127064306961     
   22.3219162026209        40.0184193728370        579.711444254465     
   771.202705099192        15.7045981925259        290.046525656674     
   35.6823567477177        416.475879703794        566.002944523793     
   56.8091299637245        482.057778537683        213.100284739543     
   22.0870810894617        119.224948254127        96.7185187483090     
   187.725512065852        20.7241987363052        100.069112594992     
   97.0372235447394        65.1290025442242        275.725777238123     
   177.841469892345        233.413522027819        346.004378335197     
   95.1417687028111        587.062621993183        63.1077431773891     
   451.420183238726        231.786450172359        29.1363279684032     
   64.3783688789473        266.525272983276        57.2033174750990     
   1318.75431930333        53.6514363885651        91.7282725936746     
   113.710516579047        416.224270653981        167.663883827389     
   201.153048357565        109.118651419951        351.942351910795     
   164.598446903827        64.3615949422930        6.74312253500177     
   73.5662926813035        67.2299381101669        181.104000571593     
   165.244243465015        335.579376704591        174.532810887297     
   59.2371572944248        215.813468993365        22.1080485102794     
   100.891035491050        45.8305884235288        95.2969276168627     
   135.088898844868        291.317151358233        771.026578764323     
   369.240474085473        87.9331694256543        237.556684381415     
   407.887624136827        122.613283458282        145.610350611235     
   116.478216126996        183.053970707648        23.1102912253699     
   25.4754162936168        24.9596177414991        55.1652841716096     
   24.5318823568162        41.9012937622747        154.819241834409     
   564.015233030266        65.2422266166403        71.8008358484455     
   215.754760215075        78.1707382928906        102.601977029781     
   52.1879104154832        65.0199719559717        591.314814935031     
   126.752252327714        86.7422199232038        288.759126018462     
   55.5301172938392        107.349001102929        158.064998577004     
 ------
  0.000000000000000E+000  0.000000000000000E+000  0.000000000000000E+000
  0.000000000000000E+000  0.000000000000000E+000  0.000000000000000E+000
  0.000000000000000E+000
  0.000000000000000E+000  0.000000000000000E+000  0.000000000000000E+000
  0.000000000000000E+000  0.000000000000000E+000  0.000000000000000E+000
  0.000000000000000E+000
