           3          12          12          12
   4.20000000000000        7.91500000000000       -5.20000000000000     
   29000000.0000000        5460754.00000000     
        7180         760        3954
   2971247.85714286     
   6576905.71428497        6520663.80952483        6513707.61904707     
   6509243.80952411        6492352.38095270        6486373.80952417     
   6490338.33333324        6486933.33333319        6495963.80952308     
   6502964.04761857        6490171.66666735        6489972.14285723     
   6452511.66666674        6456563.57142836        6423131.66666642     
   6416341.66666719        6408788.80952287        6402847.14285637     
   6367578.33333320        6362013.09523773        6356561.19047558     
   6349100.95238062        6349056.66666673        6344645.71428619     
   6336439.04761909        6313659.04762007        6325922.85714235     
   6322131.66666572        6313540.00000011        6324820.00000014     
   6332470.23809432        6326771.42857129        6320594.04761802     
   6326440.00000056        6322681.42857148        6303114.99999985     
   6299759.04762001        6317656.90476193        6337547.85714221     
   6345466.66666640        6380532.14285781        6372925.47619038     
   6374107.61904775        6307427.85714257        6260696.19047608     
   6250192.85714227        6297551.42857177        6302011.66666609     
   6361824.28571404        6443190.23809530        6433294.04761813     
   6426182.14285715        6452452.85714353        6437046.42857234     
   6425110.95238058        6423846.66666740        6387427.14285615     
   6356609.04761801        6360293.80952269        6360253.09523819     
   6327849.99999903        6313000.95238073        6324416.19047617     
   6317476.66666704        6316221.66666681        6325629.04761880     
   6303205.47618977        6288482.85714246        6295214.28571385     
   6291391.90476080        6287553.57142851        6317130.23809530     
   6322233.33333355        6327655.23809463        6331562.61904816     
   6341196.19047571        6345632.85714255        6364072.14285671     
   6376526.66666774        6378962.14285785        6367798.57142793     
   6358556.19047542        6372755.71428484        6332666.66666642     
   6257041.42857083        6246998.57142897        6257241.90476091     
   6289944.99999994        6298601.66666709        6283494.04761992     
   6262402.85714220        6254402.85714292        6256017.38095163     
   6283991.19047517        6314798.33333311        6314280.23809457     
   6310206.90476247        6329657.85714312        6342320.23809540     
   6362024.04761885        6362081.90476114        6366073.57142836     
   6366237.38095157        6363192.14285633        6344133.09523827     
   6320941.90476178        6306161.90476208        6333394.52381034     
   6329547.38095132        6324104.99999984        6324946.42857136     
   6304619.28571502        6301681.42857128        6283472.38095189     
   6146109.28571367        6156071.66666601        6140761.90476235     
   6135291.42857263        6146758.09523780        6086991.19047553     
   6080329.04761849        6099496.66666616        6125760.95238088     
   6126312.61904738        6086452.14285726        6030325.95238063     
   6038464.04761854        6030952.14285738        6026162.61904834     
   6009318.33333317        5991250.47619165        5885438.33333406     
   5888259.76190444        5875643.80952429        5886991.42857075     
   5877980.47619025        5867658.80952404        5855127.85714354     
   5829525.95238160        5819896.90476141        5829730.95238144     
   5833591.66666633        5930456.42857172        5896647.61904767     
   5888063.57142820        5887951.66666710        5886840.47619138     
   5887300.95238100        5903998.57142831        5926104.28571348     
   5949112.14285632        5998141.19047644        6001774.52380903     
   5979687.38095169        5920819.28571400        5951542.61904711     
   5968647.61904699        5945734.99999971        5938941.19047678     
   5938397.38095214        5948341.66666747        5958872.61904721     
   5969444.52380988        5944514.28571381        5932993.33333345     
   5900104.28571365        5889925.47618997        5942145.23809554     
   5903522.61904754        5924731.66666519        5907664.04761958     
   5858079.04761943        5835826.19047619        5833514.76190463     
   5823109.76190464        5810932.61904802        5813220.95238081     
   5810689.52380923        5821541.42857115        5899733.80952385     
   5951852.14285775        6012556.19047620        6004292.85714264     
   6009655.71428544        6040259.04761860        6077115.47618964     
   6122859.28571515        6143061.42857134        6139917.61904735     
   6130421.42857096        6162052.38095173        6160905.47618971     
   6137375.71428601        6119275.23809524        6068740.47619009     
   6040658.80952446        5972201.42857084        5959230.23809597     
   5938821.42857102        5856963.09523871        5771211.19047709     
   5770602.14285711        5750846.66666656        5719010.71428642     
   5708302.61904782        5700252.38095268        5693450.23809524     
   5675627.61904827        5661159.52381030        5676324.28571484     
   5753513.80952375        5749929.04761867        5733258.33333318     
   5746792.38095203        5706130.47619055        5691949.76190426     
   5681585.23809534        5668767.14285826        5672843.57142830     
   5694319.04761980        5680392.61904760        5740762.85714350     
   5763438.57142825        5773352.14285675        5774740.00000001     
   5823905.47619060        5855474.04761864        5858293.33333361     
   5922267.61904828        5962721.19047665        5959151.66666622     
   5942109.04761933        5931021.66666594        5931444.28571386     
   5935654.28571462        5946917.14285714        5963094.04761887     
   5963373.57142795        5962499.28571326        5960353.80952400     
   5974313.57142800        5956610.47619031        5992029.99999969     
   6017384.76190440        6052275.23809469        6081415.47619030     
   6070921.66666606        6061538.33333309        6070184.99999918     
   6052943.80952307        6065004.04761956        6124435.71428611     
   6117698.09523863        6121717.85714211        6128959.76190477     
   6121760.23809525        6066228.33333362        5995168.09523827     
   6019675.95238102        6002900.47619020        5996695.00000038     
   5954367.14285706        5924374.28571470        5926346.19047661     
   5924641.19047615        5922015.23809628        5920185.47619124     
   5968552.14285719        5972770.95238125        5965764.28571466     
   5953483.33333389        5967341.66666728        5983408.57142856     
   5997043.80952341        5994090.23809580        5936931.90476180     
   5885650.00000029        5897395.47619007        5940912.38095217     
   5964702.85714263        5973088.80952398        6001328.57142810     
   6009035.00000009        6016873.09523858        6021682.14285825     
   6023965.71428603        6085463.09523867        6092573.80952304     
   6065245.47618974        6042037.61904737        6018438.09523844     
   6019017.38095156        6013591.19047707        6042853.80952352     
   6037678.80952382        6037615.00000026        6047319.76190469     
   6046006.90476189        6044012.61904804        6044870.23809505     
   6056937.85714341        6045562.14285694        6037782.61904771     
   6075235.95238138        6101323.09523838        6097843.33333334     
   6036871.19047621        6019845.23809499        5949427.38095280     
   5881585.71428557        5988826.42857095        6159713.57142903     
   6197023.57142769        6218147.85714333        6196475.23809516     
   6187366.66666690        6207231.66666730        6196466.19047574     
   6249629.52380967        6260657.61904829        6259033.09523809     
   6115058.33333349        6139120.71428535        6154747.61904682     
   6154811.19047570        6144768.57142888        6128312.38095235     
   6142604.28571413        6142673.80952403        6125014.52381027     
   6111929.52381043        6081413.57142892        6069972.61904713     
   6069917.85714141        6069480.00000018        6093204.28571338     
   6116613.33333397        6066759.28571421        6013974.04761812     
   5980729.28571389        5945253.09523765        5958397.38095233     
   5969572.61904727        5835374.52380908        5786703.80952399     
   5794616.42857105        5812009.04761942        5728808.57142848     
   5747486.42857201        5737591.42857196        5651981.66666673     
   5653447.85714348        5604521.19047538        5623432.38095252     
   5600587.14285729        5606417.14285694        5627939.99999975     
   5585658.33333378        5541830.23809484        5499644.28571402     
   5488662.14285682        5486509.28571527        5456916.90476262     
   5448176.90476257        5477282.14285716        5514900.71428544     
   5504595.47619065        5492995.47619096        5436513.09523759     
   5452608.57142976        5420424.52380944        5381453.80952412     
   5337384.04761920        5329409.28571427        5333321.42857169     
   5373366.42857133        5432572.85714348        5446906.42857109     
   5438418.09523816        5447217.14285794        5447001.42857178     
   5456334.28571367        5454238.57142893        5468572.14285803     
   5496174.04761847        5489642.61904811        5476507.14285743     
   5476474.04761891        5512005.47619069        5462478.57142829     
   5457076.42857163        5451996.42857182        5435620.71428496     
   5423220.71428579        5490352.38095218        5519966.66666683     
   5538842.38095242        5568318.80952357        5561974.52381024     
   5538181.90476150        5534099.04761824        5528639.52380890     
   5581780.47619029        5620124.28571445        5639263.09523744     
   5631126.42857106        5619853.33333324        5579630.71428639     
   5593045.95238055        5602458.80952373        5656358.09523816     
   5635994.52381002        5504215.47619116        5450640.00000008     
   5365773.57142813        5313985.23809526        5335068.57142830     
   5327131.42857132        5333868.57142797        5350809.52380858     
   5352963.09523765        5386627.85714275        5388991.42857088     
   5387022.85714214        5371734.04761913        5344647.85714379     
   5428539.76190425        5457019.28571433        5501123.33333355     
   5476949.76190533        5467364.28571426        5476503.80952348     
   5496679.04761824        5509110.23809583        5506061.90476200     
   5479388.33333374        5447273.09523817        5519550.71428636     
   5512209.76190447        5472814.04761954        5451736.42857063     
   5433227.61904754        5403349.04761896        5385250.23809617     
   5375213.33333272        5387936.90476199        5323865.71428559     
   5316061.66666646        5311166.66666652        5283636.90476184     
   5247268.80952409        5249534.28571418        5273452.38095301     
   5270740.71428616        5251028.09523829        5231398.57142875     
   5254210.23809544        5241632.85714329        5241455.95238104     
   5351653.80952313        5310802.14285797        5304982.38095261     
   5296047.14285758        5291661.42857144        5301082.85714269     
   5322840.95238123        5327605.71428551        5342635.23809548     
   5346713.09523893        5354868.80952411        5304485.95238064     
   5280813.80952391        5221348.57142861        5245989.76190488     
   5120476.42857200        5101838.33333266        5089752.38095182     
   5095889.99999960        5130078.57142803        5130045.95238159     
   5193147.14285699        5200413.33333324        5109542.38095254     
   5130700.00000040        5090596.66666704        5068289.52381026     
   5065409.28571383        5036651.90476124        5038544.28571366     
   5077467.61904720        5120821.19047627        5101276.42857160     
   5132270.95238092        5257993.80952341        5239591.42857203     
   5219875.23809573        5220779.04761859        5218613.33333315     
   5213199.99999961        5208078.80952357        5111127.85714232     
   5071592.38095281        5085797.38095212        5120125.71428573     
   5124945.23809593        5116236.66666659        5134620.71428554     
   5119770.71428606        5123953.57142837        5110624.76190478     
   5118465.95238077        5128568.09523830        5162115.23809548     
   5156027.85714229        5138408.80952364        5141223.57142838     
   5225043.80952389        5270044.04761903        5267988.09523815     
   5279493.80952395        5256690.23809487        5208789.52381013     
   5216831.19047628        5225898.33333372        5229264.28571368     
   5249895.23809503        5236875.95238081        5243142.38095215     
   5258465.95238145        5253518.09523764        5244361.42857083     
   5192271.66666735        5197384.76190474        5198081.19047638     
   5201901.66666668        5189302.38095204        5188331.90476191     
   5174986.19047564        5172622.38095280        5107246.42857131     
   5095974.52380933        5091989.99999983        5087344.04761931     
   5062995.23809571        4974651.90476181        4967980.23809519     
   5080553.09523776        5013952.85714254        5002721.66666637     
   5033947.38095238        5029163.33333341        5031575.71428560     
   5038630.95238129        5055300.95238169        5048806.42857136     
   5047799.52380955        5026998.80952288        5019680.95238096     
   5029833.09523782        5026067.85714368        5053033.33333374     
   5062316.66666675        5051026.90476195        5049687.61904716     
   5043225.23809579        5022362.38095276        5049789.76190464     
   5106887.61904721        5110279.76190464        5096081.42857150     
   5112352.85714278        5116152.14285731        5040234.28571430     
   5006152.38095244        5013145.71428596        5227482.61904682     
   5176941.19047634        5115533.80952326        5141610.95238120     
   5139520.23809563        5142527.85714345        5156005.71428569     
   5153695.95238072        5212588.33333385        5216424.52380926     
   5189731.90476177        5163392.85714256        5170143.80952326     
   5157002.14285704        5179483.80952396        5198803.80952325     
   5222448.57142926        5231184.52380927        5211317.61904750     
   5226135.23809508        5232470.47619041        5220334.99999986     
   5194172.14285682        5164521.42857146        5141934.99999935     
   5138658.33333295        5109650.95238091        5099375.23809527     
   5093875.47619088        5098961.42857164        5104076.90476176     
   5106584.76190448        5095812.61904757        5100046.66666612     
   5121540.00000017        5193682.38095222        5201561.66666728     
   5219307.61904774        5247494.76190535        5271982.85714258     
   5282739.28571360        5305143.80952435        5175171.19047689     
   5149328.33333385        5182708.33333300        5211283.09523832     
   5205476.19047595        5188287.61904753        5181438.33333358     
   5190865.00000044        5204843.09523865        5217935.95238112     
   5236342.14285734        5267205.00000065        5267384.28571372     
   5254221.66666651        5112747.14285763        5102510.71428591     
   5120504.04761970        5147811.66666664        5143886.90476243     
   5131340.47619107        5139487.38095222        5128733.09523828     
   5136117.38095206        5132650.23809553        5129996.90476243     
   5162971.66666670        5181380.23809576        5167678.80952436     
   5168663.09523884        5165120.23809585        5156816.90476228     
   5167907.85714259        5183115.47618946        5178903.33333319     
   5188149.99999974        5218031.42857155        5198109.76190464     
   5191605.00000061        5170083.09523840        5116864.28571503     
   5130418.80952421        5121629.04761869        5072948.80952377     
   5058775.47619040        5145388.33333346        5159818.09523860     
   5088657.14285739        5070554.28571439        5078730.71428482     
   5074435.00000007        5121778.09523760        5101172.38095295     
   5085832.38095181        5228788.80952438        5273061.90476199     
   5269329.04761964        5276426.90476218        5297466.19047686     
   5314899.76190418        5324611.90476197        5321085.23809574     
   5321456.42857183        5356583.57142825        5357296.19047589     
   5346557.85714296        5340196.90476203        5351934.04761961     
   5408647.14285775        5406765.95238047        5425181.42857189     
   5443588.33333256        5432568.09523814        5369657.14285755     
   5330712.38095137        5372080.00000069        5413798.57142821     
   5414237.61904805        5420909.52380938        5422384.76190482     
   5405837.14285776        5352683.80952292        5341387.85714266     
   5333972.38095182        5291657.38095226        5288866.66666731     
   5279459.04761948        5282114.04761855        5296567.38095249     
   5369044.99999996        5344908.33333280        5326736.66666588     
   5362989.76190421        5382508.57142858        5365075.95238048     
   5454889.28571406        5485649.04761900        5548664.52380950     
   5628365.00000012        5611898.09523780        5596824.28571367     
   5600379.04761851        5612229.04761941        5573108.80952300     
   5496449.76190435        5500637.61904775        5524573.09523842     
   5544163.57142836        5555884.76190516        5583453.09523845     
   5566713.80952298        5568750.23809580        5570271.42857088     
   5578835.23809536        5589127.38095266        5600400.00000000     
   5585419.04761928        5572802.14285776        5571342.61904718     
   5574352.14285688        5566921.90476202        5570014.99999985     
   5550355.00000075        5506963.09523796        5536128.80952352     
   5506296.19047562        5481859.52380956        5528306.42857114     
   5566431.19047630        5542547.85714237        5532583.09523741     
   5525357.38095255        5519070.95238019        5512702.38095206     
   5536695.95237997        5526404.76190456        5523043.57142943     
   5546350.47619016        5559935.47619106        5561150.23809612     
   5539027.14285697        5508515.71428499        5437934.76190427     
   5446390.71428505     
   1593130.87926290     
   3102888.89359962        3056207.03637630        2850083.09833392     
   2894589.22771899        3084582.03727299        3002512.71098279     
   3131973.30546796        3193071.91055650        3074734.29665599     
   2903108.36701070        2957119.84777477        2900481.38523018     
   3154265.37901967        3401029.69393489        3087239.46976312     
   2909356.03321988        2959229.98418973        3208922.31151532     
   2983940.13170862        3195130.11496787        3045117.21540220     
   2836581.14111497        2945401.28224623        3090450.72830251     
   2953516.33694556        3236101.03691919        2951515.71906647     
   2941046.91067978        2952735.66178432        2957482.46804487     
   2878046.16527855        3052642.15140922        3222630.81414208     
   3043480.76302464        2966588.99055629        3350248.15502320     
   3052133.42893965        2863498.73421010        2993452.16928833     
   2763770.69226977        3004722.44522545        3054950.74751304     
   2857415.97204805        3132466.83054794        3326898.87359620     
   3116583.89273275        3145659.55173939        3156733.93543901     
   3171535.69210826        2799509.96782001        2860651.54971926     
   2889097.10516366        3045147.24396323        2977943.81998201     
   2914135.15567360        3040327.01771858        3135130.05720875     
   3183943.19524790        2839834.02064429        2884814.84701654     
   2894408.49656588        3054016.76600679        3086922.96531580     
   3045683.33691052        2879483.11013951        3106491.08468506     
   3043613.28841659        3184404.23494023        2933402.79190736     
   3063231.68208627        2976509.61662814        2966880.04593151     
   3123909.76758324        3002104.13903646        2936363.75101169     
   2971572.00518503        3113979.06062499        3294559.99824742     
   2905596.10615294        2764058.18873917        3011759.87434480     
   2958212.05494840        3106725.76650246        3116775.29006943     
   3007248.95293935        3033409.55537168        3042252.62019392     
   2829000.47630097        3116334.44878533        2912304.36314056     
   3033096.34187693        3092196.55445071        2980215.81330142     
   2956372.03321160        3007701.70765649        2975285.97628957     
   3116968.96657346        2971725.80179719        3296068.57759606     
   2953122.16345655        3276517.45816250        2964730.56433647     
   3129323.44814553        3139292.57309393        2938368.04823492     
   3181593.53873026        2914523.68554917        2832599.70255701     
   3256523.63171172        2884314.11727897        3144660.90054108     
   3054273.81959288        2952802.80847921        3115634.33898735     
   3160041.80252830        3397921.34344089        3209598.31702011     
   3124795.75750777        3161537.92858893        3409965.10722871     
   2978009.91196060        3198108.40783695        2800020.36605832     
   2962466.93483652        2930124.34520758        2908168.55656986     
   2983311.68510785        3066716.72122033        2875903.91054897     
   2963252.04926172        3038877.09557798        2886348.19022036     
   2698437.55812381        2737418.99706102        2877369.02753695     
   2938382.76604509        2858527.08688508        2884332.04845428     
   2899341.52257448        2836756.39616567        2665779.66895534     
   2865015.22956938        2994163.27143770        2961431.81937421     
   2862935.07927827        2851974.10206261        2867199.31039786     
   2808626.11541060        2856301.81956323        2890482.17622060     
   3077707.21077725        2851722.57999865        3052393.77791027     
   3003245.69408862        2923138.80273867        2931411.48992903     
   2738254.25219996        3007453.13534746        3098687.37784662     
   2873660.36624804        2667812.62206867        3266227.12452804     
   2658721.54183416        2944740.43426823        2819531.55241884     
   2880718.37108438        2897102.57898467        2915742.63792608     
   3018164.70617539        3448995.17725551        2881130.42567240     
   2967572.12308479        2946888.85503585        2928807.53677074     
   2877115.24953240        2909188.19842400        3020485.36180041     
   3050205.06406149        2962049.32869559        3055499.67699225     
   2996196.34672258        3081736.62112064        3063931.13589674     
   3043408.08267226        3133997.69711755        2909996.62129182     
   3061310.80377865        2889325.87889854        3015154.39729395     
   2907207.85289753        2952610.28248689        2993497.50170595     
   2899170.58259729        3037775.89824732        3185984.79337894     
   2886276.53561241        2932913.38567187        2696865.34617728     
   2731792.30214956        3033727.20004986        2968405.77691479     
   2838384.78929688        3002545.98612654        3059455.55675520     
   3012850.42661075        3053847.38143599        2710924.52848166     
   2849995.07409550        2955312.37910212        2815739.83805139     
   3103875.28630215        2929752.51309607        2721701.13339964     
   2965139.81093495        2998973.28974308        2911782.19846517     
   2804767.74666750        3020504.61481992        2959907.23584003     
   3031337.95642912        2825648.86390298        2798248.60857885     
   3123373.11143181        3096310.15973605        2920107.75539979     
   2917352.91382828        2898417.39111798        2706181.52321703     
   3002428.62639209        2997908.22748673        2946020.18763116     
   2830130.96917365        2775012.68759276        2982107.12637294     
   3134655.98168579        2911242.57959824        3125103.08512876     
   3041504.45609025        2998602.95236687        3175874.03926000     
   3056795.38659134        2984367.81322725        2715816.19754288     
   2877748.14506069        3091592.08042558        2899435.29481234     
   3203065.04659331        2921430.55162605        2986187.56511071     
   3327056.01791234        3265952.46725810        3244954.41429589     
   3010239.38962711        3121094.12311850        3146685.08935441     
   3045694.05553829        3033266.33315022        3032344.06974535     
   3204584.10795580        2947002.60621098        3285704.23701110     
   2942635.20565602        2868604.67204029        2905424.46991193     
   2959813.77349109        2529331.40885602        2909495.15723660     
   2931817.01273213        3014913.76380658        3082486.11035206     
   2844376.98905923        2852263.15970131        2932536.73526731     
   2780512.25364274        2840589.16666918        2777052.23450208     
   2790229.19080439        2810331.32331237        2944240.99215078     
   2990562.04452830        3102912.32018269        2919035.04859114     
   3160128.95976838        3224813.77039265        2896644.58247960     
   2849312.33490724        2966059.37594071        3227409.75851322     
   2831713.59173956        2910859.45951721        2828610.92094177     
   2942344.19908246        2951124.16329068        3243657.10001487     
   3406606.88986551        3025132.63114693        3158294.79277986     
   3389918.33397382        3266988.98721851        2971279.97223283     
   3216866.36298531        3229050.55081265        2995803.95338956     
   3610140.91089027        3127797.85871838        3200041.10725823     
   2904495.14767975        3086945.11798691        2950437.96908948     
   3263882.26062825        3049673.10174235        3105228.98630448     
   3213685.68842432        2941959.87254091        3208051.71711849     
   3036728.36296237        3240632.00934901        3240047.16954338     
   2920646.81226379        3025466.13719260        3112208.00060018     
   2827763.17260333        2943740.61042973        3176324.14253072     
   3077053.19245564        3416745.54682084        2991999.10980930     
   3067334.84128856        3301610.74640243        2843551.37184465     
   2746956.94575862        2944946.67272335        2809677.26460390     
   3103726.37744520        3010111.81166556        2684036.10437054     
   3043072.07436429        2657254.33409581        2990899.72755598     
   2904665.52669964        3378391.39937819        3135878.53084022     
   3108083.20088264        3224263.63407783        2934878.83035376     
   2992210.01654006        3000283.38981062        2773486.74337311     
   2756634.65821195        3013439.42001359        2862371.12465600     
   2759275.11813995        2932755.85699214        2933294.18023007     
   2838149.57661999        3105482.09702514        3163919.35206488     
   2824113.11100090        2790303.45124765        3154176.02924764     
   2839749.79732478        3031390.06039147        3103260.91183445     
   3190351.56561997        3124006.96699050        3083416.50709752     
   2721838.35284249        2918977.12200195        2890408.20975297     
   2945240.79862900        3032518.01068830        2879280.67868298     
   3155803.94257564        3214969.58220391        2707184.88148810     
   2798696.04066048        2972889.13798291        2872327.56000198     
   2800678.63377562        2788404.51712386        2718695.64453811     
   2835574.23406707        3038737.34160918        2736331.86018984     
   2905644.49148892        2732233.85553817        2773102.65030548     
   2770315.94128565        2878656.95944666        2538456.41893850     
   2780978.68635385        2791396.38419769        2821139.19576773     
   2885094.75150410        2696779.26102924        2849895.68901322     
   2718071.34286779        3017074.25672686        2837340.00718201     
   2969848.90257029        2923024.29548723        3035559.68192634     
   2840797.92668816        2935738.11261763        3029592.77095407     
   2911703.75892102        3044938.18467234        2885972.99456646     
   3036210.92532011        2965450.23069596        2898433.39750700     
   2913111.76764300        3116274.93843832        2871966.95434923     
   2700451.79780995        3093774.16406013        3215970.86064376     
   2675169.10626877        2714544.45641309        3003305.38836103     
   2863796.48062134        2652112.97381685        3039793.23818119     
   3076576.43572187        2666459.06268601        2886062.41457797     
   3006284.99691779        2977374.31725448        2833987.78540280     
   2780653.74432042        3006073.90578530        3016639.23162818     
   2812070.77480219        2804657.65989621        2848897.95111048     
   2752836.59944253        2854251.83772255        2998984.94033797     
   2860713.66604301        2933172.17827338        3105181.26242304     
   2974701.44463513        2779275.76504264        3271816.84402870     
   2976970.10079832        2924312.16370965        2933475.69501601     
   2844386.28612475        3081679.76772281        2945661.36679477     
   2846994.39722148        2934908.47944091        2943134.76598909     
   3469154.63771715        2981725.20294615        2895871.15114507     
   2870081.78770974        2822106.79387791        2943991.13203432     
   3239000.35527646        2892874.11668287        2948679.96561131     
   2901636.63920281        3037071.89504592        2960016.63880168     
   3104586.08613466        2918227.77961673        3006306.53079579     
   3128300.04594323        2750594.37075123        3048615.14398217     
   3441381.39793326        3023757.85576048        3130992.45837885     
   2754992.73095654        3055604.01031579        3081433.42358443     
   2782449.96965655        2977507.43423427        2703968.38982019     
   2922960.51998493        3016260.78568672        2968839.31941728     
   2864522.80791612        3003761.26900364        2721964.59367116     
   3150103.17881301        3004988.53635651        2737881.14692245     
   2954641.53439087        2801329.71082228        2838250.16714760     
   2701112.85405315        2810413.63394916        2821728.14652434     
   3090375.70098410        2893636.97446139        2717953.26122929     
   2724876.70130300        3027574.19150525        2843095.38916143     
   3156973.01615404        2826137.13779536        2895671.93225625     
   2627726.59525887        2682502.98547874        3240143.35363676     
   2612356.82658634        2896198.77431854        2673679.11153598     
   2713378.38686985        3126567.59713234        2802265.73552383     
   3007916.10051941        2818873.46466468        2694607.33991446     
   2876438.79874769        3030732.15405690        2860918.87774560     
   3076849.69256667        2814772.61447700        2688766.13422243     
   2874167.21899788        3436241.77678249        2814613.18064673     
   3375830.89335991        2927915.43283094        2867606.91378718     
   2962754.50135190        2745668.19605845        2902963.78654533     
   3054682.10808045        2857073.99578462        2871943.18240328     
   2872286.68246316        2659752.85773633        2974054.22419859     
   2916309.79450244        2650114.51248699        2872719.75302065     
   2799135.84439518        2714102.88165879        2862877.02107714     
   2784139.37493065        2955488.89280773        2845983.92108433     
   2824034.31664607        2759818.80335572        2714222.38667878     
   2783238.11582562        2630879.93375679        2637118.96459834     
   2813826.35138188        2768722.63468911        2706403.16243887     
   2914813.08556187        2907495.77351030        2814423.18601276     
   2715841.72261362        3001163.31356539        2640590.61560964     
   2996961.53228940        2714896.31855154        2877605.13786671     
   2975678.71494697        2786591.32942724        2887334.67878104     
   2718188.89553219        2789297.43664728        2750320.21144393     
   2998608.56149875        2825498.16807300        2928201.64060677     
   2721777.37507426        3002986.82966790        2949309.08091546     
   2716913.16543332        2881247.84931491        2678854.15300657     
   2848452.04122145        2846517.19152791        2634951.53508142     
   2979331.55236706        2828716.86336905        2840704.88924339     
   2704630.57175046        2737068.57780555        2869855.41566919     
   2631612.27284162        2819221.82631352        2867101.74069257     
   2783037.19221572        2589664.81524341        2866947.48693660     
   2585844.36786173        2823628.36477519        2508359.52855235     
   2742183.13188172        2482761.61702486        2652503.29837171     
   2536898.60443173        2672194.99690943        2643855.33342875     
   2645129.78821252        2589763.62613494        2793321.23301477     
   2696393.12106201        3054269.96685156        2544905.08489213     
   2592165.88592524        2571705.54540242        2838587.35514706     
   2492705.15416676        2540967.62568602        2925503.56586874     
   2703540.62457022        2638876.28087576        3003482.20330446     
   2862336.42817501        2864653.08075419        2862861.40758729     
   2869137.08131198        2768246.27119164        2673874.52679094     
   2974181.55884440        2802889.20149506        2853894.93772385     
   2970791.25751977        2823177.66053321        2823405.77176084     
   2941045.29165607        2818675.12236394        2826905.65645673     
   2956371.80742010        3010967.42769807        2672588.90546591     
   2708136.85489452        2771530.69414036        2588758.21548804     
   3013337.25280695        2751210.51118402        2671187.11177365     
   2887749.21203897        2827146.92450405        3166385.94656769     
   2887230.48459878        3015316.85721692        3043887.87451677     
   3076804.04232266        2798337.55635141        2930283.91068553     
   3074317.83479442        2831778.20340677        2659273.18370228     
   2769298.74361405        2815917.12350352        2669045.32015107     
   2649517.84492856        2766699.85418151        2824470.47508669     
   2714437.15249134        2944701.91345538        2810633.87581544     
   2801641.68454503        2941040.13843587        2814192.53533199     
   2658016.24302094        2990784.66093652        2876318.80246538     
   2991911.90489666        2910834.82483806        2852517.87534535     
   2874371.45232288        2726767.04766886        2665997.43063531     
   2583892.75359342        2803454.71586547        2965691.18827401     
   3083656.45890890        3020865.32880925        2850583.86089626     
   2757243.98790982        2697456.76529923        2855532.16524741     
   2798633.65888407        2752387.41244405        2903126.29130108     
   2899520.68848503        2763628.87936602        3006128.25882685     
   2778940.13605893        2888512.72923206        2625354.11028745     
   2948844.28520040        2937470.65943610        2813673.29248024     
   2771536.65807838        2902776.80944665        2608517.62563803     
   2727729.64850772        2871817.96535294        2515579.59402688     
   2817689.49608650        2890531.64190793        2733904.96926765     
   2614574.55153778        2992480.17164006        2750108.02228342     
   2621237.23026556        3062706.21558788        2636595.91997163     
   3263497.03702349        2785375.79239828        2808267.63906389     
   2882350.97949588        2697129.69172410        2614711.08771086     
   2932567.32524407        2668412.74109351        2535575.52049513     
   2618355.51676038        2594402.64861424        2689944.76403236     
   2616724.44410734        2883882.60876874        2727638.38282256     
   2824845.14897370        2720467.48133456        2776326.16303329     
   2810215.12889875        2694317.98154316        2850466.88851912     
   2736588.85246173        2669173.69706593        2698964.55385146     
   2741927.52104383        2782376.91582510        2991454.30320282     
   2782308.03124409        2712310.08581457        2813209.32336802     
   2568231.86193274        2826302.19414949        2928417.35238296     
   2774187.18321888        2837055.44570237        2976300.59481268     
   2867105.45328653        2856939.35688261        2762966.07860412     
   2915914.77903070        2973025.38061217        2717877.43320721     
   2989450.08255539        2531367.42046750        2717962.40191477     
   2744917.09566981        2831845.76374355        2913855.06043276     
   2804207.28257718     
   730.230832315997     
   1481.46278118728        1489.83426684375        1424.33633907362     
   1466.03365463936        1476.72882416162        1457.84384193595     
   1512.71520025932        1480.71625614901        1412.62504851536     
   1556.78853990821        1537.82426471077        1463.39008745187     
   1422.62857756171        1437.44219437790        1459.64804682617     
   1455.54569023381        1429.27689620556        1442.48459992950     
   1452.26723517208        1446.62537118859        1449.78125917102     
   1494.86357315050        1493.48617311201        1417.69395042279     
   1422.07984547956        1385.97485270876        1400.46899402396     
   1510.80098337073        1480.29444227600        1345.81393292507     
   1450.88450294933        1417.76816327682        1438.82830286893     
   1446.31982644704        1425.77943038917        1439.21955691773     
   1468.51316478673        1444.12604145940        1453.73273889093     
   1551.60410429465        1418.04842167433        1460.08366966856     
   1433.33594244786        1409.72597188275        1439.96080375753     
   1413.72527414522        1389.45483843990        1479.01394233577     
   1430.31283959184        1423.90289816585        1411.15785171631     
   1419.77578523985        1441.06074023746        1493.20548344502     
   1455.95586322315        1503.68683132390        1406.54392738378     
   1458.97385156388        1398.59408956625        1405.34195452537     
   1427.14786332639        1467.23010250991        1411.49899578408     
   1443.70304227105        1467.95370150325        1468.66805572653     
   1489.22131162910        1490.06044965277        1447.90108319502     
   1476.44688836756        1429.87996725493        1322.80680226701     
   1441.88245099383        1382.95446860960        1347.00444250550     
   1384.61517972101        1351.11969616785        1429.49948717849     
   1488.77658561199        1451.63283095837        1492.49176673844     
   1381.92629611421        1438.25823604273        1456.27614690129     
   1434.42753893676        1489.29999647978        1349.40036717795     
   1386.42995042507        1358.16366358982        1415.38791948848     
   1402.80855841665        1477.94423046167        1470.10209345616     
   1483.30839110682        1476.51646472568        1438.07832421314     
   1371.81228467030        1410.20516841764        1443.72081654049     
   1457.30424311945        1429.41790440158        1417.20306743281     
   1473.05537358829        1456.97282191748        1430.92779112358     
   1512.09026557428        1461.95328853819        1419.27681811038     
   1434.25528538150        1498.77081662969        1413.84491149749     
   1541.65140878245        1474.22661911255        1423.99291935625     
   1425.45021356136        1372.90328444694        1416.34054049338     
   1435.01704468947        1455.18162633754        1513.18120398294     
   1353.84494252267        1405.12218647115        1372.82059425310     
   1333.70039850822        1416.00548556592        1350.28294789428     
   1324.16621677950        1437.89757144538        1389.57778682788     
   1398.01328854777        1371.44005327145        1502.56251645002     
   1308.71081003573        1321.56878309442        1331.03156120642     
   1391.23918477431        1310.79149261067        1351.14745346977     
   1322.66522004989        1403.33713165991        1284.45482472894     
   1416.78070618960        1413.27290823289        1273.94866406238     
   1394.50744999062        1385.65000055596        1387.10781731466     
   1359.60171696406        1362.94403684109        1368.40320454230     
   1337.74969416371        1393.89733381577        1356.69872299194     
   1370.97266962446        1494.00075461876        1376.78744785913     
   1341.92561715151        1450.16325603321        1346.21071951837     
   1397.69500835446        1274.16921865526        1359.34192094814     
   1323.47100456612        1320.47128639468        1398.17562347301     
   1264.84934935620        1381.94422519160        1362.27568505278     
   1285.26091728350        1292.24314319365        1318.15748510949     
   1319.83910709173        1350.71517729009        1437.66443218235     
   1316.23104519409        1356.26386732551        1354.67745107894     
   1297.89710432205        1350.07905195964        1254.71192157662     
   1477.69323907821        1389.10374373701        1397.25504380896     
   1364.60576784330        1442.15581930684        1446.90861162071     
   1369.99759198936        1387.54215257762        1421.10163576982     
   1490.21875177462        1466.88903333976        1410.88399304054     
   1338.06122982459        1472.15622379687        1460.25016447292     
   1380.45409720665        1327.87718998498        1401.09298561396     
   1409.11394881738        1351.42961002546        1288.09606989932     
   1373.98496130151        1350.83722510237        1370.22294018432     
   1393.62268338620        1297.94503049641        1304.34821070402     
   1367.98188822886        1379.84595788802        1331.53198900883     
   1420.90767075651        1358.12323135145        1367.26832540524     
   1326.18539591919        1343.01516082769        1307.84456371210     
   1364.95391231144        1376.26643761202        1337.98224807287     
   1364.02172977520        1348.98780803366        1357.49227852404     
   1389.28513703294        1389.40881935416        1337.85897343346     
   1329.14063352772        1382.48182788401        1321.70775910125     
   1352.36801534170        1412.52152707803        1379.10785333113     
   1364.09583612201        1424.09871523235        1465.38425255278     
   1347.56524956410        1360.87049266448        1408.20044351798     
   1369.23582222647        1372.09900219929        1377.17865994149     
   1336.45968893826        1370.69510576719        1365.32623125067     
   1362.99486861136        1359.76061585794        1481.44162155970     
   1453.58237607730        1400.05879023067        1335.22218737766     
   1339.44989084963        1480.77181564717        1407.04268243399     
   1425.74853034348        1432.07500191145        1381.08841776338     
   1399.39006836237        1386.34700191028        1403.98946061548     
   1441.81651508579        1397.63331973951        1462.22503718359     
   1426.18672307561        1366.74512147001        1339.76899990770     
   1319.61820202842        1438.30044033897        1405.61801668070     
   1367.57629267163        1482.26930070038        1355.24588222122     
   1354.76107622014        1360.41466974578        1409.17894319018     
   1408.70736088577        1346.72034314244        1389.29550158689     
   1373.56348601230        1459.93529217137        1325.71459637235     
   1472.88337118169        1376.30135493976        1419.66375569648     
   1391.02845954680        1459.39203549065        1387.22982027115     
   1436.10806533177        1366.94689791800        1344.29046370579     
   1403.47238461357        1382.76614107669        1422.91946562671     
   1405.38043309348        1402.41959272884        1386.14556606716     
   1453.05688804657        1470.76245237124        1387.80754328621     
   1434.38035646201        1425.52980370162        1386.38832127613     
   1428.27587455512        1389.90570336399        1372.89814845336     
   1432.11239199040        1366.36497425753        1408.75279818695     
   1436.25404396061        1343.06326700473        1388.00583477875     
   1367.01803809649        1330.81674704764        1323.56082463395     
   1437.14350678022        1510.52751121782        1430.05690414743     
   1423.74312039393        1402.19349958985        1418.51055603503     
   1454.30911386221        1377.03585878618        1457.04426401582     
   1354.13691707732        1483.54570661863        1374.03661533905     
   1400.79644018837        1416.16431281925        1389.40055802921     
   1466.10864252294        1367.63607150667        1398.11682880818     
   1374.32372084811        1411.80805876476        1342.95956576778     
   1404.58186329734        1376.41049354969        1356.82897235844     
   1384.10908318759        1316.86366956458        1360.75088020065     
   1422.18094713423        1426.99883165553        1442.29474852270     
   1382.12015316969        1393.57918789798        1318.01413912673     
   1400.59043829420        1452.98564763654        1357.31173686815     
   1400.54677595732        1321.82412499853        1323.98529567888     
   1299.92645067993        1288.75696377951        1272.63851297294     
   1314.51954431476        1275.52275501060        1389.80221273406     
   1333.45640037914        1318.01074836060        1268.68392595593     
   1321.79523760849        1309.16771177764        1355.03223633612     
   1302.20367947097        1290.57840012880        1329.11987789429     
   1338.11815749542        1336.07192485291        1342.59048738547     
   1215.20755133375        1326.24487015841        1225.28834886701     
   1297.45422934860        1312.03631279571        1227.75048904375     
   1235.28606537305        1305.21577021367        1315.87038494833     
   1342.30040423239        1291.74499446652        1240.35170909225     
   1288.88357770526        1235.70672814145        1262.04254951463     
   1276.13728029627        1228.38826667703        1301.91934193463     
   1283.58762301976        1308.34224929977        1285.26858496873     
   1225.27453431184        1294.63421934337        1309.41040838969     
   1287.27911781004        1276.34735603339        1373.06474719345     
   1298.79353072494        1339.85442154816        1382.30933457589     
   1234.16956354126        1305.62104854401        1300.40340259168     
   1345.56918887205        1308.61384568617        1331.54099611510     
   1369.88070318285        1352.63654558593        1303.76456726143     
   1369.99773001619        1361.02843362427        1335.71266975917     
   1370.28787921369        1333.67235061284        1299.31893761198     
   1346.31054844523        1273.48252744175        1316.84595720148     
   1333.28754668412        1308.74020293884        1254.12183986010     
   1340.81366745596        1329.55104946198        1278.19011291495     
   1277.72459262873        1309.21586153161        1311.72673200452     
   1280.44869974045        1221.39356310235        1287.39577675302     
   1210.93304570189        1316.37008189841        1320.81185547405     
   1263.77535782644        1254.79828020174        1235.19565746404     
   1289.27451223855        1334.92515792389        1330.31134761091     
   1257.34206449260        1322.84250410972        1307.67400896868     
   1328.66390225334        1322.94564461550        1231.49875185193     
   1309.46282019993        1327.88259645909        1300.59980413616     
   1252.12306868455        1339.71692538661        1297.35285002289     
   1230.30471656352        1259.13838455163        1248.84860912916     
   1271.83880227652        1336.51103400499        1264.70318177711     
   1240.63220804330        1160.66321712640        1293.79437934775     
   1232.15232552029        1274.67699623782        1232.51484117022     
   1225.55876576669        1227.77750145760        1223.23894738252     
   1343.45448397989        1415.62713659658        1156.17760219070     
   1326.67446046669        1239.89696559818        1262.76917920573     
   1225.66605035283        1299.07921188397        1238.52741098419     
   1295.31768924320        1225.26090313263        1166.70040199456     
   1296.41653424479        1293.21010583233        1243.45851464185     
   1271.75820338491        1223.69434373936        1231.68022705061     
   1194.19244751886        1209.05680668377        1172.65424073019     
   1189.89357902292        1210.01553240359        1219.97838298743     
   1250.95178499535        1250.32395490365        1244.10841912600     
   1246.30775113980        1354.61541276787        1246.69351687769     
   1284.24188792700        1264.67896245052        1264.39729537480     
   1325.62798503357        1212.10505992910        1262.89897542319     
   1211.66981401742        1209.46800815856        1317.98017655702     
   1270.12057835132        1240.10420916565        1303.95450275953     
   1301.76002781913        1223.04707359353        1237.18246974195     
   1315.99197277061        1233.58112120390        1233.95569993696     
   1284.10071578337        1241.20680988940        1264.22324811247     
   1264.92830147002        1256.21379899254        1300.92381065939     
   1243.63783904473        1311.78363727820        1304.64702928268     
   1305.87153050818        1305.98735724918        1364.93397215143     
   1248.20237828364        1294.90224591721        1262.14244352541     
   1298.00018856930        1285.16655907812        1218.30374416310     
   1254.21361688908        1255.28093486776        1283.36582337144     
   1290.09574683278        1287.13463662421        1274.84012672528     
   1241.52465246443        1232.51769103658        1243.11516613546     
   1280.35455892330        1299.39656870991        1297.74610596383     
   1297.15479138619        1229.97842814866        1190.02609347518     
   1231.13267802456        1210.55294425900        1188.13589189534     
   1190.02807988693        1249.68256023201        1204.66741398874     
   1189.79117204205        1249.66575273221        1211.89261441688     
   1190.94071229243        1202.11609591062        1214.70826092690     
   1209.25523855490        1216.59033345697        1305.62255936310     
   1225.57143189224        1247.90055229219        1195.86940100113     
   1310.49390783628        1201.39057081425        1266.46703514280     
   1245.95047863218        1289.67070353487        1194.35465681947     
   1209.10248403218        1245.82635715443        1195.61887063402     
   1169.01409606598        1191.06238710401        1242.86398487638     
   1227.12684528757        1210.01202493287        1195.42093260931     
   1234.70042740614        1203.52447122857        1261.61708528982     
   1199.01351859152        1246.90546002145        1246.93752034564     
   1297.03392609363        1243.28717736901        1247.52946542977     
   1202.23846877234        1218.41251290932        1166.73934745976     
   1274.79524720196        1203.75377560928        1260.26580127983     
   1168.27853248757        1203.88607940257        1173.03644890848     
   1218.18625224786        1234.71573992617        1170.56437749051     
   1219.39389872281        1150.34738066567        1248.03872047662     
   1185.54819394621        1242.18293282137        1201.26437128802     
   1263.96936991561        1213.55354915350        1226.42264910256     
   1182.87792721776        1256.65563651812        1250.59796907824     
   1201.63844472681        1208.82765986794        1234.51331642767     
   1312.38890689706        1244.93243230754        1252.16525214759     
   1254.10461236812        1267.62505187798        1200.87786663558     
   1227.89500616957        1234.89842118850        1254.90069368090     
   1272.61766933319        1256.89894792997        1234.08982676557     
   1230.13175587957        1303.36287399212        1311.63418368379     
   1297.16999170154        1249.61979312450        1172.06580656390     
   1178.28027616049        1244.80769543865        1130.20430741304     
   1221.54183400658        1268.69604453637        1222.81322361161     
   1214.19054745706        1230.30123447616        1319.65198857394     
   1276.16209774061        1166.28470720985        1324.98900766466     
   1297.93811463467        1270.67355656898        1278.81280806077     
   1313.80245680853        1285.27975076340        1256.49424081860     
   1270.09639472842        1252.43638009449        1246.44243943873     
   1248.20811322604        1276.68524484716        1264.53435865601     
   1233.65331699143        1117.40124532308        1220.14339319920     
   1232.28940295462        1241.43804097806        1279.10933556649     
   1206.99443571127        1205.50077850142        1192.42772280323     
   1257.76224957425        1259.15747260567        1176.45807116305     
   1226.60100987973        1245.12061364778        1219.80963794054     
   1237.16821281817        1260.37949987713        1270.18250772603     
   1259.47713076757        1270.80797431669        1238.70886314805     
   1299.23949185132        1224.95575275629        1286.51487773758     
   1244.26575798075        1263.18569179606        1358.64698801485     
   1237.55916663814        1303.27490145267        1293.06260455322     
   1228.25802873769        1365.20720713005        1215.95832821856     
   1295.17056798788        1274.34814349570        1269.69170214082     
   1215.83299977178        1268.30934489716        1207.45379642410     
   1241.31233603253        1266.91009607021        1254.47728704350     
   1254.05107235845        1210.61186966054        1222.83699151807     
   1246.78372920346        1172.61134369013        1280.08220975049     
   1304.67076469347        1272.84758698920        1243.01473088388     
   1293.87587951827        1277.26992609674        1253.04766160952     
   1250.63155925924        1282.81934709074        1359.57461195498     
   1342.03325036416        1264.09191958661        1277.39649584353     
   1227.45471476344        1216.63153506434        1203.29213352101     
   1228.76481329684        1264.46557053585        1254.54804898019     
   1274.09307259750        1248.39129040529        1328.98720303335     
   1304.49110888454        1317.69423004645        1232.81987958461     
   1310.16618589203        1333.46037311952        1299.79661853506     
   1275.56524327066        1204.83301001044        1311.60680671696     
   1270.75122021341        1329.78242818029        1275.41600625602     
   1299.45099503921        1258.06431940313        1319.88198637101     
   1295.53544220374        1303.40779560697        1318.34456889339     
   1258.53189113074        1231.15433617708        1258.21829669969     
   1298.17060801680        1213.66000274891        1260.57314273917     
   1296.56082949355        1300.58424031115        1312.23142077741     
   1281.81715239570        1291.10880367472        1350.88145842730     
   1349.05294462808        1290.35251810062        1262.31167381533     
   1252.67095971860     
   32728.0000000000     
   822.663046012298        10.0217282368771        18.7305464735468     
   753.342306589584        11.2437794135407        62.1020058921624     
   10.6804547075694        26.6670647100946        14.2648352963709     
   8.71336117784692        21.1973635327600        34.0266294171394     
   32.3684558874657        3.67523941234523        299.870461223837     
   61.7113129509242        5.08809411845076        11.8071041195121     
   466.569144779580        20.4386923561696        16.9633423556206     
   7.30050647174140        157.122163554230        106.650087075670     
   20.3024041208540        2.63490588276914        21.7743170622629     
   21.4426823563282        5.68321941266241        21.9060623564014     
   53.4704176555048        389.975156532187        1.96255058854529     
   44.6616547129370        16.4318182378896        53.0115805966088     
   357.747531821214        101.025925898311        7.88200294242148     
   71.2605753053737        21.8969764740470        15.3233405906557     
   5.06083647138763        222.167995329210        13.4380200021226     
   46.4515735367491        12.5703182372797        6.37828941277220     
   661.220545398562        81.1505582481124        33.5632494170662     
   19.7072788266423        68.2849488343155        58.4449382445259     
   27.9390882397073        7.10516000112231        21.3336517680757     
   9.29485764852701        3.07557117695639        113.364554135554     
   19.4755888266057        3.43446352995426        220.496192976005     
   4.45662529482160        16.1864994143215        6.92798529521197     
   394.804303003538        18.0491052969686        26.0673964747058     
   67.2264435400306        59.3716982446723        66.3405700104789     
   46.9558400074170        2.26238470623971        11.0938623546935     
   7.17330411878013        6.44643353043002        50.8945700080391     
   11.0075464723269        6.57817882456848        3.71158294176274     
   67.8442835401282        6.08754117743216        69.3161964815372     
   130.150721785264        14.7100435317353        75.2719923648309     
   275.570268867058        27.1440735336993        3.81607058883807     
   203.228473561513        11.1211200017567        122.691212372321     
   40.9546147123514        449.964694776957        206.558449444392     
   49.2636541254286        5.08355117727357        3.74792647118024     
   199.780381208027        85.7434717782496        5.20621058905765     
   27.2758188278378        3.42083470642270        23.5278923566576     
   131.363687079573        20.9111582385972        2.46681705921318     
   3.51169352996646        132.967345315121        15.3278835318329     
   57.1956294207991        253.400715922379        504.261927726710     
   1390.87141374911        3.51169352996646        307.802436519208     
   2.22604117682221        45.1840929483136        430.052983597341     
   30.1015282400489        36.6206488293139        101.834569427850     
   173.240518850894        257.902770628973        7.52311058942362     
   7.65939882473926        13.4698205903629        65.4592394221044     
   125.017198255041        2.18515470622751        482.106003605564     
   335.305402405905        12.8610664726197        27.6074535337725     
   6.55092117750535        69.9930947169382        8.39989823662094     
   45.2158935365539        216.780067093065        299.270792988448     
   261.982331806088        3.36177647111925        85.2846347193536     
   4.50205470659348        68.8164729520465        8.18638000129309     
   9.88998294273866        206.349474150241        5.58781764794146     
   36.4752747116439        78.1249594241051        12.4431158843184     
   92.6214847205125        14.6691570611406        32.9544952993230     
   149.776227670717        52.6935747142057        29.6199764752669     
   12.2750270607624        22.2740405917536        4.37939529480940     
   11.6026717665386        30.1242429459348        4.90637647136323     
   106.559228252126        235.079034154779        357.007032409333     
   67.3581888341691        330.353596522770        61.1661600096616     
   259.451913570394        2.48044588274474        292.424580634426     
   180.023130028436        3.11191470637390        8.49075706016470     
   58.4585670680574        455.893233013188        6.06936941272340     
   780.050257770273        47.3601617721867        5.53330235381520     
   63.6784064806467        168.534031791327        141.044694728161     
   67.2037288341447        51.8849311846661        300.411071223922     
   102.107145898481        10.1761882369015        49.7497488313877     
   165.040510026069        63.5194035394451        4.02958882416591     
   837.273144838135        8.57253000135409        16.7634529438244     
   224.543953564880        494.058481842746        14.2830070610796     
   130.709503550058        49.2454823607198        3.62072411821898     
   11.4345829429826        76.6530464826961        52.7662617730407     
   304.831352989327        5.71956294207991        250.029853568906     
   553.162146557964        5.46515823615738        1552.63646318643     
   20.2842323561452        26.6352641218543        4.06138941240623     
   38.3151658884051        2.64853470630071        4.25673588302532     
   5.47424411851175        142.075942375383        112.873916488417     
   12.2523123548765        49.4090282430986        117.012535900836     
   45.8700770660690        138.214442374773        2.28509941212565     
   120.805891783788        195.328298854383        24.7408576509668     
   25.2269523569259        12.8837811785057        5.72410588325710     
   2.98016941223544        20.9838452974322        23.1144847095334     
   56.4642158912718        3.09828588284234        56.9412247148766     
   10.3079335310400        1.78991882381214        93.4346711912292     
   5.14260941257701        115.690540018274        20.0252847090455     
   21.0020170621409        12.9564682373407        47.0739564780239     
   32.4184282404148        12.9837258844038        11.5935858841842     
   426.641234773273        8.72699000137848        32.1322229462520     
   402.459158887100        432.510714774200        336.059530641318     
   330.830605346374        46.0790523602197        112.528652958951     
   211.978178268777        241.725357097006        319.068930638634     
   57.8997853032633        4.57019882425130        14.2375776493077     
   213.363775327820        25.7357617687710        4.42028176540409     
   7.95923294243368        128.397146490869        41.3453076535896     
   61.2570188332054        43.5440911833487        744.733433058812     
   185.760864735224        353.481710055835        91.0859706026229     
   8.41807000132969        3.45717823584020        101.607422368991     
   1.44919823552303        88.6282394257641        3.67978235352242     
   67.0765264811834        97.4688029565723        853.605018370127     
   174.757861204075        50.7582817727235        56.9593964795853     
   100.412628839390        115.386162959402        6.90981353050321     
   73.7501070704728        477.195084193023        6.20565764803905     
   118.470820018713        9.37663058971639        19.9662264737420     
   4.28853647126564        78.4384223653310        55.6782870676183     
   56.0598941265021        38.4832547119610        19.7254505913511     
   2127.99087739495        380.098802412980        81.1914447187071     
   1239.90039254879        695.646953639294        190.767185912486     
   270.595748278036        4.29762235362001        8.24543823659654     
   68.0169153048614        6.89618470697165        613.051740096836     
   53.5703623614030        85.8070729547303        476.313753604649     
   4.80643176546509        48.7730164782922        9.20399882498324     
   2.19424058858189        141.094667081110        40.3504035357854     
   25.7948200040745        610.866585390608        3.96598764768528     
   58.2087053033121        47.9280294193352        2.87568176516011     
   43.5213764774627        538.188612437952        47.0148982427204     
   301.778496518256        551.894665969528        11.7889323548033     
   5398.99029791163        3.10737176519671        113.650759429717     
   9.67646470741081        823.953241306619        1525.55144788803     
   8.99956647200977        280.935482397317        34.0993164759744     
   2313.81988624784        724.272025996756        477.367715957756     
   788.322953653933        11.0666047076304        311.759338284539     
   429.171653008967        695.987674227583        44.4617653011407     
   173.817472380397        1216.40884372155        99.8583900157733     
   54.8423858910157        9.54926235444955        67.7170811871669     
   3.92510117709058        69.9567511875207        5.12443764786826     
   76.4758717767858        115.281675312327        796.491161890517     
   10.5668811781397        111.928984723562        431.911046538811     
   96.5465858976031        108.403662370064        40.3958329475573     
   18.2535376499421        114.273142370991        24.2593058861849     
   14.0240594139799        7.14604647171700        13.1200141197194     
   132.921915903349        6.60089353045442        109.871032370296     
   1010.40917604195        104.374073545898        4.79734588311071     
   26.4898900041843        369.223001234792        44.4072500070144     
   3.67069647116805        5.14715235375420        17.6811270616164     
   14.6191847081915        30.6375952989571        8.30449647189999     
   391.478870061837        306.952906519073        134.680034138921     
   9.20399882498324        220.709711211333        9.65375000152487     
   697.196096580715        415.651860065655        10.4941941193047     
   5.36521353025924        8.83602058963100        594.284850093871     
   181.535929440439        1769.83902380897        263.363385923953     
   262.718288276792        705.705025405588        19.5119323560232     
   525.327545965332        20.4659500032327        2.58493352982007     
   20.1888305914242        96.9463647211957        2.00343705913999     
   5.97396764800245        30.1878441224154        22.7737641212443     
   6.26017294216530        90.4545017789937        7.07790235405918     
   395.267683003612        11.0484329429216        56.8140223619153     
   427.381734185155        187.927847676743        64.7959700102349     
   28.3343241221226        390.161417120452        33.3633600052700     
   56.3597282441965        1264.54130549386        12.8974100020372     
   246.827080038988        122.632154137018        364.230308881062     
   131.113825314828        33.6677370641416        233.970556507545     
   29.5200317693688        4.86549000076854        426.291428302630     
   12.7111494137725        1428.67322728449        53.0342953024948     
   77.5434629534249        8.63613117783472        40.4594341240379     
   5.08809411845076        28.9249064751571        22.3603564741202     
   35.7211464762306        201.247751208259        764.867748356110     
   182.957870028899        6.02848294212871        4.49751176541629     
   24.3456217685514        4.22493529478500        145.846583552449     
   109.266821193730        22.8237364741934        16.5771923555597     
   7.34593588351328        290.648290634145        99.7811600157611     
   90.1910111907168        67.4399617753585        353.740657702934     
   679.015245989608        16.7861676497103        70.0021805992926     
   45.2794947130345        40.4276335357976        122.931988254712     
   244.414778273901        4.45208235364441        200.352791796353     
   74.7949835412261        14.3466082375603        23.3052882389753     
   12.2931988254712        18.8077764735590        145.483148258274     
   75.3583082471974        49.8042641255140        13.8150841198292     
   1085.85380017152        11.1256629429338        17.7901576498689     
   14.0740317669290        21.9923782387680        40.8728417711620     
   21.2655076504178        8.63158823665753        332.288889464252     
   53.3386723613664        122.082458254578        62.7380176569687     
   11.1892641194145        14.0785747081062        65.1366905985241     
   475.541453604527        35.5666864762062        9.35845882500764     
   31.8369317697347        85.5344964840990        5.66504764795365     
   175.275756498274        3.78427000059775        692.612268932932     
   59.7851058917964        211.505712386350        53.5703623614030     
   120.551487077865        140.699431198695        16.8633976497225     
   45.2113505953767        24.9271182392315        15.7367482377798     
   4.92000529489479        4.14770529477280        159.025655907472     
   3.97507353003965        169.933257673901        30.9874017696005     
   177.170162969162        63.4103729511925        5.25618294200672     
   30.3741047106801        6.87347000108571        2.87113882398293     
   8.48621411898751        3.55258000056115        259.624545335127     
   19.3438435324673        20.5204652973590        4.04776058887466     
   60.1394553036171        28.3979252986033        453.971568895237     
   59.7896488329736        319.950261227009        7.07790235405918     
   77.3344876592743        1.61274411790180        184.288951793816     
   7.45496647176580        22.3058411799939        106.527427663886     
   8.62704529548034        3.25274588286673        35.3940547114731     
   5.75590647149742        19.3801870618848        383.365177119379     
   13.9650011786765        17.0042288262153        298.307689458884     
   46.1789970661178        23.6096652978469        11.8525335312839     
   108.558122370089        4.52931235365661        352.986529467521     
   7.60488353061301        16.8225111791278        588.937808328321     
   268.796743571870        1475.84258552724        36.4116735351632     
   442.359811246344        254.627310040220        30.3786476518573     
   45.0205470659348        264.726268277109        25.1724370627997     
   3.08011411813358        788.509214242197        4.57928470660568     
   121.741737666289        3.81152764766088        53.4976753025680     
   5.92399529505338        72.3872247173164        18.0718200028546     
   53.2160129495823        25.9492800040989        4.21584941243063     
   142.035055904788        2.32144294154316        75.8489458943338     
   319.259734168076        124.231269431388        5.29252647142422     
   16.5363058849650        28.2025788279842        6.71901000106131     
   4.96089176548949        174.380797086368        3.46626411819458     
   7.99103353067400        5.93308117740776        33.6177647111925     
   97.3279717800795        8.67247470725223        19.5301041207320     
   9.11314000143948        83.3765994249346        11.1438347076426     
   6.58272176574567        1514.58933082747        47.5464223604514     
   65.7409017750901        93.5845882500764        8.04100588362307     
   31.2100058872828        26.0083382394023        17.1087164732907     
   3.73884058882587        63.7329217747729        4.29307941244283     
   113.042005311973        7.91834647183899        21.1973635327600     
   282.039417103374        156.463437083538        5.80587882444649     
   22.3558135329430        6.72809588341569        7.89563176595305     
   79.0971488360233        3.52532235349802        8.36809764838062     
   14.2784641199024        54.9923029498629        14.5283258846478     
   50.4039323609028        124.263070019628        4.65197176544069     
   52.3937405965112        31.8778182403294        4.38848117716378     
   82.4180388365479        37.9744453001160        410.463821241306     
   288.772055927966        57.6272088326320        29.7199211811650     
   54.5743523615615        57.4227764796585        13.1881582373773     
   175.343900615932        775.725377769590        52.1166211847027     
   226.928997682904        209.229698856579        8.24089529541935     
   84.0126111897409        15.8094352966149        48.2960076546875     
   4.64742882426350        169.733368262105        43.1761129479964     
   57.4818347149620        360.759501821690        174.085505909851     
   233.461747095700        141.862424140055        86.4021982489419     
   37.9789882412931        51.0490300080635        201.066033561171     
   70.4428458934798        78.2839623653066        3.50715058878927     
   391.038204767649        3.58438058880147        51.1853182433792     
   145.310516493541        35.5348858879659        87.1290688372920     
   1.82626235322965        99.8175035451786        72.5734853055811     
   50.8854841256848        101.775511192547        6.63269411869473     
   6.97795764816104        79.6150441302228        21.0065600033181     
   751.029949530395        2.83025235338823        27.8164288279232     
   56.0962376559196        94.9020411914610        1.69906000026838     
   65.2593500103081        63.0923670687894        436.749278892517     
   25.2133235333944        114.314028841586        18.8577488265081     
   71.6421823642575        13.8832282374871        140.544971198671     
   212.864051798329        23.4279476507594        138.909512374883     
   29.8970958870754        67.6398511871547        17.7447282380970     
   38.6331717708082        368.355299469949        1.90803529441903     
   497.406629490333        125.943958255188        126.852546490625     
   5.86493705974993        24.1411894155780        173.508552380348     
   56.7640500089663        20.4523211797012        11.6435582371333     
   6.69175235399818        12.1750823548643        114.986384135810     
   55.1240482440013        21.7016300034279        4.31579411832877     
   9.76732353095458        13.6469952962733        85.8070729547303     
   7.15513235407138        21.5062835328088        49.8769511843490     
   102.684099427984        37.3520623588412        141.358157669387     
   13.5561364727295        18.5442858852821        51.9848758905643     
   37.4111205941446        181.063463558012        195.605418266191     
   2.65307764747789        2.54859000040257        3.39812000053675     
   54.2745182438671        13.9513723551449        3.01651294165295     
   8.00011941302838        141.630734140019        12.7611217667216     
   4.77008823604758     
 ------
  0.000000000000000E+000  0.000000000000000E+000  0.000000000000000E+000
  0.000000000000000E+000  0.000000000000000E+000  0.000000000000000E+000
  0.000000000000000E+000
  0.000000000000000E+000  0.000000000000000E+000  0.000000000000000E+000
  0.000000000000000E+000  0.000000000000000E+000  0.000000000000000E+000
  0.000000000000000E+000
