           3          12          12          12
   4.55000000000000        7.91500000000000       -5.20000000000000     
   11000000.0000000        1610648.00000000     
        7779         207         395
   369216.483516484     
   7418935.38461561        7407676.92307558        7405336.04395693     
   7420069.89010883        7430778.46153824        7397475.82417574     
   7391392.30769157        7399420.87912036        7419344.61538407     
   7410149.67032959        7468984.83516403        7535050.76923055     
   7506639.56043947        7490900.21978062        7491829.67033017     
   7521469.23077014        7580897.36263679        7580516.04395506     
   7581129.01098813        7578362.19780079        7577050.10988911     
   7592174.94505472        7544040.65934068        7554911.20879126     
   7550301.09890200        7513097.58241813        7512211.64835279     
   7522221.75824193        7554140.00000048        7467060.65934144     
   7456100.00000125        7424350.76922985        7389148.79120866     
   7397309.67032897        7407572.96703286        7431890.10989039     
   7399330.32967100        7336978.46153804        7235198.24175783     
   7105416.70329654        7094984.83516584        7102895.82417604     
   7099989.23077021        7092161.09890015        7101494.50549367     
   7081669.67032882        7084442.63736166        7097287.91208676     
   7085863.29670238        7187702.41758312        7266214.28571469     
   7267372.74725258        7257148.79120750        7263192.08791179     
   7260279.12087914        7250944.83516567        7237234.72527478     
   7279495.60439517        7306039.12087970        7336306.37362613     
   7339185.93406600        7340474.28571331        7345067.91208765     
   7321080.21977969        7316517.36263656        7364312.74725120     
   7378482.63736175        7313199.34065999        7393808.13186699     
   7433067.91208740        7444474.94505416        7459644.39560559     
   7479641.31868204        7502192.96703397        7527284.61538408     
   7571849.89011034        7580186.81318638        7590540.87912094     
   7596145.93406668        7594360.00000045        7603130.32966909     
   7595589.67032999        7596181.75824197        7593094.50549572     
   7581855.82417506        7585659.78022029        7576362.85714311     
   7576919.34065886        7569361.09890114        7572518.02197774     
   7574654.06593330        7585240.87912146        7568837.36263697     
   7555959.99999905        7556742.85714167        7557412.30769093     
   7592283.51648406        7594558.68131941        7545834.06593324     
   7471330.76923142        7432381.09890197        7431020.65934033     
   7466654.06593365        7578856.26373676        7590073.40659234     
   7578127.25274580        7571610.10989016        7590541.53846050     
   7607383.51648269        7630625.93406735        7645174.50549530     
   7698271.64835206        7728534.94505463        7727994.94505492     
   7717852.96703171        7702183.51648345        7697674.28571350     
   7682130.76923122        7552149.23076820        7456814.72527459     
   7424975.38461518        7441340.43956039        7433246.15384611     
   7428518.90109835        7444045.49450435        7453698.68131891     
   7454380.87912005        7435629.89010939        7456387.25274724     
   7497681.53846093        7486279.78022059        7527801.53846264     
   7505348.57142857        7443379.56043950        7537120.65934041     
   7499305.27472508        7530984.17582496        7543887.03296740     
   7527187.91208859        7503911.20879141        7502628.79120935     
   7546080.87912072        7602205.27472559        7465647.69230819     
   7435907.25274639        7437183.51648336        7448832.52747188     
   7440288.35164881        7395762.19780243        7275010.10989018     
   7279421.31868178        7181989.67033058        7149868.35164919     
   7153192.52747296        7146209.89011108        7139568.35164838     
   7146438.46153800        7178164.61538566        7232895.38461507     
   7222543.29670412        7250555.38461684        7270989.23076839     
   7263407.69230909        7258504.61538490        7224667.91208881     
   7231580.87912111        7202377.58241852        7096870.98901118     
   7095689.45054949        7109689.01098801        7108770.32966974     
   7104216.26373630        6997164.61538467        7123087.25274844     
   7315603.29670265        7299166.37362573        7293810.54944945     
   7303178.90109964        7311396.92307727        7311480.00000022     
   7310311.64835226        7308539.78022072        7321919.12087768     
   7355670.32967051        7375256.26373664        7350284.17582463     
   7287306.81318719        7297403.95604336        7303437.14285652     
   7342895.82417519        7350229.89010953        7318563.29670370     
   7316592.08791264        7310114.50549452        7304465.27472444     
   7198018.02197738        7199172.30769272        7230066.15384680     
   7267337.36263618        7264359.34065935        7136898.24175744     
   7134086.37362554        7147691.64835175        7235059.56043869     
   7238691.20879055        7272583.51648275        7275371.64835050     
   122318.476285073     
   3289623.08962040        3343731.02772474        3323291.27146437     
   3547962.97120479        3310534.66678132        3145270.96978928     
   3319423.04818421        3391512.92411427        3069104.21801536     
   3284075.66874117        3494935.57589858        3119657.92772181     
   3411308.78412134        3129670.87251156        3337357.30637477     
   3223804.24113978        3400942.27035192        3577274.74559607     
   3358452.34655219        3694926.14867956        3443086.43535467     
   3441819.83563634        3336302.53229376        3263355.51243872     
   3019505.94192855        3563829.70583318        3142809.86345734     
   3531012.98529151        3442912.11455449        3157745.56350287     
   3378297.98282748        3222851.73235792        3290031.33456685     
   3433893.77673471        3323822.21980992        3452718.61338070     
   3429580.29237468        3461317.63681022        3309099.54662284     
   3325024.88353938        3522987.40245249        3491009.98095602     
   3197902.29301331        3292003.72785120        3248161.47484006     
   3357235.34284910        3153506.25230286        3083774.16952798     
   3253485.94391192        3166702.84237682        3128226.11635787     
   3316073.38858915        3520706.60025992        3300998.83742232     
   3421520.96390595        3405111.80846658        3329420.63603146     
   3565082.90420610        3501677.93330783        3420347.79347881     
   2975490.78792987        3092367.70796308        3363325.59137135     
   3140992.92709950        3208866.09380061        3044939.27214196     
   3498486.43430826        3224734.70164285        3313868.05519042     
   3241140.36584971        3435492.07178180        3541289.46809672     
   3231105.74312773        3300810.78853544        3480128.76090486     
   3096990.60950084        3149206.14870375        3047316.13963547     
   2961202.52440463        3444485.47403904        3286525.32606342     
   3387130.06335989        3193546.59818745        3538059.93189210     
   3302494.07468590        3130126.03697242        3423546.49017028     
   3405846.24186449        3362615.46550393        3233649.72610267     
   3338583.80644086        3226806.88132835        3453280.91267629     
   3152788.99897337        3630067.77396260        3482937.71792968     
   3515940.10724254        3320889.97249310        3501330.84272651     
   3190058.53368899        3509476.99896787        3077951.26889893     
   3819646.32747053        3232332.83519214        3488237.85991069     
   3111657.58755507        3258412.94151890        3126788.70094747     
   3130724.69820443        3110540.11520941        3417505.27602835     
   3166320.20718971        3281234.32519277        3316106.60898720     
   3272794.95571364        3614452.10841335        3089427.55032014     
   3452884.50787283        3360939.12739549        3288088.87986635     
   3493132.41620961        3085956.19621952        3201575.42519083     
   3279300.59948506        3186930.65600221        3397880.46640665     
   3188931.81214588        2858923.10224846        3110699.95306072     
   3203611.01602554        3391442.76097992        3298106.58271112     
   3269567.05520535        3350212.33723021        3058077.13174215     
   3179381.06061476        3420846.05760351        3418636.80498737     
   3097362.71880787        3018086.13168122        3268912.90520836     
   3408659.64511101        3449862.72272053        3024274.74730835     
   3165108.77378286        3190653.89941398        2997618.18318925     
   2974195.33357445        3214147.48345508        3168188.82421538     
   3306518.29354769        3063528.12857976        3043099.44164176     
   3200134.77742383        3139528.57220418        3239573.40139611     
   3240162.23105013        3277550.96960078        3150708.23540835     
   3222344.81031652        3282202.26094461        3388105.95231064     
   3007020.63029291        3282620.84616550        3151313.54099032     
   3223625.02639197        3276967.03433689        3310808.06904195     
   3311639.26508258        3184635.30985154        3117138.89432550     
   3626763.19884113        3297566.24484698        3377973.62507484     
   3299006.21692616        3142352.00194193        3374123.08487990     
   3294912.48651589        3399070.19916669        3286463.83050595     
   3293981.81996911        3332966.88073014        3304140.86967179     
   3231520.25823162        3408997.72964906        3324151.91502861     
   3236329.88648122        3193130.92987325        3140355.73633190     
   3359799.62436588        3367962.37317122        3143292.43988629     
   3296661.29583402        3407606.72814497        3101772.81341210     
   2847084.91326536        3100507.61139699        2948800.04326830     
   3030233.63534778        3104400.86029905        3106445.94592614     
   3212611.21311187        2827434.43563588        3437596.42684268     
   3382024.34726579        3254606.86662829        3144839.70801122     
   97.1599475713395     
   1615.48430587815        1532.32227785136        1621.34689842395     
   1622.03011573238        1569.17627322961        1635.63539564193     
   1685.00418739731        1688.61219043252        1600.14895961928     
   1633.33998165947        1636.15096343506        1613.51410469076     
   1612.13835142578        1651.29782896048        1578.63677903939     
   1623.93989703781        1635.12898173021        1746.19294741095     
   1632.75769624770        1653.39548741034        1666.35250552012     
   1607.10618036849        1665.61636921984        1605.39856522602     
   1600.47334935169        1666.05609022245        1701.20227791063     
   1651.52955587822        1615.45557846031        1616.39428874534     
   1605.43767980061        1606.11399155220        1586.06969002171     
   1678.23573312708        1705.47113933420        1520.84056259175     
   1641.97721237690        1624.17238542838        1515.60630538012     
   1552.87286084383        1551.87222343520        1549.27583041496     
   1505.68448741798        1555.19031081369        1589.51119389557     
   1542.93264617527        1592.32433804508        1525.20715640397     
   1527.86406959426        1557.79377961469        1600.88131391098     
   1563.12006989937        1629.19713803364        1552.81229461032     
   1611.45690011795        1615.76748522103        1517.10905276083     
   1626.42114667269        1560.73927872631        1624.70661298401     
   1594.89217228762        1536.60542543154        1620.15742899027     
   1555.73460975424        1577.99669842140        1565.14484236324     
   1532.85194428246        1659.93391101408        1605.99389245055     
   1536.03347740674        1683.02478085475        1604.92981851273     
   1590.25713265860        1640.78413891777        1604.55578162757     
   1710.65703768991        1624.25269735062        1577.80843518088     
   1619.82832000288        1680.52910845948        1738.81561356939     
   1565.15085475867        1629.58391704023        1632.03929732514     
   1648.10437122429        1632.20207326604        1720.00382926460     
   1552.09990549379        1600.20404952638        1574.21336091365     
   1563.76309259255        1624.33273475708        1664.98173753119     
   1649.74623120209        1637.12055913263        1593.27427697986     
   1679.81541485318        1661.96639814576        1594.90833160836     
   1614.13257288344        1650.04388263004        1606.97126674817     
   1623.03453630600        1613.57349241816        1587.39263277782     
   1582.24531171266        1557.99376792637        1588.66678480439     
   1644.01589927579        1626.82988846439        1604.06446852840     
   1556.19300428939        1659.92672301185        1656.57689811838     
   1705.18151859022        1560.52219549882        1590.03623946011     
   1580.45155682897        1687.98094354749        1611.42152260796     
   1651.20989266025        1649.01669491157        1617.98238766800     
   1634.61596609046        1574.83957241016        1647.05639676992     
   1563.10578794925        1648.18267841907        1600.34945658610     
   1595.93575005495        1639.51985612932        1648.57576489720     
   1616.70963616903        1638.22025822547        1636.11890211585     
   1607.35108920786        1589.08400882708        1629.21111961873     
   1577.60345203298        1680.23374488835        1538.18118428578     
   1526.15210031325        1651.40904676046        1571.68148650312     
   1543.89266512103        1627.63170229258        1580.59544100137     
   1613.89343737083        1576.64299789478        1512.13663001789     
   1515.01210741337        1550.19590680988        1560.11997530678     
   1523.70561543813        1617.27011856951        1535.61278213870     
   1587.61931856030        1549.71234590425        1599.35075669282     
   1552.38019791414        1624.36963709494        1574.62684128092     
   1591.17115694700        1564.74778136127        1624.60164848908     
   1669.48937913169        1655.39661812264        1698.66525259498     
   1593.07626242313        1616.97193228313        1613.50999538462     
   1624.90860210231        1577.16078300716        1579.60415593170     
   1607.38819650633        1538.80711775716        1580.35658610626     
   1634.50357246355        1550.34153886617        1575.58229233115     
   1613.06963126646        1645.09198468173        1616.93534796312     
   1543.90886957914        1603.02081943531        1594.55890404515     
   1686.32497322006        1567.00080932696        1637.52694490452     
   1605.00050967677        1594.97142326188        1559.53053884507     
   1643.10944511442        1620.35986428609        1617.68037080542     
   1473.80155420552        1481.17977903410        1513.13911752035     
   1589.71165905036        1545.54596972546        1517.90563282570     
   1537.98066339340        1528.76483334459        1555.15585778499     
   1642.19113450070        1592.61450375953        1583.11637065168     
   26542.0000000000     
   58.2433015476614        265.049166557703        5.83313647150962     
   227.731350986198        140.708167624036        728.722710522346     
   11.1253134859202        88.8808968466185        4.14316235359562     
   33.9001259782054        911.676037610069        221.755636053127     
   14.8071925815244        4.84766769307341        6.56280271596876     
   744.616015502232        2.95640633530861        13.5155994591485     
   21.7096675147414        47.9357174736351        3.95864905039905     
   285.576271538321        628.091671049437        17.1303828081357     
   9.34727620057149        71.5995486085947        3.58542895984236     
   711.432975315996        1217.81296200232        60.4029458918940     
   15.7423395499979        288.692030271845        145.761316041124     
   5.34669230853685        60.1806912312254        23.8357639856655     
   914.649217882031        89.4721781136802        218.212141934921     
   3.23736977426702        4.95250479716237        24.9428438048449     
   3.40510914080935        22.5232034424717        445.134150477552     
   16.7026474234528        11.5195009972947        203.090438041129     
   7.83762190169049        425.202520248159        75.7594848988445     
   276.270930179385        81.8064890626956        36.9949172909115     
   8.41212923209798        168.762576678241        25.0770352980787     
   8.05568307819552        157.071142830240        3.67349212727708     
   5.24604868861145        20.3551721299121        7.65730208265749     
   8.81470371179958        1.98351800936308        198.335026999654     
   82.1755156690888        239.540202390778        455.399799709942     
   415.754600427662        16.0149160206292        25.2741290537660     
   114.704372325811        455.848502515443        239.636652526540     
   168.137747537871        2.86834316787389        25.8150885108650     
   9.94694443596033        4.76799149396581        22.3512705917658     
   48.9379601887256        26.0541171081878        294.093237874508     
   2.84737574705610        36.4707317704667        21.3867692341474     
   369.164991370529        9.10824760324866        6.75570298749245     
   5.51023819091563        324.705672268484        49.8605267047084     
   13.2262490518629        4.13477538526850        3.50155927657119     
   43.5493330385531        20.1622718583884        412.387232644325     
   757.984843015656        4.13896886943206        3.89155330378212     
   247.830720582133        1522.25991227665        85.8825556696743     
   16.1574944821902        40.0309998253277        159.117563102057     
   24.4438191893814        69.4818391059978        2.65028199136886     
   186.203277314480        11.8717536670336        23.0935172887156     
   305.126294708830        25.3244508637287        40.2239000968514     
   210.236135055833        532.228623070494        141.286868438607     
   157.758874233064        2.75931257962137        236.701213612049     
   94.2192021868283        216.656359310240        11.4020834407151     
   57.0229976560660        79.6049098768275        31.2498439868366     
   25.0351004564431        189.059040029863        166.489708261592     
   240.492123295906        65.7454447162673        817.934892617886     
   308.028185750012        800.364193972577        2.16383782839609     
   207.082634964837        706.845303641063        35.0407536706933     
   672.441959563230        372.574293995502        682.934056940453     
   27.3750646197087        311.018139958630        237.284107910784     
   4.68831529485820        993.692200880942        1.61029791880639     
   5.58991439002324        611.816759010668        15.3691194594412     
   7.25053411879233        7.21698624548386        835.757200313009     
   35.6362284219186        530.710581803286        193.533487632380     
   31.3085527651264        129.570273685625        4.99863312296151     
   298.588652897843        172.796708443584        2.30222280579352     
   35.2420409105441        1253.70918644238        4.54993031746077     
   11.5278879656218        76.7701145822621        5.15379203701317     
   976.083760878161        55.1946385607545        1988.76825153586     
   8.51277285202338        15.0168667897023        7.72439782927442     
   35.5817131277923        10.5130647980407        1.53062171969879     
   10.2782296848814        232.843208181576        78.0197728630025     
   395.869098524069        16.6439386451630        79.7726492433698     
   797.671977139572        156.056319662659        73.8849974777340     
   26.0625040765149        268.496210540148        60.7132637199973     
   97.8172115991613        11.3433746624252        624.292374397254     
   582.038827965240        112.624404180686        188.832591885031     
   20.7703270621043        365.109892184368        3.69026606393132     
   8.98244307834191        590.249669957487        275.407072441692     
   5.02798751210642        78.9423393789853        19.8225996411402     
 ------
  0.000000000000000E+000  0.000000000000000E+000  0.000000000000000E+000
  0.000000000000000E+000  0.000000000000000E+000  0.000000000000000E+000
  0.000000000000000E+000
  0.000000000000000E+000  0.000000000000000E+000  0.000000000000000E+000
  0.000000000000000E+000  0.000000000000000E+000  0.000000000000000E+000
  0.000000000000000E+000
