  -4.83333333333333       1.726600919894185E-003
  -4.50000000000000       4.743942497481588E-003
  -4.16666666666667       8.040215715342722E-003
  -3.83333333333333       1.129446550404013E-002
  -3.50000000000000       1.460043908353134E-002
  -3.16666666666667       1.819371220948737E-002
  -2.83333333333333       2.136870617212585E-002
  -2.50000000000000       2.476516949980323E-002
  -2.16666666666667       2.806116848349412E-002
  -1.83333333333333       3.145712958624010E-002
  -1.50000000000000       3.512228540307371E-002
  -1.16666666666667       3.889220942722459E-002
 -0.833333333333333       4.291094987804311E-002
 -0.500000000000000       4.717232519470336E-002
 -0.166666666666667       5.165796276322661E-002
  0.166666666666667       4.924895108150978E-002
  0.500000000000000       4.604068659916514E-002
  0.833333333333333       4.283348894151418E-002
   1.16666666666667       3.961147833695716E-002
   1.50000000000000       3.650955756412359E-002
   1.83333333333333       3.289596314843787E-002
   2.16666666666667       2.945868947451457E-002
   2.50000000000000       2.631394300314078E-002
   2.83333333333333       2.302843159446281E-002
   3.16666666666667       1.984035182247680E-002
   3.50000000000000       1.639119251698637E-002
   3.83333333333333       1.298692265659583E-002
   4.16666666666667       9.221528335680627E-003
   4.50000000000000       5.347187769207264E-003
   4.83333333333333       1.675984820062581E-003
   5.00000000000000       0.000000000000000E+000
