  -4.83333333333333       2.004439720790666E-003
  -4.50000000000000       5.517132727506127E-003
  -4.16666666666667       9.022957363103937E-003
  -3.83333333333333       1.284493212766933E-002
  -3.50000000000000       1.629249293551290E-002
  -3.16666666666667       1.984075602915528E-002
  -2.83333333333333       2.401847182890289E-002
  -2.50000000000000       2.791901746122134E-002
  -2.16666666666667       3.187681643148357E-002
  -1.83333333333333       3.624068855386865E-002
  -1.50000000000000       3.963068315244636E-002
  -1.16666666666667       4.347501553256739E-002
 -0.833333333333333       4.765098517209857E-002
 -0.500000000000000       5.135167790545722E-002
 -0.166666666666667       5.613449318407850E-002
  0.166666666666667       5.328732398730958E-002
  0.500000000000000       4.936154359166968E-002
  0.833333333333333       4.583464664973123E-002
   1.16666666666667       4.233286397337532E-002
   1.50000000000000       3.869723367703973E-002
   1.83333333333333       3.544911142505376E-002
   2.16666666666667       3.178748321305030E-002
   2.50000000000000       2.755036625601281E-002
   2.83333333333333       2.374547680242706E-002
   3.16666666666667       1.950969166250379E-002
   3.50000000000000       1.614933950769698E-002
   3.83333333333333       1.259192281388857E-002
   4.16666666666667       8.908000406192062E-003
   4.50000000000000       5.481467510785329E-003
   4.83333333333333       1.714232543610035E-003
   5.00000000000000       0.000000000000000E+000
