  -4.35000000000000       1.508922276728140E-003
  -4.05000000000000       4.646798979935376E-003
  -3.75000000000000       7.666097187036798E-003
  -3.45000000000000       1.067917071102297E-002
  -3.15000000000000       1.356315499132571E-002
  -2.85000000000000       1.658368795575053E-002
  -2.55000000000000       1.960716339984247E-002
  -2.25000000000000       2.270551255837220E-002
  -1.95000000000000       2.575578314672576E-002
  -1.65000000000000       2.870404887673293E-002
  -1.35000000000000       3.185032888145611E-002
  -1.05000000000000       3.502837078384331E-002
 -0.750000000000000       3.831778622438894E-002
 -0.450000000000000       4.181435041281212E-002
 -0.150000000000000       4.608033848249955E-002
  0.150000000000000       4.252325421973040E-002
  0.450000000000000       3.927283170373432E-002
  0.750000000000000       3.612063032592205E-002
   1.05000000000000       3.322148923395753E-002
   1.35000000000000       3.040842901706986E-002
   1.65000000000000       2.742978097415612E-002
   1.95000000000000       2.471540989496057E-002
   2.25000000000000       2.179158358755212E-002
   2.55000000000000       1.897912295624140E-002
   2.85000000000000       1.615937543603488E-002
   3.15000000000000       1.323864636675165E-002
   3.45000000000000       1.036090497644159E-002
   3.75000000000000       7.545242417460468E-003
   4.05000000000000       4.620281490554451E-003
   4.35000000000000       1.592646602556745E-003
   4.50000000000000       0.000000000000000E+000
