  -4.83333333333333       1.390468367005792E-003
  -4.50000000000000       4.240375572681078E-003
  -4.16666666666667       7.189503897315927E-003
  -3.83333333333333       1.014864782215423E-002
  -3.50000000000000       1.285358890513342E-002
  -3.16666666666667       1.579532251552140E-002
  -2.83333333333333       1.897438889724334E-002
  -2.50000000000000       2.211617041476294E-002
  -2.16666666666667       2.553262680555810E-002
  -1.83333333333333       2.870992685072922E-002
  -1.50000000000000       3.167451940667880E-002
  -1.16666666666667       3.489572682290424E-002
 -0.833333333333333       3.815923393262979E-002
 -0.500000000000000       4.167386007548930E-002
 -0.166666666666667       4.531540236975383E-002
  0.166666666666667       4.295158917535637E-002
  0.500000000000000       3.982063362392795E-002
  0.833333333333333       3.671243057594947E-002
   1.16666666666667       3.360522466963954E-002
   1.50000000000000       3.094574541421307E-002
   1.83333333333333       2.822766977632500E-002
   2.16666666666667       2.533262107360280E-002
   2.50000000000000       2.223355196380867E-002
   2.83333333333333       1.910680489247375E-002
   3.16666666666667       1.621830237961784E-002
   3.50000000000000       1.345266820541178E-002
   3.83333333333333       1.065322560653662E-002
   4.16666666666667       7.780825977665313E-003
   4.50000000000000       4.555196192952205E-003
   4.83333333333333       1.578338694062485E-003
   5.00000000000000       0.000000000000000E+000
