  -4.35000000000000       1.794155299838208E-003
  -4.05000000000000       5.310749291302146E-003
  -3.75000000000000       9.012593910057079E-003
  -3.45000000000000       1.226464239653565E-002
  -3.15000000000000       1.579638751170344E-002
  -2.85000000000000       1.933573023656718E-002
  -2.55000000000000       2.317342980226518E-002
  -2.25000000000000       2.663775338396155E-002
  -1.95000000000000       3.037399960189884E-002
  -1.65000000000000       3.417882467171759E-002
  -1.35000000000000       3.781424261761296E-002
  -1.05000000000000       4.186246969678523E-002
 -0.750000000000000       4.587628125182101E-002
 -0.450000000000000       5.014415746303236E-002
 -0.150000000000000       5.496381539697205E-002
  0.150000000000000       5.206626839277815E-002
  0.450000000000000       4.834421092949250E-002
  0.750000000000000       4.459462460549705E-002
   1.05000000000000       4.125986962756185E-002
   1.35000000000000       3.776283168695874E-002
   1.65000000000000       3.446415007631026E-002
   1.95000000000000       3.086447129880244E-002
   2.25000000000000       2.755394728827350E-002
   2.55000000000000       2.396454435330631E-002
   2.85000000000000       2.043005834300027E-002
   3.15000000000000       1.681938968224830E-002
   3.45000000000000       1.310658303015747E-002
   3.75000000000000       9.490589621667244E-003
   4.05000000000000       5.677171307932111E-003
   4.35000000000000       1.867053208326190E-003
   4.50000000000000       0.000000000000000E+000
