        4836        2746           3          36
  5.859118700027466E-002  0.456233084201813       0.999999821186066     
  3.405636548995972E-002  0.842510461807251       0.320411622524261     
  0.169368803501129       0.823528289794922       0.313625037670135     
  0.128781914710999       7.728499174118042E-002  0.179690480232239     
  0.709457218647003       0.169672071933746       0.651852726936340     
  0.610936641693115       0.106513500213623       0.625998914241791     
  0.157346427440643       0.902667701244354       0.822316646575928     
  0.130160570144653       0.584618031978607       6.313902139663696E-002
  0.487031400203705       0.755431175231934       0.540129899978638     
  6.882709264755249E-002  0.568980813026428       0.396811544895172     
  0.367560684680939       7.818943262100220E-002  0.458454191684723     
  0.535540401935577       0.930940508842468       0.778614640235901     
  0.702286422252655       0.905605554580688       0.593816697597504     
  0.715432941913605       0.942590951919556       0.103129684925079     
  0.211123347282410       0.188922345638275       0.383836627006531     
  0.683235824108124       0.818001747131348       0.513443112373352     
  0.835570752620697       0.892155110836029       0.551432549953461     
  0.877472698688507       3.028213977813721E-003  0.533019542694092     
  0.805091500282288       0.441169261932373       0.140306949615479     
  0.469925701618195       0.825737893581390       0.577277064323425     
  0.236053168773651       0.937149703502655       0.158614099025726     
  0.350473523139954       0.582453370094299       1.520341634750366E-002
  0.187915205955505       0.131428778171539       0.663812518119812     
  8.334648609161377E-002  0.198085725307465       0.445786833763123     
  0.481569588184357       5.737125873565674E-003  0.537911236286163     
  0.320172786712646       0.692690789699554       0.386527299880981     
  0.535046279430389       0.728421151638031       0.223902583122253     
  0.925270378589630       0.465442955493927       0.257946968078613     
  0.192039310932159       0.802194595336914       0.750100910663605     
  0.292098462581635       0.374938786029816       0.375803709030151     
  0.468392133712769       0.876992464065552       0.605752706527710     
  0.142438948154449       1.939266920089722E-002  0.450058758258820     
  3.157061338424683E-002  0.995900630950928       0.761223971843719     
  0.153919875621796     
