        4836        2754          75          11
  0.690802216529846       0.456233084201813       0.999999821186066     
  0.480622470378876       0.142974913120270       0.686592340469360     
  0.218853592872620       0.267063796520233       6.814301013946533E-003
  0.756542861461639       0.778760373592377       0.993297755718231     
  1.673638820648193E-002  0.892529249191284       0.812056720256805     
  0.201385319232941       0.664283812046051       0.996333658695221     
  0.802002489566803       1.089709997177124E-002  0.770036280155182     
  0.404831469058990       0.478661835193634       0.153179407119751     
  0.554338932037354       0.792719364166260       0.214717090129852     
  0.971211314201355       0.355968356132507       5.572319030761719E-002
  0.269586443901062       3.371953964233398E-003  0.555918097496033     
  0.259531378746033       0.649158358573914       0.406675219535828     
  2.758646011352539E-002  0.762567460536957       0.773815155029297     
  0.493958115577698       0.321186542510986       0.614470899105072     
  0.505249500274658       0.880443632602692       0.371032416820526     
  0.247070074081421       0.326593279838562       0.484163105487823     
  3.646016120910645E-003  3.170698881149292E-002  0.825764536857605     
  0.369241893291473       0.810655117034912       0.744507074356079     
  0.233702182769775       0.475512683391571       0.194321811199188     
  0.868032455444336       0.595432281494141       0.549195468425751     
  5.701917409896851E-002  0.745979309082031       2.002584934234619E-002
  0.579282224178314       0.205089867115021       3.389853239059448E-002
  0.811245977878571       0.546998620033264       0.846058309078217     
  0.750979661941528       0.691231608390808       0.951687574386597     
  0.867189109325409       0.103362739086151       0.800318837165833     
  0.775216519832611       0.189966022968292       0.213964462280273     
  0.724813044071198       4.634910821914673E-002  9.680742025375366E-002
  1.203745603561401E-002  7.882273197174072E-002  0.779820561408997     
  0.304167747497559       0.459607899188995       0.281969428062439     
  0.143443286418915       0.632907629013062       0.672902286052704     
  0.406930565834045       0.577058732509613       0.774488270282745     
  0.535189568996429       0.162798464298248       0.339050412178040     
  0.617128729820251       0.103509306907654       0.499705255031586     
  0.973039865493774     
