        4836        2753          53          86
  0.957070767879486       0.456233084201813       0.999999821186066     
  0.881257176399231       0.293496966362000       0.306455612182617     
  0.564703464508057       0.944303572177887       0.188547194004059     
  0.116069793701172       0.143794894218445       0.834869861602783     
  0.822872102260590       0.463187754154205       0.294707953929901     
  0.949057877063751       0.198790490627289       0.299684762954712     
  0.953106224536896       0.619660973548889       6.775760650634766E-002
  0.573348164558411       0.569066405296326       0.599351406097412     
  0.308318436145782       0.107330143451691       0.565615713596344     
  3.503155708312988E-002  0.891765952110291       0.336372733116150     
  0.947328448295593       0.907193362712860       0.818322300910950     
  8.086115121841431E-002  0.960044085979462       6.819128990173340E-003
  0.334378480911255       0.148919165134430       0.176279187202454     
  0.171902120113373       0.842005491256714       0.225549399852753     
  0.887010514736176       0.969310641288757       0.228858709335327     
  0.629417002201080       0.750338613986969       0.443562805652618     
  1.378530263900757E-002  0.976345121860504       0.484178662300110     
  2.801120281219482E-003  0.854324936866760       0.452546179294586     
  0.865925014019012       0.877070307731628       1.646637916564941E-002
  0.395921766757965       0.808636486530304       0.316076040267944     
  0.710431575775146       0.722982883453369       3.437840938568115E-002
  0.804077088832855       0.530961692333221       0.852931499481201     
  0.319490492343903       0.152491629123688       0.678044259548187     
  5.968803167343140E-002  0.187825560569763       0.506683945655823     
  0.548913538455963       0.702370107173920       0.612044632434845     
  0.569231033325195       0.129387497901917       0.232090830802917     
  3.823179006576538E-002  0.465759098529816       0.373717308044434     
  0.630297243595123       0.999686956405640       0.271470129489899     
  0.113797068595886       0.188654720783234       0.862324655056000     
  0.173068881034851       0.609194934368134       0.667116761207581     
  0.323552489280701       0.648591220378876       0.832337260246277     
  0.451678276062012       0.218401908874512       0.897007703781128     
  0.274708271026611       0.142122089862823       2.713358402252197E-002
  0.596099019050598     
