        4836        2745          15          48
  0.188187897205353       0.456233084201813       0.999999821186066     
  0.731311738491058       0.730452716350555       0.511492371559143     
  0.329144835472107       0.630208611488342       7.157462835311890E-002
  0.832481205463409       0.944847345352173       0.182662546634674     
  0.687410295009613       0.434644937515259       0.146549284458160     
  0.446490526199341       0.427621960639954       0.420718729496002     
  0.275746583938599       0.674855887889862       0.145676493644714     
  0.367830395698547       0.775299370288849       0.582141637802124     
  0.790429413318634       0.624552071094513       0.386292338371277     
  0.852315008640289       0.680985510349274       0.426509737968445     
  0.928322076797485       0.150038599967957       6.248092651367188E-002
  0.739772856235504       0.784265637397766       0.571625590324402     
  0.578937113285065       0.870514333248138       0.387165307998657     
  0.993645489215851       0.538739204406738       0.559417724609375     
  0.665339767932892       0.611308455467224       0.944597482681274     
  0.776309251785278       0.574308574199677       0.874105691909790     
  0.140279710292816       0.627566456794739       0.766477286815643     
  0.106685042381287       0.447161436080933       0.848035991191864     
  0.562076270580292       0.113440334796906       0.731518030166626     
  0.667306363582611       0.614537775516510       0.779585599899292     
  0.876949369907379       0.372676849365234       0.562380969524384     
  0.871854126453400       0.717511355876923       2.502864599227905E-002
  0.764752328395844       0.608280658721924       0.147515356540680     
  0.595344066619873       0.711651086807251       0.457200825214386     
  0.223540306091309       2.970457077026367E-002  0.953059911727905     
  2.636718750000000E-002  6.523054838180542E-002  3.832000494003296E-002
  0.129120528697968       0.951290190219879       0.190172910690308     
  0.298392415046692       5.237126350402832E-002  0.539643883705139     
  0.388531684875488       0.283960878849030       0.877243995666504     
  0.435737133026123       0.888858854770660       0.727390766143799     
  0.802684128284454       0.722496032714844       0.385862469673157     
  0.150538265705109       6.853532791137695E-002  0.533691048622131     
  0.473609507083893       0.962066173553467       0.370524525642395     
  0.230675101280212     
