        4836        2755          36          69
  0.543230772018433       0.456233084201813       0.999999821186066     
  0.889137387275696       0.861688852310181       0.865417897701263     
  0.356589376926422       0.402452468872070       0.251756250858307     
  0.379257023334503       0.986097753047943       0.314007401466370     
  0.444679260253906       0.973241448402405       0.697371780872345     
  0.670132696628571       0.146049559116364       0.569906532764435     
  0.658571898937225       0.839707195758820       0.303297698497772     
  0.868261933326721       5.515146255493164E-002  0.834130227565765     
  0.560566246509552       0.167821943759918       6.261289119720459E-002
  0.825236678123474       0.766631364822388       0.341928124427795     
  0.489999413490295       0.487038373947144       0.247499287128448     
  0.470830023288727       0.141296803951263       0.252224326133728     
  0.602228283882141       0.905043303966522       0.618071496486664     
  0.987582683563232       8.611077070236206E-002  0.159142732620239     
  0.682040631771088       0.515540063381195       0.533608496189117     
  0.345138490200043       0.701311051845551       0.276751160621643     
  0.870199799537659       0.284950494766235       0.351141452789307     
  0.994083881378174       0.888644993305206       0.578146576881409     
  0.199096620082855       0.273783624172211       0.778880953788757     
  8.234393596649170E-002  0.833042085170746       0.274548113346100     
  6.465214490890503E-002  0.546114444732666       0.719485223293304     
  0.642679095268250       0.196437239646912       0.614731788635254     
  0.483274102210999       0.535320401191711       0.421934247016907     
  0.974796831607819       0.108790457248688       2.380967140197754E-003
  0.649466633796692       0.528425216674805       0.158747434616089     
  0.819881975650787       0.208670735359192       0.213578581809998     
  0.471505641937256       0.944923520088196       0.166782557964325     
  9.865123033523560E-002  0.838951289653778       0.349501609802246     
  0.303644359111786       0.379374027252197       0.613109230995178     
  0.275718808174133       0.716267824172974       0.296061813831329     
  0.520894050598145       0.408309698104858       0.606818199157715     
  0.404778659343719       0.325204670429230       1.962137222290039E-002
  0.904662549495697       0.313874959945679       0.914852201938629     
  0.970241367816925     
