        4836        2750          94          30
  0.187838435173035       0.456233084201813       0.999999821186066     
  0.986464798450470       0.161081433296204       0.967085599899292     
  0.641364514827728       0.768031537532806       2.302896976470947E-002
  0.627304255962372       0.713498830795288       0.398114621639252     
  0.509948790073395       0.211018919944763       0.179193735122681     
  3.139805793762207E-002  0.190548956394196       0.148557305335999     
  0.148428857326508       0.109894216060638       0.924129545688629     
  0.768608808517456       0.174366414546967       0.109944880008698     
  0.603339076042175       1.610344648361206E-002  0.169564723968506     
  0.858593106269836       0.356422603130341       0.900325357913971     
  0.930703163146973       0.531018853187561       3.607064485549927E-002
  0.884337604045868       0.985559225082397       0.143052995204926     
  0.394261598587036       0.764096140861511       6.521123647689819E-002
  2.054607868194580E-002  0.125977098941803       0.754945456981659     
  3.936940431594849E-002  0.449527323246002       0.510332763195038     
  0.952800571918488       5.769401788711548E-002  0.450081467628479     
  0.773976147174835       0.961753606796265       0.340581119060516     
  0.898354351520538       0.201754033565521       0.272763967514038     
  0.992399394512177       0.496636331081390       0.509530127048492     
  0.373502969741821       0.232449710369110       0.458835303783417     
  0.364877581596375       0.322993576526642       0.702820062637329     
  0.976875901222229       0.225371837615967       0.653234958648682     
  0.323612451553345       0.549269199371338       0.479691565036774     
  0.401373326778412       0.470923304557800       0.717477262020111     
  0.193471848964691       0.839401602745056       0.425373733043671     
  0.971840918064117       0.953780412673950       0.275725066661835     
  0.152788817882538       0.279846906661987       0.585534930229187     
  0.256665945053101       3.733152151107788E-002  0.387133955955505     
  0.294712781906128       8.879840373992920E-002  6.700706481933594E-002
  3.017961978912354E-002  0.543845593929291       0.730274617671967     
  0.408911705017090       0.118559598922729       0.544346511363983     
  0.349957108497620       0.376096189022064       4.542773962020874E-002
  6.184256076812744E-002  0.266108751296997       0.614144861698151     
  0.786338329315186     
