        4836        2758           3          36
  0.276684761047363       0.456233084201813       0.999999821186066     
  0.987017154693604       0.501770138740540       0.670936524868011     
  0.476494669914246       0.823560237884521       0.198538243770599     
  0.901555776596069       0.414685189723969       0.999942541122437     
  0.686964392662048       0.939911484718323       0.524543881416321     
  0.532494962215424       0.239030361175537       0.784925639629364     
  0.505148589611053       0.905041635036469       0.981367290019989     
  6.487661600112915E-002  0.491897165775299       0.953872501850128     
  0.325900018215179       0.804226160049438       0.257544040679932     
  0.988837659358978       0.344640791416168       0.840685784816742     
  0.803551316261292       0.844848096370697       0.118004918098450     
  0.128671348094940       0.341981947422028       0.490812242031097     
  0.338371694087982       0.466257989406586       0.906507730484009     
  0.770125448703766       0.802073955535889       0.609957575798035     
  0.364152014255524       0.259181976318359       0.640748918056488     
  0.978765308856964       0.233645081520081       0.920846104621887     
  0.275966823101044       0.462599098682404       0.725877344608307     
  0.212202489376068       0.966675579547882       0.245875537395477     
  0.313475012779236       4.510635137557983E-002  0.251673460006714     
  0.701856374740601       0.124870657920837       6.586915254592896E-002
  0.874701440334320       0.925396203994751       0.314172625541687     
  0.507681071758270       2.416074275970459E-002  0.571393191814423     
  0.588259160518646       0.418750584125519       0.223290801048279     
  0.795677363872528       0.626155138015747       0.867398858070374     
  0.382585704326630       0.239593744277954       0.166109442710876     
  0.548369169235229       0.946611523628235       0.333098948001862     
  9.934395551681519E-002  0.424862742424011       0.255394697189331     
  0.976568222045898       0.590372562408447       6.364369392395020E-002
  0.235695719718933       0.461457312107086       0.838736414909363     
  0.917574286460876       0.327954888343811       0.705397427082062     
  0.987446665763855       5.319124460220337E-002  0.914493441581726     
  0.950459778308868       0.746687710285187       0.504590749740601     
  0.610173821449280       0.779335081577301       0.170835077762604     
  0.236869633197784     
