        4836        2747          45          78
  0.521211683750153       0.456233084201813       0.999999821186066     
  0.824448525905609       0.695064127445221       0.417187452316284     
  0.468362510204315       3.155583143234253E-002  0.394793927669525     
  8.626663684844971E-002  0.881214022636414       0.790455996990204     
  0.368065476417542       0.764132320880890       0.823758125305176     
  0.730392098426819       0.881947100162506       0.296904504299164     
  0.425861179828644       0.370032429695129       0.577212572097778     
  0.443973481655121       0.757259011268616       0.155829966068268     
  0.198285996913910       0.246722280979156       0.961771845817566     
  0.513822674751282       0.441605627536774       0.809712529182434     
  0.671607017517090       0.431410551071167       8.431601524353027E-002
  0.964821040630341       0.135874569416046       0.446046054363251     
  0.363686382770538       0.955522358417511       0.759030580520630     
  0.527362406253815       0.934768855571747       0.855124533176422     
  2.614670991897583E-002  0.942944824695587       0.323674023151398     
  0.354401826858521       0.519358694553375       0.938909411430359     
  0.712131977081299       0.622000277042389       0.525680482387543     
  1.382958889007568E-002  0.593096852302551       0.700504481792450     
  0.620839476585388       0.158216059207916       0.861156404018402     
  0.860786974430084       0.101183652877808       0.172420978546143     
  0.219466686248779       0.636022567749023       0.858384668827057     
  0.859579622745514       0.562245428562164       0.372496068477631     
  0.415109515190125       0.294064521789551       0.574528992176056     
  1.664656400680542E-002  6.352591514587402E-002  3.684508800506592E-002
  0.491196453571320       0.932166397571564       0.928007841110229     
  2.074426412582397E-002  7.051086425781250E-002  4.743933677673340E-003
  6.846851110458374E-002  0.233870387077332       0.948642075061798     
  0.834316253662109       0.696931362152100       0.495137691497803     
  0.705903708934784       0.337761938571930       0.620873034000397     
  0.404757678508759       1.150906085968018E-002  0.845832347869873     
  0.765743851661682       2.723002433776855E-002  0.185921907424927     
  0.504162251949310       0.588052213191986       0.225199282169342     
  0.493759512901306       0.841147422790527       4.105651378631592E-002
  0.343476712703705     
