        4836        2759          81          17
  0.240137279033661       0.456233084201813       0.999999821186066     
  0.360484957695007       0.101424872875214       0.911316633224487     
  0.888653159141541       0.439344644546509       0.348700463771820     
  2.061533927917480E-002  0.174988448619843       0.178896129131317     
  0.480481624603271       0.483162999153137       2.432632446289062E-002
  0.231639206409454       0.479234933853149       0.545957505702972     
  0.805635631084442       0.994139254093170       0.281420588493347     
  0.722712576389313       0.910293579101562       0.421864807605743     
  0.840888202190399       0.237419486045837       0.540375828742981     
  0.518505573272705       0.534179985523224       0.803995370864868     
  0.167085826396942       0.763023138046265       0.618380904197693     
  0.314900338649750       0.384541332721710       0.296725094318390     
  2.467757463455200E-002  0.517321407794952       0.334456920623779     
  0.155452728271484       0.731592118740082       0.146011352539062     
  0.296806812286377       0.835730016231537       0.857961773872375     
  0.610055088996887       0.110175013542175       0.310875236988068     
  0.799873471260071       0.395308434963226       0.790757477283478     
  0.356405258178711       0.929257035255432       2.582746744155884E-002
  0.124614417552948       0.157395601272583       4.656350612640381E-002
  0.496369063854218       0.235440790653229       0.332936823368073     
  0.585353255271912       0.893196642398834       0.862152397632599     
  0.720745325088501       0.181111395359039       0.701597869396210     
  0.744058310985565       5.187511444091797E-002  0.814704179763794     
  0.500643908977509       0.802632272243500       0.377238690853119     
  0.696627616882324       0.337646782398224       0.262153506278992     
  0.742359280586243       0.679619133472443       0.160615682601929     
  0.957350909709930       0.183772623538971       0.712708175182343     
  7.289069890975952E-002  0.108727395534515       0.595908761024475     
  0.652451992034912       0.662934720516205       0.349902153015137     
  0.554545104503632       0.205796480178833       0.513128876686096     
  0.421141803264618       0.762663066387177       0.175860166549683     
  0.953982949256897       0.437032043933868       0.718501091003418     
  0.233368337154388       0.579171657562256       0.493302226066589     
  0.507566034793854     
