        4836        2748          47          80
  7.547038793563843E-002  0.456233084201813       0.999999821186066     
  0.775029957294464       0.224504828453064       0.138502478599548     
  0.395879507064819       0.115742802619934       0.181549668312073     
  0.696930170059204       0.252140939235687       0.446520030498505     
  0.564164757728577       0.786745607852936       0.391329944133759     
  1.315927505493164E-002  0.766523659229279       0.161577105522156     
  0.618740022182465       0.705412864685059       0.616065382957458     
  1.470643281936646E-002  0.652365803718567       0.992188155651093     
  0.678384304046631       0.121717035770416       4.997074604034424E-003
  0.131235241889954       0.187641024589539       0.584960103034973     
  4.171502590179443E-002  0.656125247478485       0.524705827236176     
  0.955027580261230       0.536609888076782       0.822381436824799     
  0.533917486667633       0.833346366882324       0.773947596549988     
  0.633801579475403       0.287036418914795       0.323464214801788     
  0.406184673309326       0.176843762397766       0.229075789451599     
  0.780785143375397       0.807590842247009       9.678989648818970E-002
  0.440114557743073       0.960517466068268       0.255052983760834     
  0.137763082981110       9.718680381774902E-002  0.594800949096680     
  6.549954414367676E-002  0.166742026805878       0.707652747631073     
  0.303875565528870       0.632023572921753       0.518238604068756     
  0.312404692173004       0.314964890480042       0.282144367694855     
  0.903654277324677       0.835068702697754       0.287656724452972     
  0.705400109291077       0.114430963993073       0.539511561393738     
  0.121402204036713       0.734341919422150       0.652016520500183     
  0.977589726448059       0.597034633159637       0.871613025665283     
  0.319386780261993       0.381309330463409       0.837593972682953     
  0.280443191528320       0.392557263374329       0.654388248920441     
  0.717385292053223       0.224142491817474       0.495942771434784     
  0.667846441268921       0.992157101631165       0.533981502056122     
  0.251228570938110       0.411001443862915       0.422047019004822     
  0.215607523918152       6.682902574539185E-002  0.625518858432770     
  0.444922745227814       0.376220643520355       0.335087597370148     
  0.341140568256378       0.198783278465271       0.691715419292450     
  0.450441062450409     
