           3           8           8           8
   4.50000000000000        7.91500000000000       -5.20000000000000     
   450000000.000000        15551316.0000000     
       18232         852       17652
   5128096.66666715     
   5617691.11111109        5959353.99999999        5025543.77777774     
   4739195.77777775        4526624.88888889        4401957.11111108     
   4829524.22222219        4831957.77777780        4928952.66666664     
   4582064.88888887        4295364.00000002        4318010.00000000     
   5010225.11111113        5328015.11111112        4907467.11111097     
   4799394.66666675        5323909.77777786        4846160.66666671     
   4677880.44444436        4611162.00000003        4216863.77777783     
   4792132.88888897        4998458.88888887        4948327.55555551     
   5494216.66666673        5464165.33333328        5085791.55555570     
   4907214.44444439        5132708.66666654        5552109.33333332     
   5307819.77777772        4668522.66666665        4646235.77777782     
   4536125.33333337        5044343.11111117        5179270.88888884     
   5100460.44444447        4944492.44444440        4825076.88888895     
   4996312.22222229        4955664.22222213        4773094.88888889     
   4760544.44444436        4654929.55555558        4571050.22222224     
   4907759.33333332        4920025.55555564        4688905.11111115     
   4881356.00000003        5680575.99999996        5682321.77777774     
   4933211.99999998        4939887.77777782        5096752.22222226     
   5312800.88888887        5459427.33333340        5061163.99999999     
   4958320.88888885        4639728.00000003        5029586.88888893     
   5154476.00000002        5198992.66666664        4500380.66666669     
   4423571.33333344        4850591.77777780        4817384.66666672     
   4662763.33333334        5263340.88888895        5354433.77777781     
   4807605.99999999        5385878.66666671        5811564.88888887     
   5897153.33333346        5713804.22222215        4967790.22222230     
   4565089.55555558        4455190.44444441        3973840.88888889     
   4466507.55555549        4984249.77777779        4990386.00000004     
   4891218.88888889        4743639.77777778        4651415.11111105     
   4626992.00000000        4535946.66666670        4469233.99999996     
   4389972.66666660        4834740.22222221        4406974.66666669     
   4657443.55555555        4710288.44444436        4727830.22222219     
   4735646.88888892        4665904.88888889        4612088.88888888     
   4408194.22222224        4634294.44444446        4925252.66666661     
   5122633.11111103        4840092.66666662        4923019.11111111     
   5354362.66666672        5329550.00000000        5462944.88888885     
   5238812.66666667        4968378.66666667        4907153.33333329     
   4582866.22222223        4873383.33333331        4905636.22222221     
   4755973.77777772        4927843.11111118        5446383.11111115     
   5206864.88888888        5065341.11111105        4459704.66666669     
   4456577.11111116        5273765.77777772        5064292.22222228     
   5005461.55555566        4352765.77777769        4394203.11111111     
   4291835.77777779        4503320.22222229        4589014.44444434     
   5025334.44444447        4622421.11111118        5265978.66666667     
   5221531.55555552        5322149.11111106        5328826.88888871     
   5087900.66666671        4992285.11111088        4749361.33333348     
   4711341.55555577        4664518.66666645        4461000.66666685     
   4680515.33333339        4755268.66666673        4952975.55555531     
   4829334.88888880        4795680.66666679        4804330.22222216     
   5147823.55555551        4949539.55555588        4937745.33333353     
   4750243.11111124        4425855.77777781        5103271.77777778     
   5509494.88888877        5389610.66666674        5005258.22222219     
   4782430.66666642        4983939.99999995        4990409.77777768     
   4946406.88888889        4987897.33333331        4943047.77777779     
   4948249.99999995        5021211.11111124        4870795.55555565     
   4956963.33333342        5392805.11111127        5577494.66666652     
   6052806.44444437        5379199.77777786        5107000.88888886     
   4829514.66666672        3872353.55555548        4005040.22222196     
   4315840.22222236        4702603.55555570        5116874.22222225     
   5464202.44444445        5152366.22222230        5313225.33333336     
   4559777.11111129        4654016.66666679        5016947.11111088     
   4673150.88888873        4392228.00000002        4644140.22222240     
   4697603.77777778        4360563.99999998        4817322.22222236     
   4899236.44444452        5041737.55555540        5203219.55555575     
   5537661.11111118        5311524.22222221        5644176.66666635     
   5530637.33333311        5841634.44444435        5547247.77777792     
   5743037.11111133        5152012.22222228        5192754.66666673     
   5614370.44444424        5607485.77777757        5086498.00000006     
   5005201.77777784        5069700.44444436        5123368.66666656     
   5454453.77777797        5295297.77777772        5157956.00000008     
   4927026.88888897        4686894.22222208        4289702.00000010     
   4801997.77777791        4842882.22222205        5278387.77777767     
   5666770.88888909        5190939.11111101        5307557.77777786     
   4683836.88888891        4737593.55555542        4700429.55555554     
   5356479.55555562        5463860.88888879        5686945.33333346     
   5853525.99999986        5613868.00000022        5136527.55555562     
   4504515.55555554        4138901.11111109        4278150.00000006     
   4664105.77777801        4939940.44444448        5236790.44444441     
   5370540.44444445        5082011.33333346        4603273.55555566     
   4430154.00000006        4690366.66666679        4847780.00000006     
   4666107.11111111        4753971.99999995        4630736.44444442     
   5038570.22222216        4873052.88888896        5530391.11111098     
   5058047.33333322        5236874.88888883        5707515.11111120     
   5756504.44444437        5445087.33333327        5712968.88888871     
   6188067.11111127        5628091.99999993        5096560.22222233     
   5113658.22222198        4700513.11111093        4742835.33333344     
   4521860.44444410        5421139.11111096        5358924.00000019     
   4855242.88888891        5512253.55555536        6142825.11111115     
   5787541.55555562        4612209.33333348        4634823.11111112     
   5046020.88888921        5409564.44444475        5505086.66666698     
   5181936.66666661        5323714.44444438        5473919.33333363     
   5595467.33333370        5477380.66666693        5377577.11111091     
   5348705.77777750        5421786.22222254        5397273.33333365     
   5467360.88888854        5580250.00000006        5642937.55555547     
   5854200.44444469        5139066.22222198        5140694.00000004     
   5070110.66666646        5357531.11111119        5139940.88888883     
   4962626.66666682        5434807.33333365        5430297.55555519     
   4892912.22222224        4364346.00000011        3993845.55555506     
   4127684.00000008        4721006.22222220        4786774.44444492     
   4889611.11111107        4804254.66666622        4557952.22222187     
   4856820.22222206        4763132.66666652        5362292.22222137     
   5117403.99999940        5060969.33333334        4805922.44444387     
   4628593.11111137        4729799.99999982        4770798.66666697     
   5308821.11111134        4733749.33333358        4311848.22222234     
   4124851.55555579        4497142.22222244        4598562.00000004     
   5036837.11111084        5272409.11111127        5496890.44444410     
   5679963.77777809        5387897.77777789        4811726.22222164     
   5191019.55555506        5382103.33333338        5673824.88888894     
   5454476.22222282        5363421.33333318        5538738.22222238     
   5515577.55555557        5556227.33333333        5482772.22222180     
   5310644.66666681        5416953.33333328        5410127.33333308     
   5299156.44444461        5132682.88888915        5159842.88888931     
   5000269.77777815        5149434.00000038        4786419.55555514     
   5129610.22222169        5118621.33333314        5268822.22222214     
   5071296.22222266        5355445.33333313        5479423.77777853     
   5485235.77777816        5662799.33333282        5209387.77777728     
   5152206.88888913        5307084.00000020        4993426.66666683     
   4695711.33333350        4322005.55555506        4253201.33333366     
   4149740.88888881        4234508.44444445        4864473.33333342     
   5279875.33333285        5312251.77777765        5606864.44444442     
   5327050.88888893        5574150.88888944        5736912.00000015     
   5448484.00000077        5045811.99999954        4936806.66666708     
   5193055.33333343        5585936.22222180        5425912.22222204     
   5153894.88888872        5204145.33333397        5670807.11111078     
   5394658.22222179        5465471.11111085        5325003.55555570     
   5600407.55555550        5582407.33333321        5616954.66666721     
   5186133.33333283        5473101.11111131        5112621.55555543     
   4589025.55555576        5242851.11111122        5393575.99999981     
   5276001.77777794        5677410.88888896        5236956.44444366     
   4795440.22222219        4776156.66666628        4628538.66666677     
   4628106.22222252        4717817.33333335        4516700.22222222     
   4983403.77777802        5372393.77777775        5851785.77777708     
   5228767.77777808        4964242.66666686        4888448.22222212     
   5408593.55555527        5161139.99999989        5158177.99999978     
   5267578.66666689        4954578.44444448        4465875.77777756     
   5198715.55555583        5495852.22222254        5540912.66666694     
   4967361.11111138        5191553.55555568        4949829.11111167     
   4906555.77777795        5375146.66666649        5033271.77777778     
   5093329.33333310        5196186.22222223        5413715.33333372     
   5749517.11111048        5689626.22222278        5524277.11111130     
   5324391.33333316        5203260.44444505        5495988.22222194     
   5364693.11111123        5373829.11111066        4999086.66666710     
   4527406.22222201        4589174.44444469        4435845.33333331     
   4713404.88888858        4856965.77777804        5024299.55555585     
   4886356.88888909        5117784.22222215        5089571.11111074     
   4720813.55555566        4816462.00000011        4751792.88888880     
   4623685.77777794        4605713.77777781        4675741.77777804     
   4553160.66666682        4553909.33333376        4939980.88888908     
   4904165.11111107        4675288.66666628        4940438.00000009     
   4643455.33333364        5130207.11111139        4841914.66666651     
   4852850.66666651        4543523.33333282        4868610.66666694     
   5424725.33333292        5517839.11111150        5327833.55555512     
   5167900.88888901        5239979.55555583        5249132.44444474     
   5318853.11111133        5045177.33333333        5276868.22222171     
   5109843.77777785        4983778.66666689        5217495.33333338     
   5115558.66666675        5019671.11111091        4615999.55555606     
   5163058.22222231        4404902.88888896        4429534.44444431     
   4740735.33333347        4909015.55555538        4939351.77777807     
   5180942.44444456        5126841.11111119        4795187.33333351     
   4921086.22222200        5433883.99999979        5394787.77777807     
   5112949.33333292        5234279.55555564        5849800.88888888     
   6121291.77777710        4995831.99999943        5229193.55555534     
   4954475.11111054        4894938.66666673        5202207.55555589     
   5458743.33333308        5719508.66666653        5998531.11111144     
   5545566.66666666        5182752.00000003        5166379.55555576     
   4816348.44444444        5044152.44444426        4998065.11111111     
   4823195.55555512        4810491.55555567        4640648.66666693     
   4438667.33333351        4428975.99999974        4779511.55555556     
   5107117.99999989        5227803.11111093        5474450.88888806     
   5613840.44444561        5352476.66666684        5224860.66666642     
   5019100.22222346        4908452.66666821        4701769.33333348     
   4488915.55555665        4778994.66666649        5265674.66666562     
   5574046.88889026        5975825.99999845        5537681.99999912     
   5223191.55555447        4696874.44444503        4767735.55555486     
   5073524.88888892        5236028.22222190        5041981.55555589     
   5285369.11111167        5421270.22222186        4665221.33333329     
   4904664.88888914        5665839.77777851        5725734.66666554     
   5948160.44444512        5217695.33333269        4560353.11111119     
   4626083.77777763        5168113.11111090        5218937.77777899     
   5508634.66666695        5507721.33333452        5622025.33333244     
   5386346.88888866        5243396.22222271        5005003.11111110     
   4460757.77777930        4302691.77777794        4154058.00000043     
   4548296.88888941        4714511.11111087        4952365.77777738     
   5077647.77777862        5141436.88888884        4975918.44444407     
   4806253.55555561        4315481.55555548        4432628.88888926     
   4513550.66666706        4707896.44444462        5150745.77777766     
   5228082.88888977        5136934.22222187        5118655.55555679     
   5108961.33333427        4799353.33333397        4679183.77777760     
   4168327.11111201        4534892.66666636        5038185.55555593     
   4663855.33333348        5145624.00000079        5612056.88888849     
   5843832.22222129        5148688.44444426        4902609.55555577     
   5414441.11111123        5262803.11111214        4689483.55555684     
   4839924.22222283        5157187.33333402        5065518.44444487     
   4913118.00000021        4909287.33333244        5131030.44444300     
   4756813.11111151        5067156.88889002        5064436.88888948     
   4748731.11111116        4636328.22222274        4927878.00000053     
   4701803.11111208        4168881.11111209        4014756.44444465     
   4436946.88888850        4537401.55555599        4460373.77777809     
   4415321.11111100        4279066.44444458        4483257.77777750     
   4705285.55555610        5031977.33333319        5121035.77777683     
   5097871.33333252        5038041.77777641        5124722.00000085     
   5398114.66666597        5914812.44444381        5543034.66666638     
   5267833.77777890        4758482.66666607        4927584.66666712     
   5115079.33333333        5057762.22222225        5124370.44444569     
   5174578.66666717        5132134.22222213        4930216.66666692     
   5018716.22222249        4754123.99999983        4802268.44444446     
   5146113.55555548        5538052.88888848        5625120.22222113     
   5018835.11111045        5303709.11111049        4959248.88888940     
   4853986.44444411        4948867.77777828        5078772.44444489     
   4709496.88888781        4505892.22222346        4424730.66666738     
   4039989.55555585        4475831.55555531        4384676.66666614     
   4343255.55555638        4956237.77777901        5350767.99999984     
   4972022.88888908        5160627.33333453        5244897.77777806     
   5009539.77777775        5037368.88889053        5388951.33333237     
   4901026.00000028        5099736.22222236        5394522.66666641     
   5226385.77777794        5347370.22222306        5130159.55555622     
   5051087.55555500        5352744.66666699        4916898.88888930     
   4548141.33333337        4626939.77777846        4255794.88888888     
   4653116.66666763        4722210.44444416        4695469.11111048     
   4415332.22222233        4371756.66666735        4493667.33333337     
   4552679.77777703        4501305.11111012        4383145.77777771     
   4514925.33333339        4561222.88888824        4485854.88888887     
   4534844.88888975        4875850.22222193        4627005.55555524     
   4894699.77777843        4734708.66666695        4455500.44444434     
   4465023.55555489        5134182.44444520        5320226.44444522     
   4949954.22222269        4845006.44444458        5181467.55555596     
   5362046.44444375        5182246.22222296        5414675.11111065     
   5643133.33333222        5343645.11111119        4874457.33333259     
   5149207.33333269        4722435.77777894        5174993.33333361     
   5100141.55555638        4809657.11111114        4722335.77777814     
   4746184.22222048        4720733.55555594        4509871.11111068     
   4716845.77777757        5174976.22222249        4718588.66666655     
   4760682.00000081        4375194.88888862        4499822.88888881     
   4518006.66666707        4313134.66666667        4974648.44444410     
   5050261.11111053        5130018.44444490        4413332.22222171     
   3971976.44444421        4122919.77777900        4291764.88888965     
   4266487.33333339        4786289.99999943        4320310.00000034     
   4547822.66666771        4898617.77777685        4983117.55555522     
   4629004.00000008        4351375.11111105        4763805.11111137     
   4679145.11111127        4746700.66666553        5071717.55555537     
   5373711.11111275        5395871.11110966        5283007.77777669     
   5380667.77777790        5242163.55555497        5400855.11111141     
   5467671.55555641        5599731.55555453        6061687.33333215     
   6139593.33333292        5629470.88888743        5021284.88888968     
   4865495.55555625        5464311.33333545        5546722.44444412     
   4831872.22222237        5025700.44444464        5416182.66666621     
   5555726.88888798        5315956.66666733        5258167.55555418     
   5386707.77777801        5272073.77777661        5036997.11111123     
   5693763.55555653        5397010.44444442        5194067.55555456     
   5581956.22222170        5006577.33333275        4888473.11111252     
   5195108.00000118        5043744.44444413        5322763.33333376     
   4873588.88888853        4764523.77777850        4378717.77777731     
   5188474.88888889        5242841.11111115        5302458.66666585     
   5244061.99999995        5252739.77777848        5406628.66666499     
   4668181.55555530        5023077.55555588        4707825.99999932     
   4401844.66666607        4454373.33333343        4446370.66666673     
   5143866.88888936        5032713.99999899        4545261.77777836     
   4836952.00000060        5187118.44444346        5130471.11111047     
   4548898.66666650        4860919.11111027        5165671.11111129     
   5494280.66666634        5437841.11110999        5539214.22222244     
   5772590.44444332        5687073.11111153        5296427.99999958     
   5108416.88888868        5014665.55555641        5207186.00000161     
   5009193.77777869        4546504.88888875        4614734.88888907     
   5043394.22222306        4926014.22222277        4906787.99999938     
   5283078.00000048        5357310.22222196        5490243.77777739     
   6260470.44444509        5623761.55555544        5159228.00000015     
   4909936.44444420        4932209.55555571        4712836.22222296     
   4831435.55555658        5290273.11111163        5095394.88888877     
   5661367.33333265        5179443.33333386        4891278.88888771     
   4413833.77777787        4610870.00000091        4587500.88888956     
   4533223.11111138        4827781.33333353        4998672.88888897     
   4731482.22222204        4922124.44444439        4919273.55555539     
   4867951.33333339        5119028.66666612        5039096.66666657     
   4997696.00000074        5375803.77777791        5539322.44444437     
   5320537.55555609        5501716.44444495        5428137.33333344     
   5770995.99999916        5841413.11111088        5647969.99999897     
   5553839.55555529        5212851.77777880        5196171.55555685     
   4944026.66666841        4912615.33333273        4669115.99999957     
   4918724.00000111        4384055.77777700        4933481.55555513     
   5313879.33333355        5305890.88888941        5341706.44444386     
   5092893.99999924        4921142.66666716        4820416.22222185     
   5455011.55555566        5430591.11111141        5122727.55555586     
   5045402.22222263        4713703.55555654        4107617.33333452     
   4413999.11111092        4088528.22222233        4119795.55555559     
   4921135.77777768        5141284.00000006        4751784.22222274     
   2600334.33825927     
   2829268.41538999        2951753.51760073        2852575.88981581     
   2667216.69763826        2719430.56109476        2409609.23974696     
   2403645.68199357        2690034.77853620        2542483.21331054     
   2683360.35544885        2635016.20953195        2416263.81109837     
   2647991.36754838        2538617.14671696        2659907.01916931     
   2724802.19968806        2713278.86506063        2666715.41134124     
   2818945.55664150        2822400.78917333        2561553.21251124     
   2895359.59910803        2839709.00515220        2753688.70856458     
   2936984.45457781        2837241.33764030        2798767.11208855     
   2799972.48087462        2818007.89228532        3111821.58826374     
   2639858.34100481        2481137.44566423        2576871.29799544     
   2631215.68446839        2823075.52613228        2796167.63921588     
   2936373.08720877        2619559.90958819        2586118.69404521     
   2803392.14583837        2913949.12993595        2710006.82438056     
   2584124.85024727        2562485.74394765        2545206.39622800     
   2661293.12214180        2618072.22184107        2736517.85457676     
   2668458.15631094        2652159.32544487        3193305.82787358     
   2788946.29233797        2748430.78873249        2766183.00634416     
   2606390.02772777        2719564.46087574        2838084.37173834     
   2692948.88335974        2723894.77636255        2903267.50685215     
   2823395.63045374        2781715.70712702        2733047.51639548     
   2842040.22506249        2670522.19039159        2620648.36451526     
   2668841.92922787        2568898.95000636        2603613.16210994     
   2696182.17339208        2645506.38758286        2757412.16656599     
   2705489.10358284        2899113.70286530        2717204.88648842     
   2856688.62427432        2659291.33035829        2145556.76498073     
   2470770.34113308        2776705.94837245        2780488.44457345     
   2959479.54296962        2578971.84623143        2965204.44440395     
   2835447.69604103        2785782.00021381        2547411.98448869     
   2554785.24825204        2844364.50325889        2601304.71618315     
   2701682.04062433        2584706.92417924        2662604.95253349     
   2781561.30563957        2409264.52030638        2869008.18071045     
   2605461.54453967        2712555.51202847        2535660.81394597     
   2828088.36175488        2812692.55866546        2617103.18328541     
   2800154.22405112        2795066.80148253        2633360.27078886     
   2621001.73079092        2582948.33185633        2477621.59938307     
   2577105.51010750        2574917.04115180        2602802.52477089     
   2479615.20068485        2684993.37964400        2836402.98359401     
   2673631.27626659        2640841.58205244        2484968.25922404     
   2428486.14124834        2714395.96229240        2766063.66411116     
   2730002.35021378        2597638.17594482        2666500.54218270     
   2574113.59776985        2507966.92487756        2788970.95772044     
   2881405.22563004        2524888.58270910        2601466.95151634     
   2799232.01043398        2569929.04339069        2842988.36068368     
   2560325.49268650        2515661.43703026        2454461.62485191     
   2732772.94791104        2394026.01777083        2612347.42060013     
   2515195.40409056        2554266.67545659        2806276.40091376     
   2561431.56367927        2556862.60937322        2389751.62981351     
   2732314.45562402        2581026.42058764        2737333.25594974     
   2627770.45431720        2555003.80933836        2640113.67211721     
   2715396.05456694        2808251.19680255        2734632.88982620     
   2582691.12604291        2775004.60430899        2608998.88294850     
   2788181.68366432        2758743.34492984        2906902.74105158     
   2664799.23075194        2770093.89454642        2627365.06522640     
   2591748.62380764        2617685.02941238        2842913.41348754     
   2979113.19778510        2904818.50791186        2655517.55334582     
   2550470.84745812        2668543.27673435        2615825.49417054     
   2646637.52380240        2659917.32451933        2867359.36483318     
   2888941.24166902        2878550.98061640        2598466.74119882     
   2701156.57467366        2619994.48960705        2595270.68947492     
   2586378.01585764        2577282.84518111        2877414.41344617     
   2481197.80555976        2573128.78336693        2488320.80395030     
   2482209.97401772        2647522.55629164        2817471.40975664     
   2877000.91906468        2894529.43583989        2852292.69841039     
   2816029.87683773        2578035.04880332        2922771.97267256     
   2802045.74730926        2723904.49985727        2718758.36185414     
   2763924.52634508        2812580.73183137        2568452.48392070     
   2661424.47857758        2752674.76361439        2807351.57009490     
   2940684.99366340        2727330.07104354        2627656.04702084     
   2763815.19333390        2733730.82011328        2702030.73447574     
   2572614.23478180        2521809.42946302        2919384.54516735     
   2868307.83610215        2995825.21351833        2773538.52806475     
   2747965.14269037        2814666.64425178        2682147.52879274     
   2776373.83123236        2722022.97928778        2798197.24738113     
   2988265.07492681        2876356.39210655        2848015.68728905     
   2540705.63316859        2446618.14038449        2506637.93494035     
   2552775.85574634        2439511.13198615        2675039.03410294     
   2738777.57837646        2764382.11672483        2696639.47018554     
   2520482.96623476        2408364.13008714        2773521.08422875     
   2450199.92914006        2551432.92312443        2565145.19602129     
   2650237.57674938        2772970.69297126        2807650.96767909     
   2867933.35254894        2999090.39619006        3051877.18545916     
   2969402.66384933        2773800.02370051        2740987.78412759     
   2891192.50209846        2846100.15985870        2614251.25923361     
   2776579.67463481        2659231.30602976        2516990.51851521     
   2657244.71851877        2869424.11224773        2673081.97481487     
   2642637.32393508        2699130.46631216        3083865.23241455     
   2821009.66045381        2534035.62721237        2591157.03901600     
   2690619.22942259        2642101.01139511        2520343.63530084     
   2692258.69254091        2723543.88120077        2884621.71783844     
   2972658.32382175        2873715.65401866        2786173.41609043     
   2932914.76770136        2768742.74805474        2934913.23859466     
   2893664.70779363        2865534.09794800        2877484.39824116     
   2840194.03148405        3024916.03702217        2771411.12089911     
   2559018.41872170        2511585.11847478        2627037.51388019     
   2666161.24559483        2714497.39314641        2905941.49729634     
   2598600.32126040        2700328.31783637        2403732.77677684     
   2564248.87656014        2598167.92406370        2544482.05715659     
   2467546.66358935        2577961.18212921        2521540.60473698     
   2959364.29104648        2663999.29984881        2879796.50030513     
   2792125.77407874        2695890.09961614        2503731.63070938     
   2641878.48155706        2423064.62896596        2611182.81270482     
   2930875.05977699        2660853.97359966        2506777.96102655     
   2648427.97074658        2531289.52924279        2720626.23885312     
   2879537.41510343        2625364.06289910        3002393.73881993     
   2834894.58621302        2855170.98220384        2670692.49962120     
   2615777.74589578        2772632.04555241        2753387.24993474     
   2882025.29644976        2578015.86817277        2623829.03820897     
   2751923.32031318        2823266.39156277        2740379.85679573     
   2775255.15297683        2662698.24672916        2650968.70413536     
   2699312.71813371        2803302.20828722        2675500.35424278     
   2515474.97755257        2608583.46944208        2327343.69430886     
   2643969.86801566        2555869.57338133        2735486.45105781     
   2722461.36472983        2749064.52518322        2701849.56668043     
   3024608.22228794        3318461.82243013        2710903.92157814     
   2839521.43901263        2482166.85235758        2543683.74617064     
   2464655.60064225        2306296.27358321        2243480.11868163     
   2397198.90639308        2438242.77546295        2715654.86008232     
   2719982.70777987        2724041.34178860        2962258.76077254     
   2755940.19637304        2862056.42921779        3029732.73344306     
   2842873.03733297        2825255.97759021        2714618.12686769     
   2625764.60021357        2726106.84635488        2707743.52873783     
   2456353.33955795        2647448.37053728        3044928.30864471     
   2929558.24541825        2792180.42274712        2759900.66999786     
   2836370.33365513        2846239.92584563        2616793.17628090     
   2769829.28709124        2860364.76155585        2789410.73655558     
   2443382.62992974        2736445.25078053        2741500.82596564     
   2781320.12833564        2827478.92529782        2426109.87980368     
   2473464.21327627        2445215.16367632        2360685.24480212     
   2528698.19652412        2567478.73438554        2484443.66185399     
   2586890.33548761        2766796.15492191        2816925.48050053     
   2797322.57926305        2697901.87089879        2852211.05252761     
   2560562.56268732        2707988.72968115        2712177.10788713     
   2868277.21797003        2493247.64180880        2407271.99724919     
   2754350.04648972        2708997.79672998        2734109.60837729     
   2785132.48365308        2662823.41552372        2730996.08369215     
   2709374.92777086        2668168.92427691        2735027.16358586     
   2582249.67645927        2878421.67408752        2856327.11435452     
   2868265.99659488        2694752.03494278        2837825.46123297     
   2705948.37894301        2594878.04511325        2711710.72046419     
   2855189.41632092        2787763.25637348        2377347.87297370     
   2399225.10542096        2655935.93606582        2556411.34084488     
   2526134.32184719        2677999.83194845        2616416.50516475     
   2733496.34851807        2402989.28696917        2441477.61949747     
   2417842.13739370        2582557.74845430        2749703.11664398     
   2692084.04912761        2633723.73950389        2503667.12215102     
   2720090.76112725        2679195.39545041        2932067.63481451     
   2642871.56250785        2688654.83266254        2696527.74968605     
   2412715.94171613        2487063.69493077        2503287.10330979     
   2542008.16159731        2642951.40653511        2693243.01264945     
   2967731.11140946        2909851.69169412        2876083.10487516     
   2641855.96501593        2808166.64258399        2704217.81046688     
   2702916.85421847        2638188.02599211        2684243.06295163     
   2726909.18970974        2606081.42236366        2578189.87668660     
   2502955.47980253        2561204.10273921        2834937.36056814     
   2798295.46539919        2278844.21558046        2398366.91863682     
   2594125.45745998        2652192.68476866        2683326.06017902     
   2604614.94370076        2628232.57306113        2519986.00268679     
   2849221.98216415        2860288.27284084        2766750.54225541     
   2590870.00003378        2909213.12429659        2931913.33828913     
   2963348.81339851        2791915.95533369        2914599.99068433     
   2481057.22131753        2557341.49042851        2438497.58411780     
   2557127.34877808        2782099.30335230        2736178.50610044     
   2844282.99636125        2556970.33462026        2827389.73198021     
   2547575.50371197        2680108.45918081        2694283.85283328     
   2379121.32157375        2505015.08231096        2487299.16004821     
   2699013.92964984        2550301.07897556        2480540.05560888     
   2713041.54164618        2730534.00328538        2642265.17075721     
   2726842.22263038        2851093.57821694        2585867.15989139     
   2702747.07282180        2577305.35369942        2583762.57381414     
   2381862.53761519        2571193.06323070        2820174.86840169     
   2899712.36206473        2975188.57414165        2784577.41437986     
   2816646.59961145        2736743.13179414        2579742.23780174     
   2809158.18251102        2780511.63103409        2950502.33824260     
   2950042.86682191        2768601.83809472        2750837.60724076     
   2558593.80172173        2712793.47060742        2651641.78884095     
   2816203.53485047        2646270.31468812        2773563.36556983     
   2562785.95729294        2554334.03854186        2682008.36157019     
   2674779.27889217        2567012.82893863        2642960.59065569     
   2776432.12424468        2835215.16882673        2766312.57274563     
   2740090.97096274        2515490.45523618        2547932.26306430     
   2702556.96812610        2525492.62579439        2371707.81763460     
   2765871.45646648        2899878.68866278        2717504.17437186     
   2663438.47648407        2646842.74279669        2558061.35720582     
   2576605.70236231        2570621.20914991        2612771.35481745     
   2835145.05108756        2733211.12093033        2893480.89280562     
   2874731.42896535        2647266.08443598        2672680.64965046     
   2617156.64825941        2782344.39701301        2821229.01896377     
   2819978.67288494        2895987.80163724        2717767.23930865     
   2739828.68536712        2606894.00159611        2735357.49942781     
   2940715.90875991        2928020.90682468        2687304.21573810     
   2734574.62774315        2762437.12605597        2990247.78420617     
   2732389.68835802        2833557.70621664        2928133.20105570     
   2756841.90783786        2589326.89710440        2818864.45936937     
   2503726.21892140        2518165.89355834        2633757.61584545     
   2743960.09226352        2734716.39269680        2518011.27574311     
   2579979.19038890        2509293.68420419        2653341.80949103     
   2548323.46033866        2337917.23392610        2626233.80250286     
   2591972.11213058        2681857.64448007        2591897.36926348     
   2466275.09884968        2770402.06568362        2542664.63009861     
   2655939.11691747        3044749.36396470        2858743.71424986     
   2805805.06080120        2637705.34534330        2661196.35083030     
   2650026.35308276        2598736.71946793        2482385.77399585     
   2707954.85164502        2844150.31606706        2547171.44368280     
   2443062.54688458        2477246.58040846        2533235.00028376     
   2645548.34831054        2443016.64199256        2740799.70710992     
   2624789.25976730        2604200.57952791        2634931.06985108     
   2523760.08396897        2447788.29429429        2731836.94582233     
   2746446.64592108        2596562.79189218        2450714.58912252     
   2195191.58179657        2450938.66698599        2492536.02586518     
   2392083.96974915        2793624.01151808        2833311.74092212     
   2736411.98919936        2747808.28608963        2690861.73067070     
   2462046.15318507        2689320.74276886        2774433.69002367     
   2653751.27556836        2836477.47671625        2619129.32603743     
   2649983.59411139        2708481.12157575        2620435.70306170     
   2630304.06394816        2684005.42045735        2982419.62744826     
   2526304.14857562        2375027.81223536        2285978.16650686     
   2393124.66303988        2506341.97915368        2538740.64768808     
   2351905.45863828        2545997.65891628        2642316.92999784     
   2643015.14312347        2648894.33921489        2547083.23503521     
   2476388.80415361        2740479.39062930        2777905.54605759     
   2604582.61763238        2537195.87941573        2482594.48603695     
   2937338.66370488        2684799.83607704        2432388.70740160     
   2606550.23858116        2656181.04129859        2670785.20661000     
   2600694.65252438        2832433.35494086        2801643.16361081     
   2485285.76589422        2694470.87827627        2650262.65325850     
   2617355.25826047        2633354.24861922        2617999.24038017     
   2729926.14396658        2480159.24511178        2779302.18207545     
   2660526.28228674        2872370.16262271        2580048.17695072     
   2689261.50774357        2645845.08112028        2329767.45041112     
   2633787.13118165        2691540.50742882        2650661.50718950     
   2547796.02818164        2632503.61219830        2559749.62780624     
   2549878.99632177        2476960.88255826        2636137.03498307     
   2822911.41294437        2693756.76973192        2358129.84803517     
   2312366.34939677        2505940.29758154        2597521.51164051     
   2714994.93875130        2757817.10015945        2628994.24124734     
   2566316.60901984        2845436.93143721        2630410.99945144     
   2719126.80961816        2846168.88327157        2911994.50097666     
   2758172.93891717        2625489.40105478        2720043.22334053     
   2625313.84364133        2806222.90394490        2719519.41424240     
   2681761.19602627        2832440.38054900        2722460.19390709     
   2826464.53536510        2942895.43555627        2829143.75625796     
   2922030.24055091        3035893.55626733        2582741.04598583     
   2575777.50625387        2788543.10181970        2458236.35009908     
   2517858.83704583        2583081.28165870        2912902.80596946     
   2756750.15210590        2599235.51059381        2716439.65510635     
   2741219.58387322        2627069.38242014        2717629.23687310     
   2827628.77659273        2606439.12614041        2760907.11082519     
   2884309.02625867        2601603.09591819        2582614.19068120     
   2600558.70365826        2702443.94011580        2729942.35764919     
   2632416.90994407        2720467.20441818        2503019.93989136     
   2627327.56533675        2662438.29909632        2840311.29154159     
   2758355.49972558        2917387.17721063        2659108.75503743     
   2630737.66896420        2876586.64695825        2493063.58291125     
   2409971.92022507        2306130.49667806        2546748.24698730     
   2636153.35274776        2732234.38335090        2634752.13344879     
   2701670.45034742        2748836.97730986        2739100.34813424     
   2371452.65708018        2522193.95570437        2598788.73861010     
   2689713.15427329        2599854.93235724        2679711.29387833     
   2607701.28095320        2751755.20079180        2549131.35317645     
   2689440.64370626        2709390.39777961        2603690.80070683     
   2542333.57928493        2505269.42704620        2595542.77762292     
   2730359.94302927        2854068.40907307        2617889.98888674     
   2568702.29403595        2672164.69786708        3172525.35985674     
   2851866.06151785        2821102.72724984        2643883.55544163     
   2430846.72018900        2589960.64052320        2477861.44275252     
   2747986.67834763        2563938.07052241        2616092.06272602     
   2660806.61630343        2939642.99206402        2729093.26722850     
   2733330.77511099        2543247.12908756        2661220.82502195     
   2658117.02913416        2690097.82809361        2763726.97628369     
   2602928.97472986        2789985.34127584        2778297.11642126     
   2651532.65635174        2654039.11529120        2575676.28411390     
   2723489.48049389        2712225.29974046        2788501.06352219     
   2820489.69673423        2824431.99584022        2701608.48424230     
   2710243.56596907        2849635.80793916        2668134.31779015     
   2714704.72616415        2643677.78208474        2629634.29318782     
   2729858.62420653        2617495.51782652        2704260.87353689     
   2726828.58134247        2782172.08312917        2626826.49973811     
   2787433.57083611        2880992.05600868        2906480.45485066     
   2750220.75379982        2823017.83067246        2739965.82002178     
   2822480.98190361        2850865.87436853        2683628.19521086     
   2687871.83289212        2549522.22746499        2370193.35001935     
   2400580.02524902        2392393.74434370        2379090.83835772     
   2519312.21370652        2797175.84190633        2977524.57118892     
   3568.64820118958     
   4048.70047394931        4160.84081467365        3716.82439985553     
   3573.14608283527        3650.95342329191        3400.25060237577     
   3549.39274794482        3535.28357501390        3652.76763917837     
   3683.06140732165        3343.97407511270        3393.07018362019     
   3794.67963889803        3758.02599583587        3789.39288185744     
   3725.77768207296        3729.92417148068        3848.63032694792     
   3764.61090788684        3690.28177313837        3484.61480907684     
   3733.14660749780        3907.92519976974        3748.63466790992     
   4048.92565030582        4130.19737051542        3777.86039784388     
   3741.46015090305        3839.53919634611        4131.68432982703     
   3896.13790239779        3559.93357050919        3655.31486191366     
   3479.30929451944        3986.91315000476        3921.02157718141     
   3912.77189359207        3584.22431812448        3623.67848969166     
   3792.07961247786        3729.94355035504        3657.64144779180     
   3627.63889393777        3536.30925621195        3535.04196705489     
   3738.23232366308        3699.28692734295        3671.68677380655     
   3782.43405903238        4063.80209924820        4099.05157073522     
   3905.24052327396        3695.76105263532        3705.38400048843     
   3786.49494730767        3992.53637261766        3845.67909845351     
   3815.24147015612        3632.60822602810        3830.51446035102     
   3854.97991700922        3870.96629106858        3621.92273328278     
   3520.29398440665        3625.52818091184        3589.89668091360     
   3496.32223587764        3710.97821964053        3808.21605372781     
   3780.11877143161        4043.48837241175        4013.91317819331     
   4120.39094085594        4110.04804459415        3840.33439405788     
   3575.89571735247        3505.46879861909        3230.64071783922     
   3485.86351336001        3894.51746227887        3940.00840699375     
   3862.14647303702        3813.90985782788        3661.04733085469     
   3621.92464883442        3573.00689269441        3414.57092622247     
   3413.15502079739        3599.23563266243        3487.75019484356     
   3613.25889207592        3694.84259137933        3517.35173934597     
   3633.93209864141        3655.01233143527        3661.87039257834     
   3650.16996247761        3489.40930741922        3690.70008520353     
   3785.52869370252        3702.53648528872        3651.73829663540     
   3863.16469651897        3899.56805200032        3925.39369236914     
   3754.57809238390        3781.23321599411        3632.33846617700     
   3665.87387630767        3746.22671050376        3654.15656971230     
   3578.67879656805        3792.82374911713        3974.99855531263     
   3771.09909460919        3796.28801849328        3480.38250953795     
   3485.93174344010        4003.50941147662        3955.39719718721     
   3768.52926294647        3483.16161236435        3546.83094853955     
   3404.47088097157        3607.27524853948        3608.65514997433     
   3857.33748196030        3578.86902683780        3913.41223991414     
   4024.07621405090        4009.21293968466        3964.54488882839     
   3605.56518650332        3697.80812251818        3529.33031253769     
   3462.59380079333        3420.95835978686        3400.82855657131     
   3435.09632385956        3558.22309847029        3665.75696084210     
   3682.89373984972        3581.13615680504        3594.41117193960     
   3888.40001194496        3715.80826716399        3877.03294831540     
   3646.42974865821        3333.03461329535        3791.71774538877     
   3937.43957064694        4048.85818873953        3868.42725385527     
   3814.35155680806        3644.62003322205        3786.76369944992     
   3751.79460190384        3706.70971744650        3874.18915699427     
   3636.65882733850        3613.53724524561        3684.70704873625     
   3723.68342526671        3857.99022755295        4000.59732116750     
   4498.76216537518        3920.79738058123        3899.55140114336     
   3462.09730558246        3284.54495093809        3272.47288447494     
   3350.53959721025        3655.99544401105        3807.77115576602     
   3927.36956517047        3950.56944720092        3788.01370734474     
   3662.86197236364        3609.90132238780        3701.12582060372     
   3626.91043954246        3377.02361011980        3750.23917218059     
   3622.55309277068        3288.20617894525        3528.85538335030     
   3753.47483076490        3796.52083650574        3780.57033009648     
   3989.12172235501        3881.36254138178        4214.18150986528     
   4214.82060950544        4082.16986492024        4143.79326315494     
   4115.36727617734        3693.80725160573        3808.07709009991     
   4090.91853455133        4085.26633287039        3807.36953792714     
   3653.40316595142        3817.62035262309        3861.91525924196     
   4235.99120694594        4025.30047128169        3838.82568711549     
   3731.39403884872        3591.69912731753        3431.59189786547     
   3644.46619486241        3658.75924235922        3974.74237382898     
   4130.28335820108        3974.37943774329        3773.37282892702     
   3702.46830962936        3641.20968419322        3628.11889844197     
   4032.19145851570        4026.25926742841        4105.53002529060     
   4288.24996501402        4032.99707914170        3796.06894176570     
   3529.76113850711        3329.05765822218        3383.89335913367     
   3510.15710918092        3592.62431465712        3899.41277504917     
   4146.98838396786        3855.62241469926        3641.01014164570     
   3388.49558846622        3625.88748918617        3838.93919820072     
   3531.06744959617        3534.08168108074        3563.28622431561     
   3793.33920356340        3796.58543293747        3935.14166783489     
   3947.11295784640        4083.42359722806        4040.18078004761     
   4005.48317154611        4065.92380771620        4186.09254658016     
   4227.18211022090        4120.76568199525        3764.15566749911     
   3921.42488872679        3468.21625482351        3634.48993969743     
   3519.00786738395        4027.12332040669        4005.77218602155     
   3688.87746719940        3769.81522130293        4293.50915623709     
   4276.28311346210        3497.97463718856        3539.32933169482     
   3790.79365615424        3985.89717821199        3757.86982466514     
   3740.69479523872        4008.06400116590        4288.56491708693     
   4167.24450108554        4043.87443875539        3912.80575997776     
   4042.14248152926        3925.54367617725        3997.19113555232     
   4126.04641411642        4105.66119047791        4119.85489545520     
   4265.90701835140        3799.26626612863        4055.74465921655     
   3716.00152724122        3930.07164791115        3808.89171750250     
   3770.75357261359        4121.61624315316        4170.12985210567     
   3660.82193671967        3525.14144291909        3190.23173430367     
   3224.71138169603        3361.39379809976        3425.99177126087     
   3576.10313904545        3683.78056411949        3601.70914588236     
   3962.07898137613        3813.27753429137        3825.70849507876     
   3716.89188091739        3770.04468466379        3481.54796019126     
   3560.49247372814        3475.19034410075        3489.44121358191     
   3797.84146785482        3737.34452227085        3524.28319708432     
   3281.09121298709        3457.13939377699        3759.41639208405     
   3953.26155900312        3829.18785665896        3921.93853201958     
   4042.49279050726        3922.96231672956        3664.05614023961     
   3837.75575372435        3995.93111967238        4206.95334168368     
   3957.67250234430        3675.63943377982        3831.32581019177     
   3827.84274440488        4065.63100214534        3950.26994996322     
   3929.20153482378        4075.81800096738        3813.64475266022     
   3757.23259125284        3877.85591940109        3791.25082927639     
   3574.16910562117        3774.21289627585        3458.86765233381     
   3667.34950647669        3836.11216633556        3854.33534206244     
   3784.22170400170        3936.75918660907        3804.40389432747     
   4165.80103519529        4285.75355080902        3972.80252171639     
   4071.63051092144        3932.00784444695        3645.76399587949     
   3612.37012134416        3139.76517552980        3201.10203677749     
   3268.15224223136        3450.09180709296        3526.09655217870     
   3865.11101078382        4013.81686149232        4121.29049105780     
   3983.04901862775        4094.62844970165        4289.58914990452     
   4132.75451308643        4063.82438453546        3819.81763073852     
   3730.06601308614        3953.72657223268        3842.54296918540     
   3633.90594622809        3751.79535851144        4174.20039848772     
   4070.93837570017        3905.69146046730        3962.42274851432     
   4041.85948155366        4107.15396929421        4015.98736356193     
   3901.51908295168        3905.35573393510        3918.48793229300     
   3540.65321095109        3884.00161557210        3939.09683229359     
   3843.85640233682        4087.46292595715        3633.32435170011     
   3495.42603390585        3569.51428615577        3455.39311075349     
   3434.36145042927        3467.22392360862        3425.95642517819     
   3669.80497165328        4030.03694969853        3994.54931238012     
   3944.68625508910        3677.88400513122        3633.57893665886     
   3777.12380825542        3688.28038978994        3773.36077965883     
   4009.90470564916        3795.20040792816        3557.31570643752     
   3784.82947927252        3940.60334352097        4016.03366163074     
   3957.61550578947        4029.37831060329        3560.77032348644     
   3785.26324486528        3962.00596775039        3757.33778804878     
   3609.14810012566        3972.24999641350        4091.29315220936     
   4187.63006943981        4155.13209717286        3916.31640296761     
   3941.51483116998        3800.63136884166        3990.40923811810     
   4040.16618705825        4145.43979057889        3714.77178780480     
   3415.14458670138        3682.11703114124        3422.81767711181     
   3445.88349474173        3614.67220964968        3651.87682798360     
   3693.25552142013        3649.82451253605        3718.56510433150     
   3620.22373604993        3645.84530639128        3622.04907972904     
   3567.15162574822        3558.81743285100        3496.10929854340     
   3441.70566098392        3564.33215284988        3809.58320258211     
   3722.12025689929        3468.11005778819        3718.46176358080     
   3318.99842427547        3690.11920807864        3508.53766058870     
   3816.70149885698        3565.63823339886        3805.35856484000     
   4118.18084107899        4137.87583841575        4109.86325500901     
   3864.32039761018        3890.86056209162        3789.43739814644     
   3970.15043538886        3809.09449362134        3976.13575575957     
   3772.83052521526        3730.39559846164        3908.26926159812     
   3713.41159258089        3782.98362984085        3677.26572159376     
   3682.81144848436        3455.80460268972        3349.79186856166     
   3633.64212725823        3676.64177998665        3602.51276550638     
   3659.57901006895        3557.51371047162        3627.53689515640     
   3698.42503706207        3966.48854272547        4044.89158733867     
   3768.69337329285        3979.76871086690        4237.80561990072     
   4471.39918172902        3979.89565899931        4035.79761908800     
   3823.05742272467        3679.53391431834        3834.45285741505     
   3939.68889775733        4074.35917566240        4330.04588716505     
   4136.22356434522        3940.17974879713        3859.55731736561     
   3722.16497119981        3749.40687862836        3692.06109495218     
   3556.57473870413        3439.05003152887        3544.01589000271     
   3398.46411055312        3311.53421773901        3605.12103709561     
   3749.06883895612        3826.31300338769        3994.50057075131     
   3991.84958413150        3923.02323178213        3833.91373615206     
   3653.20998552650        3730.07935470817        3638.34247466523     
   3463.69821762161        3635.77212573333        4000.14828437478     
   4010.01299605994        4159.35134461407        4104.40940352109     
   3768.02995739639        3623.24459378109        3586.93830030060     
   3769.92353351599        3941.04083073024        3843.73419025440     
   4019.33598112684        3774.76821343483        3754.56397829253     
   3586.35834244231        4055.37067340377        4005.95550764089     
   4151.93448974888        3831.59161754471        3592.52603457915     
   3751.55417024916        3792.67696065832        3883.61389619186     
   3943.62702365890        3993.33415522751        4013.16361043200     
   4018.08284972226        3908.23758931273        3813.91270706670     
   3480.33590424459        3365.88243867921        3441.91145298407     
   3397.02984403402        3527.60710822339        3834.25569131896     
   4092.47099656096        4002.77748956273        3692.90708835641     
   3703.40763799399        3489.21537736394        3390.10139910329     
   3505.29881087913        3601.62341521182        3742.19149814763     
   3789.37026464936        3937.21593480905        3767.66547048101     
   3960.92167656561        3588.29302323714        3696.54516025565     
   3390.94037200983        3636.86929976433        3833.27887438023     
   3654.13450962742        3906.17168964331        4164.85375261056     
   4106.27567966128        3886.12824088513        3863.87288601471     
   3946.90214467845        3978.73202245534        3676.66806154347     
   3734.36857807216        3986.31940124702        4003.10640542374     
   3711.92412960090        3730.30268107154        3831.38546312669     
   3657.39592249026        3871.91831173181        3753.41097405896     
   3592.97925011890        3527.75566276778        3722.33672485009     
   3661.60696227591        3452.78605189832        3312.22923995658     
   3431.59441573682        3437.86462946985        3564.64593000143     
   3458.50039555069        3425.36835897297        3525.32082950565     
   3559.02332885463        3747.01732823294        3723.12541834651     
   3837.38646849502        3624.12712671936        3771.21921685786     
   3889.71383610288        4202.42683715861        3972.14673998854     
   3896.34445790542        3662.22120217024        3698.83402875540     
   3737.43221494639        3722.80222903059        3603.78437903725     
   3682.82586353534        3752.49650440152        3788.56173745814     
   3566.07855981488        3585.82205310783        3591.46102374103     
   3766.33938822363        3863.61005420160        3902.29061710314     
   3689.11181282990        3854.71352224593        3817.68962164829     
   3630.85442517323        3666.23157629261        3755.31804122253     
   3517.05418331803        3494.01450435656        3492.40064339710     
   3144.16927959220        3358.56102048201        3471.11568402588     
   3378.46536117211        3700.89872692879        3921.63157964993     
   3768.74112303008        3813.41547565912        3840.22238978687     
   3653.44722693426        3938.43169066365        3865.78727693172     
   3705.88057725840        3886.50655412553        3924.94616745868     
   3804.36958630203        3857.89307273662        3831.29760712995     
   3675.99405990591        3917.71533063359        3690.89159397596     
   3686.44103637660        3182.15079795242        3224.20722489856     
   3318.21113175006        3592.67415287942        3448.56051456355     
   3407.77569300853        3449.52129587910        3416.54040330980     
   3462.82904790523        3617.39781808371        3522.32672189981     
   3609.40179393434        3656.98482290248        3581.92529333916     
   3446.83496962904        3477.18480213776        3531.87435791143     
   3783.53965388917        3608.39608944318        3487.96239120323     
   3590.82170303432        3725.40770191030        3845.84834067265     
   3695.39270710361        3733.40516092511        3783.94135669272     
   3825.05837917272        3884.40536442994        3805.73474151843     
   3980.19822526111        3932.35107842569        3635.40223271422     
   3806.93546044104        3381.54030589761        3868.94980929579     
   3846.26353962636        3682.32299600292        3705.69569093667     
   3663.36263912017        3729.47284935391        3464.77200802458     
   3547.70704071719        3716.74319966667        3620.87729725136     
   3583.25417360826        3409.89901811074        3518.15747153169     
   3429.94760374225        3258.20124555166        3784.95501802771     
   3718.55668500984        3820.17628399351        3386.66558713551     
   3297.25597190485        3332.65265946461        3526.34508048206     
   3299.03660986401        3652.63974926176        3488.55705493222     
   3575.69517832888        3774.08187647398        3773.00873690252     
   3548.27926213532        3600.96873543190        3668.14357566135     
   3718.11523789380        3642.37983980403        3858.15215499290     
   3859.69729337794        4175.69305873019        3809.06405592956     
   3911.13819532360        3922.43812691639        3985.33275817933     
   3952.08959353879        4109.97644279447        4210.99218036364     
   4279.75711853428        4146.67498584849        3735.74129386736     
   3564.10036539995        3863.72948105747        3883.27693838523     
   3697.72150853618        3881.34322779563        4013.54834406801     
   3926.31336937308        3714.80048053768        3881.15257748262     
   3811.11937189139        3943.78124312596        3749.82839176356     
   4193.78538680654        3968.89340980128        3793.94613570217     
   3868.60377204725        3566.00234060905        3676.32219178360     
   3788.28440081963        3771.39178620280        4017.12998666968     
   3805.57832276117        3638.35607633376        3432.77232189502     
   3800.73396493706        3856.80907717056        4053.23648747413     
   3847.45019735929        3824.03475366301        3890.46385941009     
   3708.64537214469        3748.32105868868        3486.14531286678     
   3389.84193492772        3328.90679120656        3383.65446481689     
   3954.55542976065        3728.72594231733        3616.97606822552     
   3777.47726046623        3868.03354622992        3756.91578153963     
   3418.13969754661        3636.06870763934        3740.06295369695     
   3929.47227967415        3837.51016735081        3951.20105895966     
   4096.43144163829        4080.17026381419        3766.66025989324     
   3798.46855375236        3885.36530331615        3720.47200955495     
   3644.73281684608        3459.41644648114        3466.55076723525     
   3849.53900310220        3749.27717657197        3718.85285566912     
   3837.85354502002        3838.15530665746        4078.36742541158     
   4495.75068970104        4178.86588509115        3942.27000400428     
   3739.73591818454        3773.24171607229        3472.15473885843     
   3625.93783720079        3785.75452913487        3626.51427997145     
   4028.03780751235        3898.29878730411        3577.62163332250     
   3563.26555348437        3524.87382074677        3590.24297285214     
   3654.69062544503        3696.46418472794        3799.05516212160     
   3555.58896218670        3898.27775760421        3820.54425790891     
   3810.56789959044        3875.26885830754        3733.67485421505     
   3725.42998711070        3936.96462516857        4193.30317324567     
   3947.52952448404        3954.65524865963        3723.49864956852     
   3914.29094713973        4086.77904457905        4019.73755468825     
   3942.75167601300        3789.78953720864        3816.47924544063     
   3543.30343718403        3872.01201342670        3622.94114753298     
   3704.24361340109        3531.09970504185        3773.83646946831     
   4076.54764736326        4105.26765547363        3985.48872222689     
   3818.30350728918        3769.87399066775        3588.10563947042     
   4032.49118225730        3847.45050341774        3937.47072135673     
   3765.40926847860        3384.42678199836        3195.68688944524     
   3421.50881274842        3179.66729447427        3362.21469872190     
   3801.79026481698        3814.84667939654        3794.33378843811     
   277214.000000000     
   10234.4631851991        7588.92182782472        10775.7352107515     
   3758.19417571625        3534.02712304548        8028.33133757338     
   955.739639196772        1379.10366550056        5872.52481478031     
   7220.49573312845        1775.59056760305        1942.84688332472     
   7543.76337412476        3601.83526092905        5400.59219982898     
   11067.5319093940        5911.06027911924        2841.94822059575     
   983.105267577878        1350.97709791627        9731.62328656298     
   4029.87765418573        3849.60082320961        7997.26435059902     
   3130.91723158196        6022.92773629817        4789.42649931761     
   4250.54062879740        1817.88375640214        5258.80386163604     
   8969.38766844208        1427.29648170209        1992.20459410890     
   7017.85104730325        6567.84475457694        867.160679359680     
   6197.36130573874        1803.94259865495        2206.59216887211     
   5274.62388161331        1873.77990774700        13161.4768932617     
   2601.04989976612        1915.36852320981        3612.09384870528     
   5318.63622935292        3471.13220989358        180.427139954522     
   10816.1119600759        9000.21040332653        4182.37550709012     
   4557.25549354671        3628.88148273104        8604.16503384810     
   5555.12861825301        1932.01524256831        5043.50503869125     
   8125.69397833609        1700.02272870926        5880.73544272576     
   2910.94943599541        8771.46832112552        2843.03796068919     
   2645.28771097334        7746.36108839422        4662.67845327646     
   5072.74013499128        3701.60284534626        6352.55532594329     
   9296.76062341111        14374.0288163769        2725.13935575171     
   370.605574883155        3289.84079331322        3512.11958944276     
   1957.21078507368        958.830367565253        1963.88074599046     
   14505.3800748817        1965.81597408744        2586.22567677080     
   1189.40434044059        8613.67207673230        2064.84140792377     
   1385.54816294973        6197.58676920635        5793.49047507203     
   4651.06708469457        2164.83445580860        1785.27610239911     
   3463.52281786175        2158.93482840615        2588.71516922565     
   5662.40225727939        6729.40811774146        5928.97523048305     
   7477.20467962420        3925.88262975084        3271.75674434870     
   4158.10060707749        5138.58486184441        7313.08606382677     
   533.944462855105        7063.81741176214        1789.36262774954     
   2437.71101179417        2244.59215747547        7037.14696240616     
   4913.80717894887        4727.99709870517        4805.34985671754     
   3515.70821630221        8676.38849797236        1833.51589015640     
   3038.02628292683        11920.6480935838        1881.37051115652     
   5167.78238089985        2392.02647666979        5137.35420708371     
   3643.28296172460        3067.05470438156        5052.05386183811     
   3196.20769407721        3582.49237427038        6251.88588765564     
   6376.84901457822        2677.14382008434        8191.72659141223     
   7034.82656755201        4796.24676921280        4157.92211516564     
   2045.04759432989        1888.42563883047        1350.14100422388     
   2716.72205296096        3004.53556367567        6249.02062275477     
   6037.82711378270        2328.76518538302        4568.63200434984     
   3345.54905843507        2918.22063282582        1332.12271543742     
   3951.86729439283        3777.93162344324        5523.57312709883     
   4944.11322672005        7184.63764746739        7239.14344076199     
   3048.49154554837        4474.53858386746        3158.59287223102     
   5018.30010187473        5693.00892300738        1729.39873967655     
   3238.74513496621        4314.02738355178        2867.24710052377     
   4347.01081000082        1120.91041784305        2125.55684088879     
   993.363855354111        2423.61954506858        4550.27552036196     
   2053.31458814224        3244.76688841361        6687.65040467795     
   2470.04623077384        7426.90753772497        1599.77603442338     
   1140.39421916897        2579.39601256446        4473.24216892871     
   14394.7244838412        11187.3563481173        12470.3468162382     
   5989.46519998045        6882.89237331664        5753.25464041488     
   6752.44296868223        5113.83085196312        5288.90323456191     
   6533.32066109923        2218.71083025612        5354.35340034673     
   3729.11878270577        1723.00121378313        5177.59943605201     
   6335.21342755966        17572.4911451302        5209.39917929610     
   4581.67130822659        6329.47350344677        9493.63720218998     
   3482.53690363016        5582.33454334456        4272.99303244685     
   6190.69134482195        3306.07416298110        4197.52853097571     
   3711.25080289772        7035.77539297820        3291.69147260985     
   7003.10197879712        7481.47909119763        7012.63720461477     
   1109.28026063886        6507.19508178997        6924.53735464635     
   2054.79888930400        1370.72393995440        8824.02009770084     
   4748.81489221445        2739.36234283341        3485.26125386377     
   2062.58677324768        5644.96641578425        4242.37697240770     
   13139.7948231266        7945.15410664777        3611.37048674670     
   3978.17136561394        2236.72911904258        4530.02138552171     
   2312.08088877992        3784.52642987081        1911.00956283602     
   3519.52230662927        293.628589316803        4100.66378870397     
   8270.75153680937        3165.54466248232        4479.14179633116     
   3413.57326547510        5388.87749382444        6615.94362766697     
   11553.1238527580        4750.08312421975        3036.60774194312     
   4626.90491641575        6677.99305281534        5669.79558015475     
   5687.93599498617        7726.08816493166        8717.47921494419     
   14041.5547504532        10599.4415677032        8934.76963185287     
   11571.3018448340        2078.76377704866        8498.40387891694     
   1769.15546446503        1449.34492997207        6345.72566173695     
   8780.89081520937        4050.17876058174        5398.70394328775     
   11404.1394722239        9552.15436634580        547.725917312737     
   17553.3079617611        5128.99327015986        7653.92106667431     
   2792.44020083316        1786.55372871557        6536.09198288859     
   6490.21016723006        6216.03719630573        5444.24756374487     
   5359.50148285714        3966.20301320834        1836.57843559143     
   4103.13449253652        6109.55267941598        10362.3479428895     
   9241.15569571191        2413.98098182827        251.579652607627     
   8259.20592840553        4726.91675292287        7859.75042397951     
   4343.52552056403        7864.71062026692        4967.65537046294     
   6423.78299308560        429.301230950834        10937.7776837847     
   3762.16796933287        333.347736860681        3862.56497259716     
   2591.75892603838        2824.30570425530        9975.79082767294     
   11748.4409758859        2881.11310378175        7698.59101619445     
   2169.04310720397        1568.83117349397        961.686238154973     
   5590.29152488894        1007.29561879015        2532.90356668114     
   2528.09367937214        2834.40458874198        2987.44731169309     
   7119.56325412859        10732.5307737709        3831.00948144298     
   3974.05665733007        9706.64381321407        7605.79401065083     
   5084.72727601919        2915.67477450406        2956.56821094174     
   898.894662425721        11334.2082200203        1307.08687622161     
   2416.65836050613        4097.29123100098        5988.46000868736     
   6356.94246925053        8453.66816921875        2832.21571424394     
   7114.36820006242        4913.37504063595        4476.02288502922     
   7372.25143545197        4869.80422552041        2371.40596369467     
   5443.32692125213        2718.81698434750        11937.2478413866     
   14622.7901756394        2464.86996532997        431.612231493832     
   5382.00085806234        1301.09330570766        4465.49186222963     
   1146.14353759302        9232.32504323054        2607.01528734662     
   3206.87023723291        2411.28481452811        4701.61787299485     
   6222.39714495454        9759.60893948001        2216.16497193436     
   2863.94969730998        2541.79058502942        1634.34709945684     
   3619.21473655728        1579.40916784932        8012.84951279753     
   2672.77546539940        8941.37383259160        9470.63053418266     
   1211.69704080048        1516.56122625316        8793.31009455019     
   5618.27717780598        1613.20989936844        8242.60618060278     
   8106.52018927813        1174.91831264668        1674.80839758160     
   1995.85898114641        1329.02259275779        14324.7086828373     
   13212.9671126770        1607.06601987609        2603.69909551053     
   1688.25165683781        620.315759571853        3127.10314125489     
   6690.69416149067        3951.97063181549        6120.22461688283     
   11068.8283243328        1800.59822388541        3374.14534157688     
   5821.94584354658        9651.41465796089        3370.95127578574     
   4395.83304504944        4831.58816776059        3302.29764989864     
   4609.80727012203        1434.59586146595        2741.93638408862     
   6334.06732159931        4415.63625295447        2096.62236254556     
   2779.28816522260        3878.18771204027        1628.13745978642     
   1438.46631765991        3965.31994796020        6760.03357209175     
   4323.11168243422        7389.28332156763        4040.81263236479     
   4187.93693929116        1016.63356407364        2378.70534345853     
   5702.30929104627        5185.19943377268        11503.2306662383     
   2833.65304384995        9808.87270715269        7497.40244859755     
   4929.45810132543        12069.9800636306        5950.54456888436     
   4950.87713074833        3130.87026002620        10208.2436627784     
   7544.32703279378        1733.92679765104        2437.20371899205     
   2398.10459598410        3361.72606223605        2877.92843230177     
   12878.8020707463        5671.22351544961        5955.26990739301     
   1357.70342469995        5873.48303451766        6414.21019002335     
   7090.76969045262        6362.22207211705        3721.67848827466     
   605.801548844490        10834.7126961537        2438.50952824196     
   2232.99018320472        4237.42617043145        2828.83376222979     
   2306.23762724437        8347.04273766174        7841.50667172544     
   4442.23154782125        8203.72312675129        6485.33451974300     
   1475.02897665726        3592.86369378042        2040.88591449026     
   5982.12824297199        4924.21607570351        7052.19664886910     
   4299.26892073451        4769.41661656727        2651.20612699809     
   6697.18563049560        12764.1257145334        4501.80087482591     
   2532.69689183584        3497.30476075858        2692.30623828108     
   2132.87500927495        1777.30972654358        6250.65523289494     
   973.410338470668        3239.65638314780        2637.80044498647     
   3096.52465846035        3634.92202480075        493.361038685390     
   8549.67802917580        4032.83686219810        4398.17222852589     
   7202.31774105244        449.818406503301        6434.06036948414     
   12876.2937896691        3697.65723466309        8014.04259031363     
   3191.60448161352        1327.93285266434        9326.69089873627     
   6287.09576584733        4355.54084452539        1665.51742385385     
   2908.81692736427        1784.77820390814        8550.17592766677     
   8965.65812691537        1899.81154394475        3122.67842070306     
   10481.0450642747        3990.06456353035        3901.75803871662     
   5367.69332218029        5671.89051154129        1701.90159093934     
   3405.09959681744        2243.06088475795        2652.61527367065     
   3120.06680220325        6154.30717773647        4879.07641062585     
   4921.65142875945        2741.43848559765        3239.96639541576     
   4704.26706873927        11186.1162990455        7538.77499490390     
   4036.41609474640        3209.51003866618        2801.81572336125     
   6749.20193133535        9302.58509632436        2653.76137963100     
   8152.60867978198        1863.46495410387        5482.71726790575     
   4741.62824418439        5335.37689182292        4319.44790108556     
   1805.33295670521        1541.06158973340        3695.33683980895     
   6294.30120249968        5443.46783591939        3864.90415607361     
   6774.67930317522        5899.23284138089        1592.45786603722     
   6316.48117112577        6416.29572709874        5129.58511176233     
   2717.01327660662        6406.61019230267        3286.10185747536     
   5876.50800270808        4161.71741687040        2487.81087315924     
   5305.35267338626        6510.48309069261        11619.1000999673     
   9484.92867575356        7219.23689543430        6194.62756119397     
   1550.93501075246        3363.57674153268        4987.74040770249     
   3213.11745414793        1504.40498762455        4816.28483489660     
   5847.37624383070        8220.53894371050        2149.91628970177     
   2981.69799326905        2921.08589772669        4868.66751387121     
   4523.23869287112        4116.38047125858        6138.62807242646     
   5184.21303110189        2138.63372201014        3661.14154722150     
   2837.31682519860        7705.18582262203        2505.75400745650     
   1326.42976288028        6497.26529490400        2475.18491897311     
   2246.84679215156        7870.98602011538        5508.62677805854     
   11293.0799258039        9770.01783623465        132.149774952632     
   1484.71451145332        3862.64952139751        208.450370116155     
   5403.56080215250        3486.38857120182        3536.28175772158     
   9536.19343170127        4277.61503353284        6748.61008973287     
   1725.75374695020        7747.28173088696        1062.28052195342     
   2688.61427399897        15028.3895595578        4578.26117327899     
   3223.81757454823        3615.34428036332        1763.85707297621     
   2128.12148783285        955.025671549342        5684.47888848282     
   639.113776183797        7189.40056322064        4891.92782827959     
   654.294983002839        4077.36589705098        6304.00552591804     
   1747.37945121841        5966.51489784003        5219.67655569464     
   5528.22331111827        3134.15826892884        6394.58547403017     
   2310.19263223869        2600.12925727338        1174.79618660173     
   3790.05028482725        4172.92483007282        1982.88543744771     
   4492.65081576543        4187.63632133434        6106.41497949175     
   8914.93824101438        1280.82977655625        7154.23765658471     
   556.725667394817        1164.96034282726        7007.06637810259     
   5313.52572408710        438.958582813442        9099.82767876534     
   9140.73050951417        562.634689108417        3157.84132733899     
   329.364548932913        2555.84447451041        3748.23620589683     
   7372.90903723249        4981.08923540801        9918.36340361057     
   9915.68602493270        3116.42180947689        821.175526278488     
   1621.83387700451        4014.26430905377        3728.30147763569     
   7782.08765369918        3039.04086853107        4551.62830116762     
   2988.74372663185        2216.61589886958        6332.68635786020     
   1391.86114004279        4070.18864333208        1387.23913895680     
   4329.03009845896        3162.27544220198        711.703618442913     
   4788.65616580328        1243.96649960210        1349.88735782282     
   2515.09195273999        873.520628008499        3638.15366783648     
   2057.72991438292        6010.45209109044        7492.33891488749     
   484.614935004371        2178.97289408994        3557.00560811935     
   5150.84443789568        1278.56574756901        4899.43388288876     
   8105.14861985017        5734.74784744860        4384.71957495852     
   4058.40817714948        5834.60937497731        7121.72394569318     
   2974.92469492962        3761.66067653075        3163.13032451667     
   339.623136709146        9556.76697312064        2682.99647593103     
   4377.88051644103        10082.7544544314        5608.71376905487     
   2478.36959045309        5338.58035192521        5768.57676190117     
   5388.05079444320        5842.14361251993        4168.78193885550     
   1014.28498628605        5662.22376536753        2395.11720503827     
   9644.66954255491        7673.51759973404        1511.83588774451     
   5416.00826442678        4167.66401582860        2709.79844564312     
   1965.90052288779        4077.80742967505        4874.85836491932     
   5685.09891301875        10655.6383370049        3351.62717774938     
   4125.40840427411        4149.28874321842        9631.66781592276     
   7147.91528518049        6737.27115617434        4277.90625717851     
   10175.9460210433        2203.53901774823        5952.83678080506     
   7466.66426251345        5786.13472944126        4302.34086048069     
   3182.69867464294        4092.92287631604        10559.6190827367     
   4827.09768703070        3383.94360810674        2699.78410995679     
   2105.58453538304        4672.15731322721        10284.2812172297     
   10351.8732859568        6593.01211414885        9576.26016875772     
   5641.68780119276        6726.83407648625        4399.68471262110     
   226.637756503324        4320.33096633370        3626.15713249742     
   2784.36109324382        4087.27689531465        1942.84688332472     
   637.065816353011        5315.66762702939        3088.82132331703     
   1677.53274781521        123.610346116921        12249.2610976247     
   2548.31023696779        5254.41671832880        2897.60011985070     
   8612.60112526116        2054.30099081303        696.456651445819     
   5074.71294033286        7610.34085724762        3819.05052334852     
   6039.94083379154        7055.41889759368        7497.63730637631     
   10014.6081213464        2470.91990171083        8122.64082721221     
   927.490945567529        8885.39313244638        10160.9808833807     
   6349.70884966472        7940.87969507434        1473.21587460523     
   1468.23688969552        3337.31024755617        5909.28475431182     
   4970.36093207426        2834.90248723295        4197.37822199730     
   4811.58767932140        1213.29407369605        7469.67044208158     
   1909.36555838470        4552.96229335097        2417.39111677586     
   13796.4947497839        3331.90851864470        1817.88375640214     
   3183.66628869143        3515.27607798929        7022.65154030110     
   2387.95873994167        1218.01001789355        2578.72901647278     
   2192.67919405837        1911.78929066151        4390.96679187353     
   5256.98136527286        7534.81998990958        4541.56699392554     
   4012.31029233449        3206.71053394336        10754.8610513754     
   2646.49957711174        5136.69660530318        3012.73679730996     
   3254.50878907658        2549.82272106301        2771.88544803609     
   3838.20552378418        3726.99566838578        2290.21093242179     
   8536.99570912277        10688.9693529665        7220.59907055111     
   6217.23027382182        3076.57114157691        8855.66953196653     
   1823.29487962477        2894.85698099478        1903.16531302544     
   6738.99031511487        11667.0956356346        5388.79294502408     
   7888.84460561229        3868.23913653200        7450.60938475743     
   2516.66080270211        2603.68030688823        5648.55504264370     
   1939.02339868651        7999.57535114202        7005.95784938684     
   3554.31883513034        4479.82758104514        8385.91639720208     
   3627.72598245954        5846.57772738292        543.094521915591     
   1922.40486226146        4701.71181610636        3024.76151558247     
   1103.83156017163        5123.04667120166        3784.20702329170     
   3956.63021014608        5727.44846768474        2256.04382276780     
   7700.60139878064        168.195746836705        3666.90965426785     
   4355.98237714945        6972.99321156010        3721.36847600670     
   3454.19426688941        4766.67347771135        3380.29861538039     
   3095.85766236867        214.039985250641        3406.77178420221     
   5820.40517651791        14140.2513833993        7667.88101304380     
 ------
  0.000000000000000E+000  0.000000000000000E+000  0.000000000000000E+000
  0.000000000000000E+000  0.000000000000000E+000
  0.000000000000000E+000  0.000000000000000E+000  0.000000000000000E+000
  0.000000000000000E+000  0.000000000000000E+000
