           3           8           8           8
   4.00000000000000        7.91500000000000       -5.20000000000000     
   885000000.000000        79996124.0000000     
      129664         616      123100
   26969258.5000000     
   26679403.5000000        27543604.7500000        27276204.2500000     
   25003246.0000000        29034312.5000000        29245295.2500000     
   27398628.7500000        26336489.2500000        26269669.0000000     
   24552735.2500000        27440602.2500000        27560588.5000000     
   28538226.7500000        27475566.2500000        28155842.2500000     
   25666437.2500000        26136898.2500000        25780280.7500000     
   22348168.0000000        24346027.7500000        24028950.5000000     
   25820127.2500000        25784829.2500000        30254537.7500000     
   29405210.0000000        28109620.2500000        28940149.5000000     
   24494882.0000000        30961455.0000000        28225682.7500000     
   23296595.0000000        26235039.0000000        28277455.0000000     
   26986870.7500000        25221619.0000000        24608539.5000000     
   26168708.0000000        27663632.7500000        27315877.7500000     
   28083791.2500000        28499703.7500000        23320404.2500000     
   26639556.0000000        27056307.5000000        26343665.5000000     
   26355515.2500000        27969071.2500000        26112869.5000000     
   29650819.5000000        30603028.5000000        25664975.5000000     
   29470792.7500000        29019056.2500000        27176417.7500000     
   24095027.2500000        26373134.7500000        25120656.0000000     
   24803252.5000000        28625095.5000000        29465878.7500000     
   27149009.7500000        26974226.7500000        22338521.0000000     
   27289046.7500000        31488388.2500000        33667764.0000000     
   32503425.7500000        28666450.5000000        29107416.7500000     
   27484258.5000000        27852169.5000000        30572496.2500000     
   31988393.0000000        30588753.0000000        28860464.2500000     
   26816844.5000000        28784757.0000000        27143454.5000000     
   24535296.2500000        28862148.2500000        25204669.0000000     
   25474738.2500000        25049230.7500000        30665547.2500000     
   26759208.2500000        30722431.7500000        30620161.0000000     
   29292299.0000000        27146134.2500000        26409301.0000000     
   28011213.7500000        23571591.0000000        25756828.0000000     
   24930306.2500000        26918851.0000000        24844641.5000000     
   23492800.2500000        26032371.7500000        28632730.0000000     
   30965386.5000000        26059788.2500000        26864880.7500000     
   27915295.5000000        27867812.2500000        28892135.7500000     
   29899428.2500000        31479431.2500000        28473619.2500000     
   26539383.0000000        27481995.7500000        29904600.7500000     
   32786902.0000000        29448035.2500000        33020649.7500000     
   24432509.5000000        25639266.2500000        30567311.0000000     
   30541306.5000000        28823944.2500000        28372932.2500000     
   27738838.7500000        26182346.2500000        27801007.5000000     
   25991244.5000000        27190487.0000000        28911288.0000000     
   29990395.7500000        32208013.0000000        26897733.5000000     
   26313238.0000000        27156249.0000000        25775848.7500000     
   25638304.0000000        26359539.7500000        27293426.7500000     
   24321521.2500000        29048550.7500000        28125812.2500000     
   27464527.2500000        23437072.2500000        23528764.7500000     
   25078137.5000000        28393725.2500000        25826360.2500000     
   29853305.0000000        25403535.2500000        24019538.0000000     
   26760210.7500000        26209580.5000000        28078902.7500000     
   27244467.2500000        31786135.7500000        30329256.5000000     
   29770826.7500000        26915296.7500000        25398692.7500000     
   26956640.7500000        26659511.7500000        25370613.5000000     
   22549350.2500000        28951183.2500000        28199297.0000000     
   25697102.5000000        22588552.5000000        25049609.2500000     
   21980903.0000000        26196258.7500000        25304355.2500000     
   25645624.0000000        27334506.0000000        29505512.2500000     
   28073559.7500000        29517051.2500000        31063963.2500000     
   26185290.5000000        24837164.5000000        29329145.7500000     
   30701268.0000000        32172625.2500000        32703865.5000000     
   27685141.2500000        27749615.7500000        28484851.0000000     
   31917137.0000000        30620386.7500000        29716454.2500000     
   29274417.2500000        28338592.2500000        29660999.0000000     
   25640588.2500000        25973280.2500000        25337268.0000000     
   28559343.7500000        23872673.0000000        30465821.0000000     
   27720600.5000000        28540391.7500000        28560564.5000000     
   25232661.2500000        30260171.0000000        30762181.7500000     
   30198834.5000000        26097073.2500000        28786341.0000000     
   26382728.2500000        29083273.5000000        29080261.2500000     
   27062280.0000000        28185179.7500000        27301313.2500000     
   25795010.0000000        26845262.0000000        27015741.0000000     
   31335115.0000000        28781182.7500000        25920523.5000000     
   22196175.7500000        26655570.0000000        26834356.0000000     
   25496038.0000000        23736279.2500000        27389774.7500000     
   26496189.5000000        27198975.7500000        27624726.7500000     
   28112682.7500000        28474045.2500000        32474596.2500000     
   33194645.5000000        31458644.0000000        27479427.5000000     
   29173718.7500000        25759984.7500000        26341232.0000000     
   25994382.7500000        26004144.5000000        26638953.5000000     
   28663751.7500000        30234758.7500000        28530810.2500000     
   25935601.5000000        25375958.2500000        26577533.2500000     
   29452446.2500000        27614475.5000000        29072348.0000000     
   29817968.0000000        30787772.2500000        32678767.2500000     
   32905218.5000000        27949072.0000000        27407581.7500000     
   26116889.5000000        24246819.5000000        27314996.7500000     
   28377598.7500000        26287399.2500000        27059366.2500000     
   29894865.5000000        25231410.7500000        21653014.2500000     
   26610902.2500000        23286536.2500000        25391532.2500000     
   26160873.2500000        25504075.5000000        27386757.0000000     
   24203090.2500000        23572646.5000000        30358821.7500000     
   26647103.2500000        27410014.2500000        28193773.2500000     
   26136530.0000000        24706724.0000000        26889272.0000000     
   23967308.7500000        26437653.0000000        24098056.5000000     
   25216172.5000000        26952158.7500000        28259113.2500000     
   25110789.5000000        29182137.0000000        27630002.0000000     
   26650162.0000000        26494336.5000000        31640528.2500000     
   29037492.5000000        24927439.7500000        25584879.0000000     
   29276415.7500000        26401402.0000000        29285691.2500000     
   29064596.7500000        30119351.2500000        30432026.0000000     
   30258144.7500000        27401256.7500000        29772710.7500000     
   31343417.2500000        30002253.0000000        26563196.2500000     
   26273553.2500000        28900113.0000000        28041689.5000000     
   32601280.5000000        30219643.0000000        27455023.0000000     
   22683156.7500000        27775636.7500000        25854985.0000000     
   28362970.0000000        22211606.0000000        25731964.7500000     
   27406483.7500000        25389453.0000000        32016872.2500000     
   27601727.2500000        24495072.2500000        25874139.2500000     
   23569251.5000000        24762021.2500000        24218079.2500000     
   24617727.7500000        27215424.0000000        29448368.2500000     
   28689176.0000000        32033661.7500000        33844874.5000000     
   30689554.5000000        27432620.0000000        26065819.7500000     
   25862914.0000000        26379552.5000000        27355698.7500000     
   29308875.2500000        24679797.0000000        24983374.5000000     
   25139803.0000000        27880186.0000000        30586660.7500000     
   28928433.7500000        31012003.0000000        27592064.2500000     
   23767095.5000000        29449873.0000000        32758311.2500000     
   28583837.5000000        27519279.2500000        22744435.7500000     
   24923656.5000000        27063371.7500000        28438216.2500000     
   27073121.7500000        27758220.2500000        27761236.5000000     
   24192169.7500000        27820956.7500000        23790478.0000000     
   21488777.0000000        24074299.0000000        24274651.7500000     
   26709891.5000000        24129902.0000000        24599186.0000000     
   28394671.0000000        27670615.7500000        25443274.0000000     
   23547821.7500000        26143185.0000000        26416482.2500000     
   26704309.2500000        25406219.0000000        23317968.0000000     
   27573174.5000000        27063030.5000000        26913752.7500000     
   23898622.7500000        25787012.2500000        26884240.5000000     
   25112002.0000000        30291858.0000000        25618446.5000000     
   24083326.0000000        29583937.7500000        25897366.7500000     
   26424586.7500000        27741760.5000000        20527165.5000000     
   24702308.2500000        26187244.0000000        25221935.5000000     
   26660052.5000000        27473686.2500000        26808762.2500000     
   26649522.7500000        27803842.5000000        23016788.2500000     
   21196548.2500000        22519808.5000000        28302278.5000000     
   24444130.2500000        22790268.7500000        25069397.2500000     
   23141944.7500000        26385325.0000000        31817395.7500000     
   31849016.5000000        28933279.7500000        28509350.2500000     
   26545906.5000000        22140702.0000000        23857713.7500000     
   28848134.5000000        27964949.2500000        29609744.0000000     
   27430053.0000000        29896839.2500000        35161532.2500000     
   31810606.2500000        25576557.7500000        26838757.5000000     
   27627809.0000000        27774427.5000000        23969828.0000000     
   25460316.5000000        27053455.2500000        28241429.2500000     
   31025948.2500000        28780432.5000000        23519229.0000000     
   27850145.5000000        28877692.2500000        26027103.0000000     
   28216771.2500000        30445931.7500000        32404847.7500000     
   28276160.7500000        27796690.5000000        28091109.0000000     
   25506966.2500000        27701591.5000000        25654134.0000000     
   22949940.2500000        27103734.5000000        26230822.2500000     
   25171780.2500000        23893093.5000000        26183902.2500000     
   25122261.5000000        25262502.5000000        29432563.5000000     
   25713849.7500000        24780823.2500000        29368737.5000000     
   27375230.0000000        32009605.7500000        29710432.0000000     
   29791629.5000000        28036750.7500000        26772797.0000000     
   26661974.2500000        29179712.7500000        28455719.5000000     
   29027860.5000000        27646325.7500000        26112833.2500000     
   26010616.0000000        28543937.7500000        26022954.7500000     
   29937927.7500000        31181563.7500000        30333468.0000000     
   28830705.5000000        27108756.7500000        30081815.0000000     
   28697358.2500000        26677673.0000000        31817361.2500000     
   26056924.2500000        29037940.2500000        29401915.5000000     
   30620999.7500000        30320397.5000000        29139026.0000000     
   25618441.5000000        28182402.2500000        27203930.2500000     
   23592756.0000000        23099688.7500000        26350337.7500000     
   32534009.7500000        32925744.5000000        30129133.0000000     
   29944004.2500000        23701041.2500000        24526142.7500000     
   31637782.7500000        27914525.7500000        25977423.5000000     
   25944468.7500000        27313238.7500000        26284292.0000000     
   29583515.0000000        28895252.7500000        28610814.0000000     
   23429363.2500000        24708093.7500000        23028652.2500000     
   22098487.5000000        27267013.0000000        31532121.0000000     
   26962524.0000000        27110013.7500000        25779441.5000000     
   21022693.7500000        27708087.0000000        26107249.0000000     
   27469205.5000000        28946491.7500000        30884102.5000000     
   24269539.2500000        27792574.2500000        25399263.5000000     
   26408129.5000000        26061743.7500000        29156017.5000000     
   26590618.0000000        28020984.2500000        29030301.5000000     
   25055160.7500000        21980030.2500000        26520410.0000000     
   28177902.0000000        29141268.0000000        27432308.5000000     
   25448927.0000000        24378715.2500000        28533824.5000000     
   26941300.5000000        26438816.0000000        24991042.2500000     
   30598817.7500000        30443206.2500000        25634650.5000000     
   30926080.2500000        31331417.5000000        32510537.2500000     
   28930365.0000000        25148923.5000000        25858703.0000000     
   26832445.5000000        21004479.7500000        23022258.2500000     
   26148496.7500000        24978258.0000000        22467781.0000000     
   23786711.0000000        25504056.7500000        25172693.2500000     
   24822745.2500000        28250639.7500000        28051782.7500000     
   25659515.5000000        27986287.5000000        25521835.7500000     
   27643776.7500000        32228598.0000000        30156439.7500000     
   31699488.5000000        32918476.2500000        31022817.2500000     
   29077093.5000000        31131034.2500000        29992209.2500000     
   28009050.0000000        27254177.2500000        25341218.0000000     
   25795739.0000000        25795194.5000000        26371713.2500000     
   31198469.5000000        29148920.0000000        29582699.2500000     
   26134193.2500000        25214733.5000000        28477235.7500000     
   25375320.7500000        26460631.2500000        28569515.5000000     
   26070201.0000000        26230316.5000000        25283259.5000000     
   25673936.5000000        25367883.5000000        28724890.0000000     
   28569048.5000000        24135863.2500000        24949961.5000000     
   30514572.5000000        31007973.7500000        27829019.0000000     
   25046510.7500000        25565352.7500000        28088235.0000000     
   28158200.2500000        28931305.2500000        28823119.7500000     
   27832304.2500000        28652193.5000000        25608918.2500000     
   27653482.0000000        27633907.0000000        30181755.7500000     
   30374646.7500000     
   16243108.8002870     
   16629875.3132293        17386193.8756665        17462688.9716573     
   16641407.9994107        17312591.6974223        17605783.8640747     
   16965232.1485519        16145027.8684328        16094607.7492478     
   15952980.2852528        16299075.0708279        16662717.7508237     
   17463648.8092378        16938193.5322946        17583589.9787820     
   16791821.0941424        17403084.3981513        16284510.4261422     
   14394617.1419167        15371753.8627866        15623594.1368207     
   15880114.6264418        15784086.0719874        16713910.1599987     
   17036249.2382509        17340285.5897814        17649586.2702568     
   15811076.8701471        17525557.0950126        17562666.2402042     
   15643874.2112144        16515433.8317027        16340888.5664315     
   16691478.4738759        16033778.1134834        16045807.9237637     
   17134503.1985071        17376929.4074161        17453039.4124595     
   16890303.0396847        17919463.3829418        16576058.4279963     
   16291664.8088469        17556632.1539554        15704739.8252928     
   16501697.7088484        16721390.5183264        15934468.0926277     
   16565420.6345239        17641913.0959181        16801413.5518468     
   17012560.4217896        16415096.3560835        16267667.9255173     
   16056210.8186236        16458916.1777644        16369256.3307219     
   16316781.6668909        17006669.2383239        17500751.8001624     
   16746460.7619461        17092195.5418264        15201341.5092215     
   17231656.1082003        17233132.3788777        17360831.8204862     
   17076760.1298537        16674259.5605870        17029537.6691677     
   16756890.0208626        16941975.1311072        17897432.6032596     
   17642552.1705977        17334700.8465044        17133019.1081984     
   16517323.1243405        16349740.9038707        16126720.9096280     
   16035934.7271198        16736282.3578586        16270136.8510637     
   16009734.0880858        16724140.6213103        17963292.0685961     
   16988144.4232802        17522889.0466079        16957741.8292334     
   17292590.2282774        17326039.2502069        16408830.1138339     
   16903875.5925815        15725799.5184494        16874616.8515773     
   16513871.8686738        16436395.0796085        14969428.4760675     
   15674707.5199285        16273081.0445379        16279141.5749345     
   17078488.7286218        15955653.3473346        16800968.7304027     
   17027650.5683379        16659762.2285810        17233193.3173581     
   16971401.4377869        17513360.3224288        16237433.0263742     
   16978560.5584387        17120173.8240197        17813242.8185740     
   17938141.9534934        16927706.1800864        17729690.6986859     
   16702207.4060326        16502923.0842225        17611146.3714157     
   16209893.8070485        16056609.8078274        16817472.5572469     
   16177384.0475304        15423649.5057955        17049312.5275357     
   16542289.1813098        16041437.5919738        16936507.6854475     
   17509133.4650039        18209907.4618293        17006607.5934380     
   16488073.7653225        16460163.5533317        16828798.6033841     
   16554168.7563625        15748531.4489188        17138337.1653234     
   16456512.1675191        17412441.9507365        17526908.8001052     
   17138597.0064685        16808281.6611070        16526981.0591410     
   16213683.6721895        17180182.0214162        16613657.7183174     
   17320210.7488324        16416858.6533558        16551554.4791609     
   16530661.6776370        16588333.1711620        16747652.6482979     
   16617981.5023173        18721328.8608995        17829153.7917127     
   17604562.4346075        17072927.1557710        15911451.3459106     
   16587655.7658205        17367755.3331140        17178289.6857588     
   15133254.8315149        16678766.4413041        16957187.1047685     
   17055591.4627504        15160643.0364736        16259368.4055164     
   15567382.8082924        17077085.7437355        15635735.9847081     
   16841286.8645023        16373853.7444644        16825371.4672957     
   16688126.4602264        16869311.1905408        17963586.3529576     
   16949591.1639958        16423596.9900990        17648053.2740207     
   17478339.2773293        17205559.9381803        17511710.7892518     
   17137755.2342107        16989562.2128672        17163411.5632824     
   16528842.5217966        17544518.4710149        16550020.7361475     
   17124065.1523321        16361799.6296573        17203763.9368034     
   16139763.2318128        16406224.9744584        16677328.7031036     
   16477068.8387651        16280184.8835582        17722396.8845367     
   17513615.6216206        17570197.0493079        16476954.0607576     
   16302690.6767422        17718348.9364095        16762148.9092373     
   17381968.1288711        16029395.1781351        16609425.9595841     
   16528745.5730167        17372168.2984973        16721220.9788182     
   16425457.7548006        16579143.3811532        16279684.4359110     
   16693051.2415160        16857678.1126622        16724804.4423702     
   17731412.5005549        17011523.4539851        17449186.4832516     
   15826631.6105142        16980113.5889526        16699418.1673956     
   16997100.4200021        15585903.7672430        15461198.9493360     
   17235275.2887831        17401922.5154674        16228534.9392444     
   16442755.3593036        16401262.6478737        17429637.7489153     
   18206114.5982073        17813696.5436068        17115248.7246018     
   16888877.6154179        16191857.0762392        16358411.8660971     
   17167555.1124701        16209963.0136433        16639145.8146610     
   16605066.0607407        17274938.6066444        16710387.5677372     
   16365666.4545484        16312240.5581175        16554740.9752812     
   17396244.9489679        16058570.3217015        17168275.9254274     
   18023429.4092035        18046296.6537506        18697959.2373881     
   17678116.2680389        16531301.7605888        16482346.4693533     
   15967628.9880736        15059401.3222592        16818871.3300275     
   16343272.8818419        15905473.6541146        16392793.8476184     
   16788830.2533371        16416846.6381037        15635057.0535208     
   16613114.0202679        16021078.5396535        15209713.3537706     
   16508191.1190988        16949204.0677445        16945248.6680407     
   16317581.0180339        16208721.1337362        17384207.2860798     
   16109299.8537767        17016904.3399726        17030710.2070696     
   17023143.1016999        17136502.3765377        16308230.0327217     
   16504947.5721518        17231032.5305886        15544279.7274114     
   16456801.1256218        17137744.0518160        16054609.4691253     
   16614679.1997601        17188457.9275116        16534884.9116509     
   15642985.4259234        17123616.7006093        18117247.5051473     
   16501356.8875473        16490114.3778068        16506469.4438456     
   16906002.5935628        16702805.1452861        17270330.4942192     
   16872157.9660022        17675322.1675300        17679915.3242300     
   16562580.8978501        16479663.4776323        17248575.4517199     
   17412120.3071699        17613680.6624604        16599206.5898946     
   17035646.6485147        16925143.7314464        17238794.4605541     
   17777025.4857684        17425858.6582669        17135233.6419898     
   16004199.1470980        17578454.4152372        16215668.1900136     
   17532698.4462478        16311772.8598052        16988735.1502142     
   16094343.8037200        15776129.8083787        17598583.1431351     
   16353490.4574499        16090311.2081164        16925809.7472953     
   15312178.2346335        15774561.7626369        16137336.7558023     
   16048881.5665140        16578370.6425302        16730953.1767374     
   17114363.3157359        17479961.1534334        18705240.3632291     
   17903042.4371582        16874739.4907342        16294167.7738704     
   17321887.8115390        16165053.4488084        16975115.5835466     
   17380141.3773433        16816835.2258817        16569736.9903637     
   16517524.6646638        17465022.6857619        18022001.6431224     
   17055569.4679454        17321252.7868831        17620508.3744829     
   15500007.8047026        16754196.2877936        17668277.0324244     
   16638605.6095258        16099333.3790643        15532396.0844323     
   16480748.8390448        17134580.4780808        17212729.3101711     
   16835037.9945135        16534768.2864090        16295460.4617920     
   15636461.8974368        17372280.5523355        15890720.6728282     
   15759785.4955481        16288657.1782248        16453961.0320843     
   16628909.6942677        16471200.4905988        17281385.2057185     
   17110912.8035638        17235480.1221342        16599886.7130821     
   16883123.8190395        16329986.3608505        16218412.4057594     
   16839621.2535554        16693389.8070507        16482896.8115553     
   16879602.0873883        16349327.3144645        17071211.0021995     
   16283865.4990209        16966067.0989464        17243065.5415365     
   16381066.2354989        18086608.0185573        17380106.4654031     
   16620060.8842589        17803837.8739576        16734420.5476725     
   16384831.8960352        17422782.5416959        15325395.5246480     
   16735843.8092604        16645712.6980178        16297926.2031199     
   17035547.5718398        17309530.2398385        16608693.3349651     
   16660818.6918249        17282124.9285227        16141867.7433916     
   15432462.6456311        15804165.2742701        16588859.4031799     
   15645503.7937094        15849621.0403767        16124141.6290070     
   16314366.2839562        17457145.8176596        18183234.9351037     
   18275795.7977266        16634003.3920947        17904011.6897669     
   17524262.3216606        15221106.7069095        15589887.4167074     
   16506324.4055848        16644684.5881877        17338583.0487528     
   16777607.4698359        17305364.4684052        19201334.6669798     
   18439243.4003947        16522131.6573552        16702196.5101107     
   15893527.3838563        16895778.6038476        16152987.5342264     
   16470464.8519375        16771135.7996946        17054952.4382245     
   17136147.5084738        18073270.5527411        16557472.8408724     
   17404770.3079504        16280455.7801975        16266248.6271895     
   16603654.2751211        17794173.4655723        18095161.0441097     
   17265903.1312281        16281285.8766064        16983918.0965120     
   15762347.1239674        17511452.5731178        17070838.6375182     
   16253580.5142079        17352497.4579656        17106073.4755703     
   16810872.8170509        16178394.2536300        16280496.6016521     
   16274418.4344751        16614638.8199598        17179007.6445306     
   16071489.3281152        16550596.9306432        17409593.1064837     
   17261030.8950751        17983698.7592864        17307600.6924863     
   17977217.4614422        17366280.2318571        17706708.7648562     
   16603559.0001067        17523381.5354422        16452999.5528560     
   17714307.0227240        16924527.5604772        16692599.1721463     
   16378299.7969620        17675593.8400857        16562659.4556279     
   17230151.1316248        16597826.5579867        17075686.2098151     
   17278864.7661452        17556145.0043676        17861498.4578016     
   16840214.7442174        17765262.5238194        18452149.3049319     
   17158949.9874569        17694036.8044076        17010526.4062012     
   17603120.6873460        17012753.2432970        17521810.3552892     
   16724742.5449078        17019230.8760989        17244139.3845233     
   16055443.8243107        15360969.3782020        16635137.5342223     
   17571057.2148546        17607860.4151642        16895262.4975709     
   16905139.3850980        15498513.4863911        16587267.1025479     
   17825960.9059292        17040321.1504262        17121193.9571572     
   17414436.3460070        17068405.9378194        17313817.3867881     
   17715765.1881207        16901534.9221360        16716166.0378041     
   15446792.5277994        16233666.5375737        15586886.2370131     
   16372034.5928059        17290802.2680127        17655135.7730169     
   16485658.7833812        17309306.1626029        17395727.0940354     
   16079135.4707190        17306023.5711057        16266386.3209998     
   17434150.9978848        17187182.6655928        17516170.0615869     
   15655464.8349419        17079756.9244479        16128128.8304273     
   16900426.8565968        16899117.2319683        16706283.1259174     
   16335496.7740274        16999822.7041912        16420170.2288008     
   16540569.1482991        15213477.3350779        16363160.4152831     
   17585483.8033543        17908247.6457798        16838971.9003163     
   16489213.0671877        16375169.0109181        17817611.0105844     
   16998059.7911405        16134195.2201131        15436689.8922139     
   17062042.4264769        16155820.3784744        16205276.6279243     
   17258983.7875338        16738983.7340221        17078257.0445084     
   17227514.3264002        16383996.6079814        17316633.2632250     
   15928467.4472753        14806938.5676063        15715264.3083826     
   17183329.0450279        16611695.4562436        15474946.7871275     
   16202216.0512285        16824105.2048474        16244721.6520867     
   16425192.6589818        16701515.7642730        16600362.2852603     
   16384317.4091153        16401892.8436940        15721608.3039637     
   16113473.2512143        17071009.3558889        17549152.3081560     
   17302001.7932890        17260955.7445970        17444387.7927649     
   16860595.8118391        17675422.5196748        17048990.0142383     
   17442143.4971748        16898298.5034823        16536088.0726659     
   17224669.6063452        16465215.5216791        16312108.2572255     
   17354739.1675426        16943449.0872022        16620809.4857765     
   16232623.2525686        16498999.8135496        17205996.9262316     
   16793948.5456625        15691920.9949407        17164815.6303718     
   16939976.2206192        15733253.6538998        16880295.7096784     
   17494960.7053261        16735712.6126090        16193457.3664782     
   17219183.4347776        15912793.4166807        16103421.9423852     
   17751483.8815675        17506680.1373586        16659117.8198882     
   17238531.5874237        17086483.0863956        16562037.3879087     
   16654359.3066204        16503960.9372777        16515335.3519573     
   15859619.2762258        17611199.8223798        16545457.7613679     
   16843494.5068903        17231784.8738472        17992022.7105303     
   18075492.7970951     
   22079.5682786246     
   21821.3323537200        22795.3325345712        22797.5236821541     
   21447.6671399237        23496.5538229513        23653.0411338081     
   22647.1644469188        21784.3495417275        21466.1665981944     
   20896.3197704428        22147.4201151316        22217.1432738531     
   23253.9975575120        21781.7118287225        22731.7901276219     
   22262.9902767597        21995.5897862408        21975.0924224886     
   19020.0597758748        20441.2236958433        20139.0060889736     
   21219.2590324701        20767.0396471413        23422.6301080548     
   24423.3477896857        23063.7837815619        23821.9995628315     
   20500.6759243542        24128.1392058442        23181.6173200529     
   20005.9918866015        21856.4045908525        22616.3199027308     
   22499.1231427734        21351.7324119065        20971.0289983121     
   22034.5855713425        22847.5747729721        22455.2618238508     
   22855.5800551108        23550.0772665419        20371.9308138156     
   21922.8647428371        22949.8524789914        21207.8726883504     
   21761.0089753834        22395.0682042847        21293.3381105148     
   23026.1355742808        23971.4786660352        21972.1151964264     
   23804.7501265963        22739.5544411802        22160.0028344108     
   21098.4721775812        21973.5113776097        21225.5103725400     
   20936.7245917190        22781.8982174082        23571.1255677496     
   22051.2901913519        22622.6185840571        19959.0993144061     
   22335.7749684697        24195.3760100535        25304.8832906399     
   24829.9054635274        22563.6167544416        22790.8222195911     
   22139.0964812229        22103.5088236880        24096.0098054694     
   25059.3713548176        24339.1330468643        23549.6388592775     
   22266.1593544361        22613.2302518883        21676.1756865900     
   20591.3893062361        22798.5839971971        21035.6710371007     
   21429.5745722355        21205.7307935726        23935.4569920941     
   22140.9997241602        23840.5103589750        23487.8895897377     
   23536.1620551010        22634.3349868782        21589.6659099328     
   22414.9807526956        20576.2836397402        21720.2371366112     
   21380.4884695258        22327.8842485718        20085.4310151472     
   20094.4550943149        21685.1298759987        22568.9557878554     
   24090.4135661854        21559.3201171563        22306.2062290246     
   22790.6554398679        22429.6370985684        23477.0156870451     
   23705.5095674918        24529.1114790914        23089.8307838400     
   22244.7065333443        22651.2356218175        23467.2539248500     
   25183.0238247908        23474.9927527900        25042.3001365765     
   21179.1471328106        21486.0143113679        23661.5607040449     
   23258.2902489253        22344.2721551276        22688.8577829940     
   21857.8526587696        21388.0500773557        22734.1589693001     
   21914.7238761627        21914.1976053583        23014.0309390184     
   23665.6347681377        25171.3831980690        22488.8638479597     
   21951.3603637406        21864.3583603970        21847.7926545797     
   21516.8395024690        21417.0304148506        23028.7046848958     
   21465.2643306523        23568.1051690639        22925.9175986252     
   22701.0089160326        20583.1121103774        20192.1782497663     
   20914.8546458457        22833.8419774337        21453.6394870790     
   24100.9532385428        21476.5830623828        21071.8643026313     
   22102.6326867698        21447.8753357203        22546.1258975223     
   22478.3060376535        24776.1020174497        24194.0639683419     
   24032.4937064241        22247.2187212882        20540.4209564683     
   21726.8519511413        22118.5077974736        21657.8899904346     
   19380.3312354063        22926.4473386475        23015.8061513899     
   21927.6217908821        19184.6248495850        21091.2068688685     
   19323.3046680158        22566.1818020203        20669.1946875319     
   21952.2937579498        22075.5578805091        23657.7423070932     
   23088.8236028733        23053.1872343011        24518.5277795672     
   22127.2600622825        20842.6330729104        24008.2340354047     
   24155.0632007630        24599.4214951886        24166.6779183901     
   23097.7630769921        22328.1891143898        22945.9295685310     
   23852.2782931006        23610.5472569637        23219.5092891976     
   23120.6811188574        23039.5855929888        23389.0800044686     
   21210.9439701483        21651.3687500259        21848.8984186983     
   22588.6119339918        20924.1273650286        24192.8201594892     
   23145.4165179827        23458.2252727510        23236.0079065976     
   21207.2315151246        24114.4246294135        23204.3041201838     
   24095.0043947724        21931.1525851919        22643.1002070195     
   21864.5815351218        23397.7532187496        22522.6886092180     
   22551.7756837809        23633.7687445844        21881.7716416079     
   21683.5082218416        22297.4601926984        21842.1140156784     
   24202.9674834974        22868.4263639202        21836.6751617532     
   19492.0514019045        22071.0915049633        21604.3710853465     
   21952.0184317019        20185.8654761643        21911.4335309816     
   22450.0024687922        22624.7680168331        22315.1114005457     
   22310.4464368768        22380.3404212242        24542.2793056756     
   25275.7879229897        24401.0337969610        22691.1460355558     
   22604.9913120317        21401.4925843700        22128.7825692541     
   22021.2402787402        21451.7873204568        22035.1799979349     
   22725.2854877183        23546.6123139712        22671.1959759661     
   21841.7004488459        21065.8490883076        22085.8712554706     
   23623.5269951926        22384.0084331140        22980.1712589069     
   24166.6621780129        24110.6174061365        25884.3877372211     
   25218.6155626812        22040.7945905930        21699.8625899675     
   21109.1030200851        20478.3897464315        22355.5265717507     
   22393.7809078289        21466.9906086338        22166.8314711702     
   23401.3602081850        21578.9408323047        19789.9929964195     
   22224.9228440758        20718.9958355464        20188.9569914860     
   21808.7801629371        21863.0597717072        22588.0066006440     
   20390.5273043359        20480.1190061572        24428.1304762243     
   21596.1563583695        22649.0146626870        22678.6560626656     
   21884.7702731537        21647.7087978613        21894.4973368978     
   21043.4168853581        21794.1605488889        20685.1908618665     
   21738.0828591645        22775.5837629942        22332.3448145533     
   21357.6249635867        23037.1452872562        22613.3857042234     
   21175.2683764114        22389.9446251233        24905.6980937928     
   22934.1329340771        21220.6537835408        21257.9973506425     
   23011.6236540611        21951.8717575844        23246.4784971669     
   23421.6239409571        23780.4510971471        24083.8327643435     
   23238.2195580056        22003.5827534429        23637.2193116050     
   24133.8616878325        23904.4151856971        21663.4103501470     
   21663.0550898690        22830.9842134177        23600.7395489081     
   25061.5008561698        24122.9852561623        22903.2465956403     
   20090.8042627390        22837.0599981204        21370.8261466719     
   22945.7973518832        20024.2319160908        22104.8166105198     
   21875.3026524121        21566.4662712426        24702.5885498241     
   22353.6495402301        21049.7920927662        21972.3831006967     
   20348.9462315217        20702.2321254413        20718.9329493535     
   20783.6686539359        22278.2732992448        23873.3802349274     
   23164.8765561474        24394.4806838125        26307.8001814544     
   24665.3317105466        22664.8979100020        21395.1519176201     
   21647.7658084547        21525.2256722071        22598.3694145657     
   23862.8042834963        22033.7012042906        21062.3731174120     
   20926.2292549184        22877.7173699838        24400.7817367895     
   23137.2977788938        24552.9878598539        22574.5436686946     
   20452.4781451811        22926.0006112371        25495.9405219715     
   22406.4564240157        22009.1788767587        19810.0564355274     
   21881.7653035752        22533.1224784173        22342.3169195268     
   21779.9597121695        21697.6827900798        22211.7278815936     
   20331.9987279895        22236.0092991957        20207.2789733984     
   19492.0833247018        20503.9827848685        20783.0790063843     
   21659.5930610303        20977.2777351597        21572.0830716071     
   22857.7446090109        22763.5676157953        21300.2359675409     
   21027.6138205928        21295.7109068337        21264.8077821685     
   22220.9973529027        21810.9097630491        20682.4724774550     
   22277.5327255203        22005.2758158306        22418.8361382609     
   20702.4125708659        21545.7887624028        22315.1445398968     
   21046.2488410040        24569.7940522225        22020.6183882412     
   21498.7384778607        23888.1466325818        21821.9988004153     
   21483.8645260259        22525.8229347445        18616.9287613544     
   20992.6879103705        21856.1183602721        21239.4282913224     
   22683.2711970287        23078.4528472909        21762.8084003764     
   21997.1340577920        22122.0863209198        20401.4250685353     
   19070.7096744504        19541.7001049313        22477.3369352708     
   20306.4564456689        20159.9440230368        21558.4869695839     
   20653.1458057562        22357.3401264346        25029.7375722051     
   24694.0180089035        22412.5471340215        23984.6207016379     
   22921.0696983557        19886.1177462952        20222.4210771038     
   22998.1793631167        22418.0950961102        23293.1799955000     
   22610.8823158320        23608.6097403154        26816.3976996136     
   25027.6138701425        21179.3768727012        22080.5934508226     
   21749.1577461518        22062.8752651140        20601.3800142294     
   21419.1666204329        22479.8562501908        22966.1423363137     
   23682.1788213442        23821.1615155696        20422.7688415262     
   22949.4383423338        22818.7993374441        21364.6109648889     
   22595.1097458893        24075.6026151097        24963.2396022770     
   22465.9803142371        21906.5386560918        22243.5529022870     
   20782.6202715032        23136.9757343821        21707.0467081809     
   20320.8051880183        22690.7712683077        22265.5306768872     
   21733.4008045820        20209.2456478712        21797.2536753527     
   21394.3492226681        21259.0381249683        23180.3824831062     
   21271.9338998057        21534.5744099202        23961.0993856028     
   22161.2134890055        24225.0866597330        24101.5574633382     
   24271.9438327133        23149.9323914174        22656.7240434680     
   21730.7159765558        23315.6810004808        22668.1749115563     
   23794.6150166081        22623.8319792403        21932.0081325137     
   21364.1515126407        23427.1082352641        22193.2653941296     
   23191.2231681946        23244.8228748680        24068.3240727885     
   23268.5756665055        22657.1194368860        24272.3091979779     
   23387.4921958381        22721.4445856281        25093.8020456811     
   21955.2501349566        23006.6776703451        23394.5966308454     
   23743.2558340540        23320.1954986239        23175.0009235141     
   21965.6892022185        22775.6952576822        22850.6043421782     
   20369.4868644140        19399.3915341108        21952.4427972031     
   25558.8936509900        25248.6465832201        23770.0248667945     
   23674.0423994858        20172.8742379560        20879.0980534129     
   25210.4683788554        22675.1433424639        21543.4217931843     
   22471.3243813830        22230.9439498569        22426.2459536572     
   23864.2673979844        22960.6713286241        22535.9096208458     
   20249.8042125358        21259.9014819606        20208.6022413320     
   20409.2012691561        22598.2054442368        24996.8204343853     
   21982.4624566173        22482.3191713429        21547.8839871945     
   19784.9648460384        22679.0723561505        21695.0132179472     
   22589.1710441993        23234.3996446068        23752.0187565569     
   20182.2059096999        22879.6687126157        21215.5073427071     
   21897.3676319115        21890.8191363073        22963.0137910563     
   21764.4466957484        22597.0891406671        22335.6842448083     
   21221.3001689754        18974.1944538426        21247.3781403305     
   22918.5424928470        23460.7279409334        21936.9262260967     
   21680.6211465659        21265.4704872602        23003.3155723487     
   22677.8105058817        21953.3948009558        21270.2329374463     
   23851.0692476156        22477.2981612675        21328.4501129920     
   23556.0212472137        24183.1604053458        24493.7765587001     
   23242.2931824090        21209.1815248131        21766.9803693938     
   22002.5525094204        19212.6453044835        20464.5661558689     
   21824.9412242440        20973.9477767979        19632.1835739191     
   20813.7178189731        21040.2213565205        21244.4434359827     
   21177.6891724445        22570.6284861970        22522.4386215341     
   21608.3705448041        22189.9448524630        20957.3327427949     
   21774.4817689692        24451.2598810843        24284.8517329417     
   24704.5311733981        24973.0092222486        24812.0235017368     
   23278.1088289480        24313.6699729313        23526.5190515777     
   23130.9963340571        22531.7961714429        21107.2324849755     
   21982.5217011745        21412.7911203530        21702.7264993794     
   24252.2663569450        22975.8813824630        23061.9416806286     
   21250.5278319469        21725.3088268334        23236.1288191655     
   21488.4250764217        21195.8782092336        22716.8916478521     
   22141.5046252992        21156.5359140332        21945.8871056095     
   22243.7248875327        21683.2739803946        22381.5232477869     
   23902.6622890927        20126.9873405127        20930.4204615535     
   23748.1536413848        24409.7141435136        22353.4646321739     
   21301.1335761919        21651.2107663120        22401.0385151533     
   22256.8459116000        22528.8588856132        22480.6845439809     
   22295.1688800018        23359.9108252084        21226.3178152027     
   22196.4066326669        22778.8991511492        23720.9900362614     
   24291.2366832556     
   1430827.00000000     
   13925.8955144362        11985.9232903235        15375.7700486994     
   18414.6864426077        12256.6696862557        20092.0289556221     
   9082.30611418096        8712.07748603271        7962.21417569689     
   10680.9125568661        12449.2401476610        14277.9355819084     
   20799.9877667827        15716.0155585222        27020.4226749957     
   15341.6757449568        17051.9288785088        13962.9384575911     
   6217.85616980222        9331.11209642143        9380.00244022588     
   13812.8220625633        12175.5345437164        15393.9797465755     
   15353.8930466079        7262.00214836870        13367.5775113014     
   12437.0968262102        10144.7146336238        28194.7949433068     
   13235.6708141498        7888.88922859025        6922.96145895087     
   17763.8509146860        10850.9824687773        12267.9675197030     
   13781.2325170312        18906.4645398642        19221.6096245821     
   14253.1839206049        13470.9489883337        11215.5357587018     
   8171.51473097215        10110.3032718799        14261.3851542392     
   11885.4793155034        17071.1637305893        13156.3429022180     
   16165.5615300022        15722.3144441486        10436.9364248458     
   9175.08785396896        11809.0471999838        8579.26188927730     
   11273.7687449454        19820.4793460865        20461.2218609660     
   8237.00834544604        10276.6847423757        12663.9306889588     
   15963.5533087574        18899.9331450369        6755.68165745133     
   19613.1445504195        14502.1590004460        15623.2126815341     
   10021.4002083081        10083.3427731672        7771.41923909901     
   12518.6652813513        8726.01746949101        25023.7710488460     
   6150.78783392175        9672.07627104730        15742.4264900327     
   11436.6625774266        14083.9594966972        10683.1848058756     
   16036.1278852609        19519.2108332267        18422.0421882384     
   11354.6079666834        13586.6962960177        15510.0335436608     
   14276.7413301034        14437.6376971762        11345.7514798464     
   23119.2247720814        16037.8505670681        12776.0318296276     
   8836.38535975255        18080.6024266106        13424.8804607410     
   10512.6710127625        10662.7239961900        3787.86023604031     
   8515.30072180982        12862.1553513878        7057.48916891345     
   4241.05237453550        15012.2841873793        13911.3636893754     
   8735.75115013171        12372.7446205411        10507.1330663394     
   11586.4724830530        4996.61216029515        9611.95150539586     
   15955.0878601220        16607.2656002493        22884.0839896981     
   11482.3823412177        17580.4962725192        10557.7460919510     
   14310.0218516425        15107.5918225779        9921.26272288936     
   11430.8921218024        8887.09350276460        10564.9538771812     
   8093.18026744457        4410.83693424551        11424.2233351745     
   6952.40557867401        12096.1432201844        16268.8378896340     
   9898.85729079566        13885.7876772685        7075.25498558775     
   25683.7061414057        11639.8333446762        12763.5714501755     
   14787.5112016393        11517.2058783634        13555.2547108862     
   13879.1505964407        10713.4532764022        13587.4360980208     
   21623.4402392263        13274.4470077119        13735.9777716420     
   10435.8689962414        15547.7106028184        11631.4418762411     
   19593.5820717377        15100.0141363462        17124.3132202115     
   11943.0042055440        10044.1544042033        11996.5024589677     
   20891.1419421639        25784.4143312269        16241.9408025216     
   19407.6381225601        16923.4041333714        14190.9031605444     
   15181.4557682868        24296.6407972052        15816.8822773440     
   7832.35778695385        10509.1199631477        4322.00785087404     
   20146.2035994487        8433.04530766584        14774.1841969836     
   10692.6965459154        12335.7545203864        10132.3388029720     
   13790.4906106699        10122.1718097295        14252.4124128016     
   6300.02703514585        18920.2988373221        23526.8028327859     
   14675.4946097709        9607.55496777748        23801.1742585332     
   16140.5562222976        14153.6171395885        16274.2067384565     
   15404.6963070203        12515.1248003365        13691.6530630566     
   10456.7525499287        15884.3627886262        14041.6111163201     
   17713.3224378747        5841.37093042781        10938.4482027431     
   8564.48698641551        10323.6727381722        11208.4865024724     
   8854.82756682967        5575.17960111464        14902.3179039194     
   17583.8676559333        15749.2960800614        11256.4679466730     
   8580.58296428282        12202.8226690305        11638.7659160717     
   9856.21298961733        6775.15958733279        10287.0525390190     
   16787.2065846018        11048.4039176029        15799.0002060692     
   14922.8949682055        5159.55883577657        16148.0916341291     
   19730.7413631113        9353.70776331592        7018.40648595001     
   18403.7162357618        14791.6223870565        16091.1268798909     
   7621.25000107102        16667.6651495019        14309.1657950390     
   12069.6371712736        13754.6313507200        5454.17969920863     
   14280.2183995179        13384.2758993712        16003.1432845229     
   19687.4101029300        10637.3487874839        11415.8635725396     
   28439.7222493310        19039.5020772206        18442.4395863238     
   15515.2650006827        9940.94145617165        17818.5751257148     
   13055.7086925972        19952.3649060380        19025.9954063641     
   9918.37749507729        14191.0511209450        8122.22278036602     
   21466.1371961684        9963.31518246522        15425.6538409080     
   20531.2071304587        17727.6217537345        13474.1301369470     
   16959.8023919236        22938.1106731240        19658.2619040082     
   26095.3742503273        8451.24443694194        12198.9439928143     
   9818.83185126101        4935.40939743920        11784.2955386803     
   15316.7761232527        8004.18208647239        8708.31506441698     
   22764.9335927998        12253.6364980430        10396.7546074778     
   12942.8360441252        8383.34118165798        9920.00505948410     
   18795.2088871990        16001.2726423151        10226.9066361675     
   8460.83015718203        16820.6033607415        19025.8897203637     
   13611.4585259213        13620.9068543608        17526.5435692936     
   15864.3247229424        16906.2724326997        10510.5572927537     
   9080.42490337309        19830.1707523271        6345.01756553399     
   9758.79163440993        10642.6436561061        10571.8340358100     
   18982.7592635833        19365.4799769838        13035.6600583133     
   4856.90583631091        13469.3214239269        18624.3568988845     
   10730.5744084738        11928.3666944828        15245.4486415544     
   17542.9671737623        12465.6214777295        12718.4858023870     
   23672.9454341970        21330.5949006016        9126.96901796773     
   14225.3250908884        15383.3371663310        20151.2236844697     
   18629.0916317043        9259.49926252195        16659.3582298671     
   19053.9176476809        27735.7055259869        18620.3091250676     
   20094.5865568328        11526.2948744014        15225.4211444706     
   8163.05985093680        19890.1686947780        13152.0626192001     
   14463.2242778832        8220.44734917678        10479.6230004243     
   13578.2625531824        11092.2953135865        14213.1394950374     
   12019.6054186643        14424.6066133217        14328.8022539211     
   6384.25877749809        9798.61411937646        14024.2469064475     
   10131.2713743676        13836.4640208622        24729.4355376151     
   6831.62761736893        6913.51313051136        23038.2692957429     
   24903.0776363413        25004.5467653656        19478.0884104547     
   16326.6058574756        7830.74079114708        14372.5456895040     
   9101.01253625918        10255.2516214861        7200.32379851077     
   16319.6411500465        16680.4954299555        15495.8927568017     
   21068.0180325036        25095.1619421445        18948.2950588392     
   8634.93727431012        11514.1092785504        23591.1444698549     
   13052.6860729845        6858.39788128088        6428.75258368416     
   9881.05976832124        13647.7933728732        14224.7121120858     
   15299.8875003820        5671.70262531828        9902.60914381135     
   7670.00295307490        13888.3664156792        15285.1443033204     
   8405.50353595066        7743.95144758414        8647.59845716307     
   18035.1046034203        15198.7988409593        12102.1567536096     
   8484.05994007917        13121.1071896707        11074.1173215104     
   12532.2670696082        10496.7969754962        9893.63640237383     
   7412.21366079686        9287.86538504058        10346.9025210693     
   16970.1913257670        13722.4605321854        15049.8661291365     
   8441.16199249978        11399.4611052710        18244.8490398975     
   12788.0166220777        20305.6414997154        14187.2041505289     
   7501.07444996846        25118.6982144429        16083.5597622592     
   10333.9348488151        15474.3645185117        7414.35908660583     
   19734.0281977250        20032.9293441750        13229.5093203240     
   15309.2935544214        16444.8579233701        9113.82167951275     
   11431.5579436052        10716.3913472145        10252.2501390735     
   7058.52489171778        13736.8126910455        11525.4916607980     
   5333.76107030506        7970.90156493322        15071.5106220270     
   7736.15182075153        16929.5550585971        25043.6400169291     
   16139.0449124913        16217.6224538199        26837.0363270288     
   12536.1140400243        6073.75330819960        9655.00798197592     
   6306.93889957475        8499.16246954233        32875.3636878803     
   9034.91651158278        9635.73085549531        14437.7328145766     
   22657.7679883517        10405.9915639164        24864.5128147800     
   9593.32963211799        12130.3854843276        9269.16953156239     
   5988.24276524201        5648.26147042025        7756.79229663784     
   13161.9019858413        20344.0372236760        11148.7422064225     
   12684.0321662429        8444.76588511485        14095.8280345468     
   14790.8931536535        13270.5471942956        12665.2094895642     
   18710.5015578447        14697.2130828617        12091.9263487668     
   6478.73149329317        13216.2880016687        19836.6070297540     
   10627.3086174419        13105.5924848058        11014.9860042632     
   13094.8125127607        8847.19703759776        15460.0757712519     
   14835.7991352413        11743.6381343103        14662.3155655158     
   12986.1038927061        11088.8816557722        20232.2214352084     
   13912.6319213807        19020.5314401413        16621.9136799106     
   16513.8497444587        17777.1462135416        7587.71583313079     
   14856.2705135269        16039.8374638764        12784.5818270634     
   15263.3518500292        18246.7830937055        14788.3355524428     
   19214.7506031534        12686.8751196548        12832.2567818627     
   16982.7679598196        12590.5951732521        18358.5143333728     
   27966.8725147536        14336.9506445552        14199.6750985811     
   16008.6600937460        23179.7088701344        23874.4357940396     
   16076.5422118299        8324.72772581287        23889.7391269036     
   16567.6122128835        12843.9245163115        17228.0440296453     
   11662.5875405713        16947.5216786722        18317.6032826017     
   16289.5206399205        7465.71191422058        16525.2532639063     
   17082.5249756368        19459.3925569765        14731.8992282068     
   15196.5265919498        10689.9275727038        11162.2594458790     
   18791.9643269854        27965.7522431489        12641.6520800657     
   9977.46653792439        14395.3527283994        22484.7494370281     
   21390.4343140519        14266.2995532597        14762.7912461360     
   6238.81370368986        14336.1051565516        11860.2203613978     
   11873.9595414553        15989.0976150642        8916.55875968782     
   9150.21993806496        11013.2738910560        14671.7850311554     
   8571.93784944667        17756.2520912542        16412.0001458327     
   13223.5697670992        18671.5985410821        20087.3787716027     
   13648.1104308745        10811.1811210109        12283.6724593686     
   10119.1808959170        16987.0376742375        18376.3224244473     
   14446.6738502140        12393.9135264296        10083.8289287692     
   16778.9208021671        4218.35102164056        18420.6154272325     
   10284.3047030076        27479.1210541139        12187.4030815660     
   16472.6322042863        14903.0788431226        27253.5025803704     
   17433.5821633048        14482.4908357638        6234.93502747364     
   10350.4112962840        6407.08695359356        13962.2832043884     
   13564.8721369264        7328.58432864713        10591.0688878904     
   14958.6168363549        13925.6418680351        29545.3246371545     
   16775.3169095521        4653.24891345925        9812.55410283475     
   10599.8196887270        16457.7516154241        5372.26248026606     
   13897.7830383186        14363.4566934660        12058.0539856251     
   9220.58567715922        12499.9482906731        22542.4539932694     
   21667.0991260088        10970.6930014779        6722.43284171229     
   6088.98266086329        22965.0711718368        14766.8918629531     
   12230.2798919454        6516.33457225042        18376.5760708483     
   12077.2888377056        21466.8452923714        6547.15260997929     
   16714.5474592979        12720.8954431970        14321.2351362894     
   23404.1119548728        14668.2128443405        7213.62966596641     
   14381.6980971423        12508.2235045077        11719.0767078076     
   10308.7498749098        10420.5445261773        16676.8386943403     
   12207.2192066489        9024.08369653748        19978.5433283475     
   16228.2121910642        5754.90921346624        15244.2649583494     
   6424.55684946661        11916.9737436351        9833.94494932421     
   27063.5954061762        6757.18239865761        16341.8457787394     
   18890.6327769980        14162.8223902270        16602.6682592301     
   21174.4332663486        15792.4688112419        13083.8845803150     
   10554.8291583388        12003.5728523973        11187.8777323862     
   8836.26910515206        13872.1224774113        17494.6898087604     
   18614.8874332449        15031.1068640580        20278.7232754028     
   17438.1372299239     
 ------
  0.000000000000000E+000  0.000000000000000E+000  0.000000000000000E+000
  0.000000000000000E+000  0.000000000000000E+000
  0.000000000000000E+000  0.000000000000000E+000  0.000000000000000E+000
  0.000000000000000E+000  0.000000000000000E+000
