           3           8           8           8
   5.00000000000000        7.91500000000000       -5.20000000000000     
   1035000000.00000        52595345.0000000     
       81056         648       71057
   12157246.6000005     
   11188754.5999999        12649349.1999999        13989731.2000000     
   13156862.7999999        13091922.6000000        12178263.0000001     
   12417543.8000000        13640346.8000001        12290389.2000000     
   11732872.1999999        13152300.2000000        12926470.1999999     
   12262900.8000000        11065107.0000000        13925430.7999999     
   14060676.1999999        11187049.2000000        12672898.3999999     
   10520052.0000000        12250938.2000001        13208408.9999999     
   14136291.5999999        12548379.6000000        14681763.9999999     
   13372430.2000000        13806882.8000000        12177057.0000000     
   12045438.6000000        11877237.9999999        14024666.4000000     
   12815667.4000001        13206386.2000000        11228035.5999999     
   11301999.4000003        13797447.3999998        13435565.3999998     
   12863299.9999996        12953215.0000001        11965058.7999996     
   11660802.6000000        13016472.6000000        13077482.3999999     
   11946506.5999997        13350049.9999996        12376278.6000000     
   10582177.6000000        10889288.7999999        11603650.3999998     
   14520813.8000002        12767965.8000000        11915080.2000001     
   13176812.2000000        13219329.3999998        12278068.8000000     
   10173902.0000001        13691931.4000003        14277365.2000001     
   12277161.0000000        12722291.0000001        12273040.5999999     
   13147510.9999997        10436244.6000001        13726153.2000000     
   13021920.7999996        11087855.0000001        11338616.9999998     
   13265006.4000009        12079903.3999999        11753557.0000000     
   12412387.2000007        12591408.0000004        10984322.7999998     
   12149646.9999995        12345184.9999999        13065957.6000004     
   13291993.0000002        12433147.4000006        11742271.8000004     
   10808823.0000001        12702824.4000004        12937890.7999991     
   11486119.2000002        12938119.4000002        11841803.0000004     
   14373127.9999995        12838352.8000002        13019348.6000000     
   13869969.0000002        10757778.7999998        12072869.3999999     
   13223816.6000003        11740821.2000004        15301325.2000011     
   11163199.7999999        12328419.2000009        12480615.9999998     
   12540817.7999994        13474425.9999999        13271929.8000001     
   15277445.9999998        12736074.3999995        13266126.8000000     
   15214062.7999992        13620594.4000005        11541170.0000000     
   12684915.8000003        12544235.0000005        14134058.7999997     
   12678992.5999992        15184641.7999998        11632251.1999994     
   14109795.5999999        13101434.0000000        10515684.5999996     
   10389480.1999998        13545632.2000005        15231110.7999999     
   13843486.6000000        13735479.6000005        13071438.0000001     
   13575400.6000009        13338626.0000008        11639200.6000008     
   13614587.6000007        13925777.4000000        13678538.6000002     
   12431198.7999980        11629107.9999995        12359347.7999995     
   9435838.00000026        11149020.1999996        11260211.6000003     
   12661591.8000003        13037761.9999990        12317523.8000003     
   13916161.4000001        13644413.0000000        13458565.1999997     
   13395637.0000000        14854735.9999996        14549505.0000001     
   16225899.7999994        15326552.4000013        13020524.4000011     
   13603626.4000014        13448629.2000004        10794592.8000006     
   11447264.0000006        12883092.9999998        11806891.9999994     
   14253202.8000015        12639650.2000001        13061080.6000000     
   13043278.9999982        12565402.2000015        13833867.4000003     
   12693267.2000000        11213767.6000000        12370470.7999981     
   12789336.0000015        12521096.1999984        14035792.8000006     
   13660869.4000012        11238315.7999989        10912393.2000002     
   10860838.8000009        12323805.8000014        11816777.5999999     
   12682527.0000008        12406346.2000001        12187112.0000003     
   11900970.8000010        12443651.0000003        11509260.2000003     
   11544801.8000006        14152871.3999983        13177771.2000012     
   13361543.1999990        12180308.4000006        13145660.8000001     
   12607838.7999999        9786701.20000047        11230859.8000005     
   11967539.7999986        14252802.8000006        11817285.8000009     
   10008921.2000017        12591130.1999994        14969133.1999992     
   12933622.6000004        12247866.0000008        11895731.2000005     
   13053993.8000004        13435526.9999996        13999274.9999998     
   11120122.6000010        11824799.2000011        14820093.9999999     
   12092432.3999996        14215479.9999976        12413346.2000008     
   11246688.9999995        12607742.8000000        12107249.1999998     
   15169371.3999994        13023252.7999997        11576719.8000006     
   12716926.7999992        12770197.2000006        12939222.6000003     
   12168395.3999991        10728074.8000007        12042567.4000008     
   11652570.9999995        11031348.9999993        11371117.1999985     
   14323815.1999993        13144063.5999999        13357220.6000005     
   14336679.7999986        12380202.4000002        9522293.59999954     
   12513509.4000016        11409679.8000001        12634120.9999992     
   13845443.4000007        13702012.5999996        13166104.6000022     
   11898962.5999996        12874739.3999989        13945502.5999992     
   11495289.7999996        11657518.5999998        11003883.0000014     
   12533996.2000012        15437936.7999988        14216664.9999987     
   12963323.1999982        11806481.2000002        12148849.4000005     
   11962101.6000001        13665038.7999999        14777827.1999991     
   12870610.7999996        10388647.4000011        12665750.0000001     
   13583739.5999990        13416695.0000004        13526416.7999993     
   12442538.2000003        13092748.6000006        12270142.3999984     
   12280808.5999984        12088641.4000023        12399258.0000021     
   13906781.3999995        13452281.7999995        12666011.2000006     
   10706062.7999978        11125107.1999990        11899846.3999988     
   12789839.4000007        15221922.1999999        13820389.1999976     
   10670206.2000015        11158379.1999997        11852097.8000016     
   13823123.4000017        13199098.2000023        12857299.1999986     
   11456715.3999997        12086903.6000007        13070237.6000008     
   12830381.0000017        14234837.8000015        12683980.4000028     
   12603968.1999976        11614869.6000008        12337022.4000012     
   11096443.9999999        11967957.4000008        12318434.8000001     
   13861307.7999997        12284999.8000019        14805664.6000003     
   11758933.2000011        13737407.6000019        12004762.3999994     
   13084171.8000004        16665111.8000023        15045607.6000007     
   12864586.4000029        13053936.3999991        12416535.0000017     
   12523971.9999987        12219798.1999988        13081129.6000000     
   10427282.3999986        12294114.8000006        12408183.4000012     
   13514863.0000001        13491840.0000009        13157784.7999994     
   12707763.0000017        13886682.5999993        13436389.3999995     
   13373686.8000017        12840990.5999986        12664216.2000032     
   13032581.8000003        12232794.5999989        12926528.3999982     
   11949541.5999974        12717638.2000022        12830446.9999975     
   12495006.1999993        11942030.1999999        13697383.9999998     
   12130009.3999985        12498474.5999977        11129644.4000000     
   13231570.5999956        11235034.8000020        11698115.9999967     
   12081337.9999981        12880087.7999992        11472776.5999994     
   12254556.7999992        12468887.2000009        12247999.2000005     
   13015131.9999993        12059301.4000002        13637427.9999995     
   13520475.2000013        13383801.7999991        10565611.1999980     
   13949164.8000010        13435656.3999993        11648963.5999967     
   12815944.3999961        12856184.4000011        13799942.2000023     
   11832391.7999995        11499965.0000006        12762428.2000035     
   12223849.0000032        11634040.3999975        12336121.8000021     
   13089814.4000028        13174746.3999974        12848275.9999988     
   13194486.2000046        11919752.8000003        12660276.6000024     
   13692479.2000002        11879042.6000015        12464008.7999991     
   11984152.0000018        10786712.9999974        13254548.5999996     
   12650507.0000000        11745114.8000016        12513786.5999974     
   11027017.6000020        12208057.9999942        12456287.7999998     
   13127767.2000016        15260293.1999992        12018691.5999972     
   12526970.5999989        13542919.1999980        12409555.8000036     
   10307602.9999988        10953647.6000010        11132388.2000033     
   12806502.6000009        13342557.1999991        12528227.2000012     
   12476645.9999999        12314474.6000010        12061359.0000009     
   13163844.6000049        12445590.0000016        12993191.0000002     
   13337628.8000010        13221331.2000005        13046696.7999962     
   12444586.7999972        12436606.9999989        11521262.8000007     
   14141831.3999992        12646554.7999998        13168521.4000009     
   11581303.9999984        10780496.0000014        13031203.0000043     
   14208596.2000014        11765719.4000027        14385531.2000022     
   13173756.8000025        11900443.6000019        13656045.9999987     
   13349964.0000005        12268953.7999981        12349170.2000005     
   11247496.7999977        13377095.9999976        11144465.9999969     
   11311071.2000004        13132447.0000020        11678911.0000009     
   13204883.9999992        11826407.1999990        12439137.4000059     
   12088998.1999981        13947091.4000041        12734702.5999980     
   12334711.4000008        13920218.6000045        15201702.2000022     
   11716156.3999963        14289347.7999966        11779810.4000024     
   12871701.7999979        12823217.2000017        12807240.8000023     
   11253190.2000008        11583805.8000004        11762031.1999997     
   13280139.5999996        13880591.6000010        14334507.0000023     
   13290139.0000007        14696253.5999982        12676234.0000001     
   11234564.3999977        12828816.4000016        11225235.7999966     
   11224892.2000028        12211890.3999999        12162021.9999983     
   12938026.3999997        12473342.6000002        12564317.9999990     
   12553515.4000008        12427554.0000013        12030475.2000003     
   13605461.1999995        13251762.6000015        11696346.6000028     
   11501843.3999996        13279454.1999962        12260096.8000006     
   12314266.2000008        11959764.1999991        14958805.4000023     
   11952614.6000015        11929488.3999990        11860961.0000002     
   13629000.6000005        13484826.0000005        12019422.3999986     
   14346954.4000038        13919489.9999959        12263957.0000008     
   11031333.9999995        11080468.3999970        11136260.2000020     
   11765812.4000035        13151409.4000006        12736080.7999974     
   11666182.1999998        12621320.9999984        13828487.9999998     
   12529736.1999997        12315983.1999998        12384940.2000007     
   13709253.0000016        12891416.3999986        11877356.6000009     
   13404356.8000018        12559741.3999972        12091529.9999997     
   12107623.2000010        13163914.3999981        13246486.3999987     
   14428564.4000007        13301773.3999986        12962190.6000005     
   12584928.1999956        12114836.0000009        13468134.4000006     
   12930637.9999984        13753611.7999979        12325944.9999999     
   13039050.5999997        10506368.4000003        9611317.39999984     
   13418569.0000007        12901507.8000005        12317422.5999975     
   13943538.2000015        14735305.9999996        11914184.5999965     
   13491098.1999895        15276942.9999990        12467008.9999983     
   11751080.5999993        13983167.3999917        13605055.7999998     
   11464309.8000012        12709348.6000050        12672702.8000070     
   13124255.8000005        10556632.0000037        10274064.8000046     
   11289455.1999999        12101516.3999998        11585062.5999979     
   11445869.5999962        12637009.2000023        12499479.0000022     
   13240315.8000093        12743607.2000084        13920983.9999997     
   12966576.7999975        13126141.5999999        12444302.2000007     
   13631346.4000086        13859287.8000004        12531737.4000069     
   11107775.1999996        10283909.8000022        10138354.8000057     
   12314337.8000002        12918474.1999998        13675150.7999958     
   13025282.2000077        12098838.4000012        12770364.2000052     
   12791302.9999953        12711636.4000027        12739884.4000041     
   12028964.7999983        13406596.4000009        12284581.3999998     
   11423374.8000027        12870624.4000005        14248568.2000028     
   14010972.5999948        12137030.8000008        13656196.1999983     
   13927132.0000003        12525251.4000062        11812799.8000029     
   11169146.6000006        11247264.3999991        11922537.1999989     
   11282748.9999936        13347800.2000061        12758402.7999965     
   11007904.5999988        10943145.2000024        11480978.3999958     
   11612612.8000035        11832033.0000053        13157051.5999974     
   12009797.1999988        13394872.0000002        11501874.0000018     
   10930552.2000035        9619938.00000545        12682901.6000032     
   12269262.7999901        12469763.2000033        11623967.6000028     
   11742332.3999996        13042526.2000013        11557937.6000002     
   12903356.6000019        12668072.4000054        12025557.4000026     
   12665015.0000060        12326115.3999997        10834752.2000021     
   13808402.5999976        13274773.3999957        13911847.4000055     
   12535062.5999985        14451977.3999906        11776279.6000038     
   11859022.2000021        13263930.0000013        13296935.0000025     
   12870807.5999954        14143121.7999992        11753970.3999980     
   13296286.0000004        13434635.1999990        12799451.3999948     
   13483447.8000045        12821336.8000025        13101051.1999970     
   12833654.9999970        12935936.5999974        12909606.8000041     
   12559418.8000005        10489530.3999970        12609419.0000005     
   13035315.6000046        12034244.4000007        11844124.0000014     
   15371560.0000070        11716166.6000048        11742320.9999996     
   12989182.9999967        13805848.2000024        11693766.7999990     
   10957496.6000013        13071181.5999943        11898946.3999961     
   13224579.7999981        14675917.2000009        13288797.0000025     
   15041384.4000010        12452965.4000031        12758627.3999928     
   10558997.8000032        12258345.1999901        12443045.3999937     
   13236633.0000010        11974020.4000017        11813015.4000001     
   11933684.5999938        11999181.8000048        13676148.8000022     
   14703179.3999996        11694106.3999999        11618262.6000017     
   12054715.4000032        12540317.7999965        12347066.7999968     
   10882762.9999993        11832958.3999957        12208957.6000033     
   12117929.9999982        12788664.0000019        13984947.3999941     
   9022828.07353571     
   9074861.24159662        9767769.31334053        9811797.07465920     
   9751733.34405948        10124811.4663067        9282077.39242673     
   9677536.44459419        10006403.2147093        9724113.40222878     
   9411835.07311030        9727884.02170709        9714431.93501998     
   9406378.39791223        8698504.92332545        10050412.3366471     
   10082944.5479417        9107621.95245121        9394072.95770427     
   9302063.71068306        9163724.42310207        9834053.20384781     
   10140741.8547961        9527733.56585551        9768358.15089580     
   10065449.6668890        9760588.65539271        9676228.50760018     
   9430634.73533261        8964690.09091821        9792496.21775212     
   9907185.14565789        9771923.72915235        9523066.94227902     
   9559468.35650342        10015477.0056943        9818233.77839525     
   9268059.43869862        9413548.82968098        9452854.21145179     
   9065241.38501970        9619444.37803987        9856923.95526558     
   9414354.15970999        9959943.73359501        9664096.58675610     
   9222277.83231602        9200181.59688351        9229957.15330744     
   10340376.4135287        9708308.30436352        9460162.38857945     
   9374554.04258746        9447888.31620935        9039870.06850586     
   8842689.89495858        10002220.6941096        9512167.07464131     
   9722128.21779118        9590925.18102207        9637215.91176450     
   9845780.14514971        9046471.05016126        10319081.2982766     
   9540644.23487372        9040898.84166851        9198113.80813963     
   9528247.30276608        9602508.59102200        9241790.90580980     
   9710683.94217912        9693538.45000819        9273912.12320011     
   9893921.82030870        9102065.71487059        9366537.13780256     
   9805804.92503139        9193680.77641521        9700685.47375577     
   8778240.03015169        9974796.29098262        9797437.07650256     
   9339775.81707759        9796377.89948228        9818517.23433180     
   9838544.16445756        9641655.02582594        9725892.09438577     
   10279636.4474792        8891299.96233008        9152450.57651105     
   9679806.42469164        9285923.22117624        9930651.56860966     
   9181465.09754294        9479753.94736502        9618144.46933850     
   9537739.73501110        10135758.8429434        9556525.07246826     
   10462649.5115269        9487878.87402468        9717900.73431330     
   10392113.2460271        9881696.70512274        8604759.14067773     
   9247938.11274107        9782457.80161888        9987872.74087415     
   9507900.19483079        10109019.4446236        8710085.25422906     
   9891482.35007158        9583589.73589693        8801938.95046962     
   9166919.39388372        9916280.14141291        10533537.3943194     
   10054317.4119858        9852467.63988012        9781788.73947437     
   9916743.41497836        9661402.25957314        9174751.52472229     
   9614182.66550235        9527336.62097627        10137620.3061152     
   9803789.74757222        9625933.67180173        9655603.70886733     
   8932326.01541738        9297491.06447609        9110378.00785148     
   9545914.34847341        9943555.92567366        9514118.37696226     
   9838025.98220508        10075283.3032453        10120635.0682194     
   9347070.02428112        10358044.8430240        10307676.2489395     
   10414573.7069777        9976921.03825857        9671070.12867089     
   10125146.5162026        10092209.6598456        9195165.94953207     
   9774321.62997009        9131415.93070656        9168155.19968116     
   9588654.78421329        9501491.38773590        9899509.96646906     
   9472298.17167102        9852135.87249754        10064964.0633451     
   9569648.93449857        9057385.68565016        9693115.19299942     
   9518794.49733412        9822336.33821475        10107297.9155018     
   9724582.49926648        9019458.82226853        8884514.48654366     
   9142145.93309190        9400318.00326919        9016139.38164121     
   9675190.16663271        9607300.74784105        9314785.37924550     
   9490441.71641886        9373236.71226707        8879211.78105292     
   8823229.68424108        10015856.6406557        9457565.22442756     
   10086167.8754570        9218694.88686545        9080676.70841042     
   9610071.67738796        8359247.61616619        9144928.85695144     
   9284937.41002741        10313204.3137931        9396510.17587990     
   8757395.35338941        9662556.31006225        9932752.33828032     
   9707132.13540906        9332028.47054963        9149949.97785167     
   9462694.11036172        9709866.53298257        9932643.89026908     
   9032403.76265430        9198555.29518763        9751346.17857533     
   9329681.82049305        10072538.7017204        9321999.28900317     
   9167582.71618581        9631341.57907499        9793277.21130724     
   10079464.9625811        9646832.39263372        9324250.54045520     
   9640345.56666019        9722681.37672216        9637498.16267047     
   9368623.21867354        8638406.61020130        9497300.24008006     
   9065700.53526672        9260102.61134935        9212764.09174808     
   9857505.12369958        9679106.92185068        9560576.05891760     
   10066371.2142555        9550491.18942753        8567375.73371529     
   9741490.78514716        9293845.48109069        9625458.24818706     
   9567498.44909803        9606307.04369219        9060949.92363333     
   9201318.80338006        9355560.95739532        9856122.92525453     
   9065195.58373064        9297981.95350815        9308691.38677464     
   9552452.07262367        10210332.0448954        9820590.59630736     
   9459184.36429445        9467655.76461328        9535116.41210110     
   9316608.91768203        9994348.07057481        10084677.8189186     
   8925360.68684060        8833214.29594422        9304772.16875089     
   9979377.36174791        9307448.30746369        9878827.55672887     
   9854553.08610472        9609352.79034009        9534793.40964360     
   9357069.00509786        9630793.98036163        9326494.24432206     
   9526466.58165633        9598525.61385543        9734500.72569770     
   9263614.36051525        9192958.13702720        9098806.64193220     
   9284383.21559504        10408989.1984110        9983601.77759210     
   9223882.14566042        9450134.92774920        8863870.40134800     
   9907871.80900126        9776444.49488451        9658788.08688454     
   9229458.05139078        9321037.49046557        9246260.14812157     
   9560948.89539991        9814874.28047346        9607829.70233560     
   9388317.64481455        9200762.05093756        9268438.56196765     
   9110177.16254869        9416364.89100629        9510476.66828717     
   10068651.6566819        9135960.80955358        10287920.3652485     
   9806296.25002944        10021762.9709188        9899960.46301353     
   9632214.62862502        10385836.4015974        9730937.01569239     
   9280069.52378412        9431707.23920242        9821928.27130109     
   9147389.93541072        9481262.38241358        9156297.02044689     
   8518608.14358469        9551019.62529694        9261129.32430650     
   9929952.02814684        9660545.18247828        9649575.58008185     
   9534451.92093913        10273333.7150099        9821973.88286752     
   9559070.23645087        9373980.12553644        9627512.09034809     
   10306119.1329003        9572646.21768319        9801160.44320098     
   9511792.87255085        9645210.40170232        9471463.12128886     
   9123089.58426308        9083860.91671827        9901749.40956281     
   9460560.59606515        9496859.62961581        9477917.84936573     
   9794874.14381783        9419465.94220562        9493301.66609505     
   9489206.49428410        9189315.43195798        9182791.42690185     
   9518807.76090270        9583814.15422455        9361602.93060715     
   9475733.41208000        9159964.33776712        9829487.11188306     
   9562447.72156750        10078896.0868428        9006566.70436416     
   9253832.56725828        9870434.27822538        9336581.77689557     
   9461143.81485996        9309808.54121049        9841123.13187871     
   9019876.21083983        8948360.24239513        9814142.22623992     
   9345142.93845348        9367497.19020384        9764503.04350640     
   9779168.24126261        9455513.05429895        9317389.97523925     
   9484658.96585497        8968272.00451834        9626136.23646906     
   9787372.26211976        9378968.67159028        9733775.07016770     
   9106888.90670222        9242246.87531654        9799463.49290092     
   9412198.89772868        8762363.85029242        9250970.92967102     
   8795648.49863952        9150596.47471423        9680551.07910882     
   9682943.85665507        10067471.1980134        9387740.11224084     
   9517945.93603345        9894228.95948779        9795446.22686445     
   9004231.92056913        9366083.62782392        8913680.54912049     
   9933215.69488575        9394305.06615747        9375677.80796378     
   9690275.70653053        9605766.12905057        9131016.33564838     
   9650210.29010963        9681390.46951011        9650592.92852425     
   9910761.02578629        9833077.80158036        9742393.98684383     
   9923996.62821745        9446821.29818013        9156196.18788198     
   10195995.8219299        9406768.06707706        9355831.48090119     
   9231486.38258505        9265030.13580717        9508132.67561251     
   9612015.79897312        9358864.90717634        10197085.2653859     
   9667355.58960494        9273773.28421791        9889288.39605054     
   10168465.7105913        9940586.94146032        9598332.28529727     
   9215910.73908770        10150197.6759193        9236896.11947012     
   9068881.81652068        9742776.51054086        9281724.44580601     
   8931677.92740610        8990699.33962320        9850404.69273293     
   9754834.82931522        9648786.31461077        9411881.00087609     
   9562550.16114452        9601848.79439449        10247980.6273460     
   9378301.31596697        9885795.89255439        9133470.06650630     
   9597364.10333772        9333965.17933167        9933410.69777941     
   9194359.57493835        9566668.05232872        9357111.56935616     
   10490307.7333766        9902631.71721268        9438302.31254234     
   10028667.5364602        9938308.87751386        9251058.74260286     
   9269149.74099777        9872735.13456877        9120104.17074371     
   9250306.48564923        9599104.36968702        9520714.39380143     
   10214912.3417162        9237964.62278089        9749704.77644962     
   9423860.85082990        9237426.62451566        9547849.70757082     
   9585877.30656530        9936211.72244375        9410487.14125382     
   8836179.35915904        9234726.15238445        9490538.12872799     
   9522054.83796071        9830943.20586475        10320996.6666022     
   8977406.31805986        9247091.28122485        9226682.81303205     
   9600285.46870929        9470172.65203402        9633255.19807624     
   9951816.49100951        9772633.51911241        9137511.90019872     
   8835720.19630738        9197133.23393908        9552385.37088419     
   8848853.66152535        9943232.32320393        9444660.63664047     
   9670099.17786471        9610529.82779470        9395481.78526646     
   9169098.88545934        9107151.79916401        9000007.84385276     
   9778722.02515827        9668830.47141517        9697551.96645147     
   9463083.97400217        9608539.74280596        9478500.70033264     
   9406066.49969744        9567419.93175302        9705731.49943315     
   9763178.28231914        9669968.76369037        9623196.35627572     
   9558925.24821876        9363858.85244446        9721094.07162826     
   9910609.88776406        9958378.71343516        9596558.86009063     
   9692373.17105701        9064416.75823759        9301457.21714234     
   9687328.96125163        9858381.58110502        9441427.10283006     
   9855727.44690784        10230920.2738444        9170604.72609316     
   9827217.29488812        9812998.83675289        9127127.33051230     
   9429000.58336257        9691625.93005524        9796907.50588142     
   9115099.79452966        9456501.91324124        9699241.73550735     
   9959755.00506118        8757278.69309319        8996004.82533314     
   9127747.29273963        8993360.85321140        9223335.91360483     
   8942408.82275251        9148170.22109904        9129879.30412342     
   9007316.80796038        9812160.68730559        9895837.73779146     
   9746252.64636915        9661917.41632924        9264624.99654740     
   10101585.9294915        10057810.4648771        9562879.17661755     
   9347836.69647931        8973608.97279318        8936719.16947705     
   9495541.37076947        9600234.69797566        9731572.94543906     
   9940468.21430979        9638378.08738815        9691167.87633818     
   9037977.95986364        9232003.31346750        9942373.77699994     
   9552634.19223038        9201006.40674469        9143609.66582646     
   9394964.24839043        9876418.70518910        9937766.68501994     
   10055397.8115433        9459344.64629699        9623773.80305204     
   9876522.70025867        9805244.51669571        9412363.24927841     
   9878468.94859717        9172494.89884238        9326376.83292138     
   9710289.13750333        10015030.6280386        9551256.98915100     
   8788102.00562403        8699283.19566597        9200265.33715876     
   8838545.96193573        9316341.38132894        9533728.94468613     
   9159420.71321237        10090541.2611421        9630672.78456277     
   9026514.79816680        9191326.40161166        10165658.8932748     
   9833910.29887819        9436391.61508209        9005218.62968333     
   9260250.32311439        9515813.61413570        9312810.90791521     
   9401791.80083320        9162826.34413579        9367878.05100091     
   9588842.58851822        9384009.74511869        9032326.52619581     
   9849748.15696487        9999927.18226917        9463279.69740547     
   9910212.51100226        10081088.4094320        9459484.96992839     
   9125616.22191952        9877362.29331250        9826804.73868201     
   9748227.86977038        9839472.69580336        9256894.69898158     
   9673974.20773241        9994615.18709044        10110462.2927604     
   10023690.4026887        9415022.54855266        9747128.81169326     
   9485767.70235312        9661700.69443816        9217429.28392135     
   9548871.64906489        9281447.45998225        9666114.38158985     
   10217830.7320931        9285603.15067658        9160109.60104778     
   10308720.1135033        9084458.33180227        9110968.59439154     
   9206829.77727269        9779119.38018217        9078663.03393454     
   9088267.95770008        9351299.69686937        9296731.69190937     
   9744410.43706766        10182930.6796133        9675191.01878126     
   10136128.0784705        9625457.37771388        9334905.58567824     
   9290759.19207747        9375602.27243963        9348521.52081056     
   9744710.51141931        9398673.58705490        9474927.43972730     
   9362246.76334618        9344425.71775909        9586025.12704637     
   10233516.6664197        9202560.75860124        9026470.68858755     
   9447208.55233235        9570482.79114885        9609760.70974220     
   9189021.14443158        9490227.47354041        9607163.47267119     
   9478297.98981018        9192517.32515051        9734730.97540624     
   10795.2917004165     
   10566.4108485838        11655.0939192598        12233.5066750486     
   11631.5755659060        12068.3053508638        11196.9032677449     
   11608.5566647162        11900.9196979020        11032.3034296717     
   10918.9675687674        11470.8365632615        11891.9970579927     
   11060.1008565950        10189.3874534613        12264.3939414079     
   12280.6574696061        10506.3630224883        11136.5977336860     
   10526.7849118810        11124.8825719830        11576.0579979221     
   12201.3991723855        11246.6346591390        12589.9570806666     
   11919.3567261729        11804.2763083415        11341.0399948422     
   10870.3691753256        10777.3052001878        11953.3042863632     
   11450.8698200780        11774.5822170963        10972.5290676641     
   10677.5169654244        12096.2709149892        11943.1426956186     
   11197.4365124367        11218.7384719326        11005.7016074961     
   10754.1890081523        11447.5986441915        12067.6819105638     
   10991.0457080382        11967.4232476216        11322.8481823432     
   10488.9128907687        10603.2520195658        10784.3649736688     
   12983.0512772853        11660.1079130920        10983.4530188931     
   11309.2728517936        11337.0344747052        10955.2148899096     
   10273.5073727019        12142.0932716905        11994.9806729826     
   11210.1265892097        11362.7396671947        11429.7448748435     
   11621.9309136919        10182.0386735123        12295.8767084168     
   11576.8209358211        10477.4911816067        10553.0420527346     
   11613.8328227367        10869.6028908466        11032.9557723469     
   11204.1371534611        11667.1279016029        10456.9378147218     
   11408.7579483048        10735.3969027257        11444.3167768543     
   11664.7467657659        10811.3736684303        10878.1048562909     
   10380.8667008548        11675.8327423276        11761.2351343859     
   10939.2439997970        11672.7053402972        11144.5217328201     
   12105.5131048980        11337.5962572840        11539.2916838415     
   11951.8236995135        10302.5918122848        11164.7879529075     
   11985.9940265620        11041.4442721749        12725.7888286433     
   10674.7608863080        11448.5156756861        11424.1799128426     
   11613.8527711044        11967.1640770007        11906.8657260400     
   12784.1176286547        11389.4109373367        11613.8144318019     
   13075.4268242184        12002.4467634835        10602.8683701931     
   11450.6192188477        11561.3385519058        12350.9353161411     
   11343.3220920327        12791.3389104378        10640.4635468708     
   12083.6784360834        11561.2974804089        10231.0309198287     
   10070.7206397090        12027.6289543765        12862.1359431340     
   12112.8443672013        12177.5859851528        11521.9669443057     
   11868.7895715509        11809.6057994544        10515.3425839620     
   11571.9786312691        11805.2998452125        12066.6997095578     
   11346.7851670735        10820.9836374911        11375.7897746695     
   10113.7393542025        10467.5064218206        10496.8758005726     
   11090.5960028910        11605.4539606059        11099.9217597280     
   11605.6682461074        11976.2992264392        12172.4830875322     
   11477.6572140788        12806.3182870016        12272.4726212289     
   13551.5576893288        13002.5912937497        11865.6610115060     
   11753.0724644413        11940.2438876156        10247.9787134635     
   10983.1105531096        11389.8130517065        10963.6582102503     
   12245.0181690506        11620.2203189589        11745.7599367001     
   11385.3387081392        11520.7570317977        12441.9523644357     
   11554.2993188185        10710.7734088326        11503.5331167070     
   11393.4770922707        11670.9858316253        12349.2439785346     
   11815.5174611670        10533.6911298905        10221.0141316777     
   10166.3196416443        11055.1515229411        11034.6180090823     
   11149.4620239755        11304.4545574154        11176.5226521887     
   10929.9450801014        11444.9538033793        10423.9932212620     
   10364.7828964113        12506.7992097187        11700.3636917401     
   12262.9127649474        11059.3197966868        11400.7885424650     
   11228.5000627347        9587.77742571787        10736.0140351781     
   10816.2216739000        12740.4669496200        11154.8006922393     
   9828.09726454051        11499.3211979156        12780.8114659799     
   11849.4345569258        11392.3434548083        10913.5014630859     
   11426.2408387435        11880.6333896773        12234.1323218878     
   10348.3724568530        11097.3241345973        12866.6463903259     
   11026.8704605572        12567.5102818967        11448.3511811386     
   10534.1023334737        11326.0885620804        11083.7640437052     
   12699.6651833750        11802.7447007616        11051.7173540325     
   11517.8168627524        11383.0266942030        11682.1143787090     
   11181.3866872970        10197.9793666717        11393.0564458169     
   10878.9286378059        10347.1231499662        10948.3939327318     
   11983.0402186516        11548.9857018144        11884.1634024687     
   12637.1919627309        11376.1505652387        9873.15088524030     
   11739.8062665969        10826.9887540362        11188.5466331000     
   12080.1594845339        11961.9722586415        11493.1333582460     
   11211.5600942873        11281.7778983746        12434.0691130703     
   10839.2418546454        10787.8408877334        10453.5658982785     
   11655.0527436858        13062.4977895915        12159.6544568709     
   11664.6769867063        11218.7214930313        11194.9068774226     
   11132.8086886289        12075.3251949922        12668.3415182878     
   11215.3481420186        9925.58552125033        11182.1402274502     
   11886.8875597278        11450.8139191741        11574.1380284992     
   11678.9747802146        11639.7317029443        11323.5519905052     
   11483.8985724021        11008.6577688187        11521.1065562198     
   11919.9006796205        11679.8739460579        11561.7662986401     
   10512.1134757828        10454.5623885518        11082.4032823947     
   11578.3053045008        13051.2797003793        11770.6685202871     
   10450.3674315294        10893.9334534214        10468.1570990939     
   12153.6433443195        11686.3015768793        11740.6953741620     
   10761.1896951518        10972.4996126049        11227.2375640939     
   11596.6671837618        12202.4353165429        11128.6647931604     
   11216.3965022713        10870.0187120347        11147.6981428452     
   10768.4785299033        10963.3110264558        11112.3186300133     
   12340.5756902172        11443.7028773772        12775.5268999088     
   11050.3188008637        12093.7309769180        11148.2819746171     
   11483.6538737405        13209.5610504758        12713.4512308303     
   11352.4963826652        11560.5338090405        11135.6348138583     
   11119.8271581755        11324.7666324701        11532.0978873114     
   10009.7190578981        11295.4882976981        11425.0178891288     
   11912.3652863625        11725.4170582344        11713.6988672764     
   11468.6316676486        12454.5075059925        11817.6254143285     
   11737.3138537608        11519.4148282727        11696.2355040982     
   12034.3777479665        11245.0732068470        11622.8938382469     
   11038.7015814681        11407.4375460402        11325.8988033052     
   11135.9817399964        10974.6092893931        11762.5180180673     
   11025.0320826590        11428.5091892876        10718.0383661168     
   11657.4209158170        10507.4754991640        11121.2520853906     
   10934.5420648632        11319.8506291365        11008.4941278772     
   11076.6906368621        11632.2050738215        11184.1254960729     
   11768.4164916828        10892.7773767603        11594.2902579836     
   11639.5054554615        11752.0465469784        10244.0379474958     
   11906.4044055405        11848.0091786274        10826.4565500488     
   11276.9633130873        11594.6787985818        12090.2748340144     
   10652.0168567913        10497.3407177146        11609.4575058755     
   11158.1226124931        10604.2999296922        11268.3241953017     
   11732.9633078148        11567.2334961735        11325.7445602869     
   11793.3736655230        10804.2200212554        11658.4359422179     
   11692.7200243925        11013.3181722464        11386.0958411875     
   10738.3913017535        10400.4518530120        11883.1197247981     
   11198.1360942285        10491.5750004741        11423.2365095742     
   10245.2103487679        10816.8877688940        11272.9592768700     
   11839.4379226752        12739.1325627918        11181.6059921294     
   11389.5737909944        11756.6923941804        11382.3964087060     
   10058.1810824610        10762.7175805499        10578.6150195821     
   11754.0564348763        11560.5619161236        11445.5207213144     
   11345.9240847314        11331.7206504547        10810.4450653126     
   11674.2462402402        11169.3242654590        11580.1000497670     
   11927.9326983431        11596.8537563851        11564.3269818473     
   11242.9471965490        11199.5033991205        10736.2930705181     
   12152.5166548110        11465.4120890907        11516.2554345543     
   10854.0424564763        10715.3063568134        11780.4636017667     
   12002.2287843159        10929.1766660789        12584.3721990080     
   11573.1480582159        10634.0131043729        12119.3933951109     
   11589.0859490631        11294.9989927485        11471.1578832477     
   10703.7246113068        11925.4910437706        10415.5232518635     
   10781.5813914284        11717.0702228489        11063.3572263973     
   11142.1711944207        10735.5509667757        11769.0521941139     
   11253.1389824255        11942.6807735547        11403.7337207256     
   10968.8648686401        12270.7794417975        12813.2700595457     
   11031.7121561722        12258.7825103159        10941.4794148002     
   11426.0980418299        11340.3553009244        11912.1747919616     
   10500.9304023951        10918.9862619583        10907.0387311377     
   12362.6581188584        12041.2988497218        12125.9872949329     
   11872.6881901438        12756.3641052381        11486.4568907467     
   10524.1843453613        11848.8380205742        10735.2712143009     
   10534.4876241470        11228.0423314574        11148.4552179307     
   12036.3608648659        11257.8883277340        11265.3668130911     
   11242.7326988087        10951.6996258562        11124.5710999389     
   12038.7448932759        11674.7599550927        10891.7699821387     
   10612.7805174960        11381.3938704930        11107.6215029337     
   11084.2915815650        11114.0869991853        12742.7234804310     
   10967.9341497402        11077.9330284908        11039.3087669441     
   11901.8146629245        11920.9044611959        11275.1210408233     
   12354.9138047520        11869.9852250406        11113.7737757027     
   10427.9276663144        10763.2987084159        10699.4737230875     
   10639.0318336126        11888.2102185566        11342.0004008109     
   11113.3369057312        11283.6959716348        11375.1851260098     
   11205.2793463881        11186.4376603955        11080.7653851763     
   11862.3322849219        11574.5183009999        11006.3125857504     
   11703.9203411638        11386.3999271940        11001.2573286346     
   11253.8039428697        11900.3096684577        11882.1880577691     
   12228.1253393454        11893.2228217082        11887.9303310655     
   11618.7926557015        11586.1223896802        12049.4629203148     
   11586.1999948752        12221.4079087061        11444.8123751373     
   11947.4942954741        10263.3099214375        10043.6012594178     
   11674.6701365266        11821.4271625120        11144.8822241159     
   12308.8375150932        12671.3297436638        10907.9812268916     
   12111.6380598443        12355.0659092879        10920.3585489795     
   10810.1879845989        11997.3106943414        11684.0726341249     
   10959.7485493225        11480.2297065537        11667.7223762872     
   11635.6154248299        10081.5668399318        9984.16879850440     
   10583.3312193775        10923.6090355004        10717.7553535111     
   10621.4814332940        11257.4714520493        10957.2508931178     
   11034.9281852311        11287.1699606315        12059.1540824427     
   11544.7856264397        11515.3689886438        11332.4780595777     
   12004.7685199524        12184.0773154951        11510.5896700245     
   10693.6550380694        10302.3525060229        10287.4078600458     
   10992.1781894460        11521.0139047557        11883.2637664784     
   11747.5598943890        11124.9519548853        11468.4898643299     
   11406.5131817366        11402.0766402375        11855.3309155597     
   11385.4284342553        11480.9923360895        11003.6869779815     
   10758.8033151664        11440.1782179331        12049.3312547230     
   12003.5064439833        11287.5986614019        11698.5059160393     
   12043.7022445024        11583.9202438243        11233.1294084168     
   10932.1661676189        10693.3009657615        10936.7760135691     
   10947.4717890324        11923.7043799127        11414.3556354321     
   10574.6976528689        10302.3283904513        10816.1872645157     
   10517.5064475290        11241.6115379207        11653.1759070917     
   11091.0108028215        12019.4052321394        11112.2869917382     
   10099.2429306966        10135.7088975909        11911.8606959951     
   11477.4986100325        11425.7666787229        10937.7264328071     
   10680.7002953346        11541.1980114669        11041.1519824535     
   11430.0797852761        11224.4509710374        11360.9368181026     
   11408.9177133378        11375.9106486246        10491.1845604087     
   12018.0752143449        11991.1881616708        11519.0472308210     
   11400.4830401671        12491.8437338563        10948.1272692704     
   11071.9171843959        11885.9568150072        11835.9489675561     
   11688.1218927383        12227.8541742049        10974.2604848501     
   12093.3111976329        12116.3566410951        11638.5812060755     
   12024.9486687756        11439.6853753554        11649.8287653891     
   11263.4025445260        11674.7360747063        11066.6506591192     
   11199.2391185697        10097.7429828691        11370.5495241235     
   11940.1846083893        11040.5953294392        10880.5526570398     
   12773.5033013667        10571.6738553500        10688.5625384909     
   11605.8905520702        11946.2220343876        10842.6327105697     
   10590.4274837979        11697.2088397198        10762.3286096251     
   11941.9207076593        12704.3174802116        11678.5672407898     
   12607.2579775932        11197.1305458824        11346.2185369394     
   10467.9668022589        10939.0245387774        11254.0804701995     
   11757.2677753106        10985.5798598779        11120.1772429613     
   10742.3571828623        11011.1462209071        11906.2244304047     
   12519.0428217401        10848.5747504404        10972.1152427392     
   11138.9251748093        11295.8225269485        11060.7514409396     
   10498.6312007813        11045.6041132464        10991.3036995490     
   10934.1229730455        11599.1910915625        12047.6340482500     
   1529397.00000000     
   16365.3757098778        18722.7822710961        17693.6880927126     
   14055.4433000579        9774.43316247534        14312.6492056135     
   10166.0632057131        16271.5180866053        10373.0809433788     
   9854.19650072890        16925.6045159006        10906.6515126501     
   16549.9711056897        5835.24536984220        11607.0453198991     
   14673.1906549613        10642.6986128263        14577.0924884794     
   9084.76859799125        9250.28132956341        13000.0544447644     
   9369.64732590258        15718.9578567745        17188.8810253215     
   17730.2469939855        20778.3749796923        13465.7830566321     
   12699.7878351888        7745.92143463238        12558.2785080370     
   18718.3772785977        15931.1668907820        14044.3758620917     
   14074.7880655788        25309.7763895220        18173.1136102375     
   11713.3823461038        9476.67765227017        9140.44398302408     
   9972.26890042266        22873.2744255729        13004.0620579012     
   9720.69394497061        16903.6049180486        16825.7608375630     
   9320.93876201889        5256.93157542377        13296.4148997638     
   12116.0882821878        11679.2753600411        5536.44990939267     
   7992.77011214467        13881.9491617324        8970.94900295528     
   5199.92031934535        11482.3865686578        11959.0642501712     
   15871.8897268541        9852.61543816229        8846.49316883482     
   12882.2356914717        7311.75488993675        20958.8866684472     
   9266.44706019101        5181.34494790767        15141.6079186801     
   19490.9503967085        13681.3064036133        10270.7430754308     
   14552.3027802157        15172.6457832899        13661.4712550504     
   14287.7073095092        9095.04973211425        26050.1110500580     
   13320.0293797025        10021.1127423869        12418.1050519308     
   12768.2554537151        14131.9176899777        15220.8724190116     
   13489.5159048913        10216.3190126432        16658.4556714234     
   8421.69463121837        7085.78976611180        18907.1324753870     
   17501.6777671096        9620.22460551046        6448.95974696866     
   9680.58399408287        9375.50655776708        9350.29410550165     
   13164.4426772919        8243.44885031297        10772.4218372088     
   12787.1943849943        15345.9454593746        19984.3349211717     
   13138.7060224643        7746.79228727602        15625.4130640633     
   5263.08672808951        18870.2184691527        7139.06396521458     
   10503.6581106449        12983.2630530142        8201.57182949785     
   8891.49004038299        19522.5040090004        8271.13858242877     
   24693.0436202229        7367.15971880845        10469.9992332241     
   16206.3225066526        10607.9997851612        20609.3534729055     
   10986.7530461051        18078.0976684001        13082.6078934297     
   12966.4716612640        10329.1747513552        9087.70244136352     
   14909.1579018681        17405.4105030270        12721.3055048788     
   11734.8661962736        9230.95347380258        8014.53297335568     
   9101.09497133953        9187.57993922120        10320.6522322795     
   13983.5937295175        11684.3482880623        12011.0533075086     
   16251.9957686036        14510.5525826011        11941.8754790593     
   14569.1110817260        14684.1904538873        12227.5489656939     
   13604.7981941734        13246.9538515569        12839.6400058536     
   22514.0942119109        18869.1362445081        11241.2787546895     
   8463.88448259480        16160.6069703014        13960.0807081391     
   12493.5310367262        14316.6145443501        11497.4108904806     
   12498.4855964269        5926.23678878271        18298.7277629228     
   10417.1985074033        6962.98263359824        8028.11151069246     
   12778.1983926367        14493.8457396513        8905.31376924080     
   24276.0743015192        16544.9319971886        12372.9137181418     
   7318.07068532317        14284.2915379749        12562.9033274163     
   15004.3344864261        14225.3441143684        8341.52545872311     
   8466.44631124552        9383.41187060014        6699.92595105817     
   7987.31671452186        15251.2085285785        9387.98596069927     
   13917.2144663599        13930.9536464173        22905.5297929078     
   17939.6574627012        5246.86181330166        10164.7780639477     
   8117.33585970558        23490.3792095935        6640.89397865131     
   8372.07294029086        13597.2648960619        18373.1307072339     
   16754.6045671855        14165.5004734782        12976.9303478677     
   7768.12394960523        11915.9020875907        9106.43000064184     
   10468.1053400962        9489.57134432408        12694.3344375660     
   14025.2931978519        14002.1521911951        17796.3979753821     
   9049.19046280247        11425.5782297002        17569.0969805115     
   12106.5004482277        15998.0703565017        8289.46876234542     
   15475.5164959165        10812.6924308172        16105.3035999902     
   11964.1540879524        11725.8871136760        15697.5923749252     
   9213.65478925024        13871.4228360884        11942.5180499420     
   9202.13924264208        11954.5662539924        17241.7832097028     
   13221.8766773721        7379.86740350159        5534.20936618330     
   8906.58200124610        5918.12010394877        10512.6794676426     
   14944.9643188178        17727.0510493321        9382.36346547576     
   11238.0997197962        10601.2866104131        19375.3214573449     
   8187.41836031866        12115.6232637859        12066.1453058190     
   11796.0964374897        12205.1604433603        10199.3838879324     
   17897.4760662048        5640.60557654824        13691.3508010953     
   16815.2936960793        20379.1355444227        19718.8601429416     
   23073.6550824109        11376.3877376545        9371.24529822926     
   21480.7725935096        8400.18541640842        12568.2045371985     
   9330.89861070054        13580.1353091103        15839.4483521584     
   15697.7952920460        7343.17322414814        10254.9916339250     
   11727.6795482435        7022.49653416712        18470.6915679619     
   16346.5213273989        13573.3206758018        13135.1296082093     
   14976.1290066281        21315.6995156993        11510.9133338971     
   6443.57398838614        13972.5262915512        9310.48007541515     
   20162.5722471971        15170.8364389624        12234.4143282826     
   9345.43254948132        6177.27908679253        12278.2782459061     
   17154.8163136591        20171.1454955530        10833.1363307427     
   14819.4008954127        15588.3384151083        14845.9407638437     
   8888.48855797044        17472.1110516260        16610.0599381010     
   10797.2791845127        8563.61824749188        10939.1774361461     
   9109.87959169627        16609.6541038593        10827.4800159990     
   17351.8234733629        11426.1108871424        7385.32925600443     
   6546.91798705831        15909.4378490911        12234.5834258833     
   8438.40992904827        11187.3704395840        13933.7099373089     
   11206.3854647836        22661.7586917284        7712.80366953389     
   13989.6305138627        13301.8598425066        9891.12741672334     
   15651.5978275328        21953.6455790071        20229.8730922786     
   12272.5627470022        11586.7028785340        11563.8747024385     
   14704.6512635728        14570.0242087698        6225.27744075326     
   13861.8265472483        12170.5123449754        19965.1254337314     
   9501.72100693489        10743.7767036490        7563.81177355082     
   12018.4513275395        11036.9158493549        14013.2449938015     
   20347.4381991702        16664.7968314499        18243.2214754906     
   14158.6182011294        13017.8435123588        11789.7299128230     
   14016.2380213340        11608.4995592652        13184.4722880957     
   16857.7794682569        17227.4860075630        16417.0857561740     
   14541.7595448116        9408.77651070621        9565.70753904248     
   15364.2925490514        17706.3365932455        8905.28840460069     
   14821.8950850231        13849.4824223966        10765.3197379791     
   14091.3173560480        14204.3506472406        14437.8659789372     
   13091.6123406673        10366.0549380694        9632.64482428240     
   13357.3999494588        12500.2949407545        10882.2253642280     
   11538.4508781722        7679.80427275589        16819.7155983377     
   18506.4218909913        11256.6666363538        13869.3429355997     
   6664.24635730896        12347.4560743554        14417.8448230134     
   8159.40734276152        7949.64176908431        7013.79646261073     
   8512.02656951613        6615.90980814683        13949.4191044146     
   7796.08423788215        15436.4211306330        10949.8982240310     
   13987.8211695351        15534.3540060825        15193.3348747364     
   10132.3113246119        19127.6188369491        15165.3999510996     
   9122.40126902863        14395.3125677192        14063.0357823297     
   16423.4353710806        11717.2969555601        17378.7691760356     
   11219.5666227587        6968.90104962299        16317.4111754372     
   15614.0327955357        11546.8296642873        12064.5896078925     
   8298.43939006293        13474.8889624301        9545.72020263889     
   14138.8253269666        13671.6678403730        6962.50070543622     
   10013.3173429943        10071.3600944370        12434.6850716801     
   14693.8459268876        7031.03596300283        11700.3449210892     
   13918.4826983652        9078.13151716350        15086.0762666079     
   10320.1703041175        10988.5285709125        20069.3825594474     
   10511.6310625182        14315.0165720234        9732.00657445792     
   13859.1378953970        14077.5105369502        12656.9131385295     
   6937.60953861213        10483.2480302395        13681.0020279321     
   14255.8577764160        7596.69280200833        10168.2783842823     
   18854.6023057274        8988.45060462847        19273.9051713208     
   9646.46855314021        9370.94092254799        11837.2378837417     
   10912.5699286749        11102.4918989091        12990.0692314427     
   8496.30894753040        16362.6701482664        8431.24864565832     
   12418.5024312925        16786.6401076394        9302.12665394022     
   15650.6424260888        17357.7165247476        14512.6747574900     
   21696.7694137729        16883.9557768464        9624.94242857019     
   8021.73653114580        15663.2486522216        10135.7609156664     
   12220.2946786236        10819.5324287658        11948.9268490088     
   17912.6863953884        10220.3097160199        13805.8383316541     
   9515.15581131108        13309.8158846198        8693.15546451358     
   13165.1444323348        8762.34174784291        6340.73728251609     
   9286.07083675308        17151.7302824462        15779.1227831061     
   15598.8731956323        8043.23729107571        11758.2608493314     
   14056.5762539827        11684.7372125440        14815.8583006779     
   13446.4805655113        11364.0267030428        9452.77570641021     
   7285.76458870807        10776.2772625049        8637.98737228288     
   8066.69112829379        16824.6363385183        16713.4123916532     
   10905.7299307263        14760.7324828474        9668.05386187047     
   7699.59714691866        13547.9137612955        11178.7464619480     
   13451.7648655334        19571.6268620059        15453.5591724647     
   9265.66075634772        17954.9861602053        21060.8609765536     
   18701.1631428457        15094.3282295224        10328.4814511923     
   16046.2039885430        14142.7314815430        12684.5521413651     
   7840.32862510718        13066.3998884019        10200.5422064973     
   22018.5536930386        21015.5935488443        14425.0991100838     
   9985.96580607994        16201.1312103109        9868.66280046939     
   11272.7731828212        20388.6641942226        16344.9994489925     
   19479.7138611415        7462.90278032883        24042.2799587815     
   10812.7262503373        7215.35234777361        7685.79032782092     
   10131.4996561285        11773.3697199546        18950.0917208467     
   15229.7415881687        12719.7328971922        17785.9392887784     
   8298.78604014438        6134.65803653430        11181.9762261215     
   12426.0188196439        11755.1325437184        7726.81340575247     
   12151.5480490561        17693.6542731924        8492.95236015636     
   8690.20471138124        16936.2830293852        10637.2283054434     
   11275.4956541926        11250.4607544079        11756.2401330030     
   16865.5833225296        11845.5659405765        26246.9322024011     
   12572.0176880945        8091.04118279562        11202.6484078079     
   9466.29505958675        11431.6488335656        11799.3769309434     
   20845.1008929314        16604.3021647969        13464.4640953465     
   12677.7797824567        17984.2231353676        10518.1244103854     
   10418.1539088473        8602.26550413349        12785.4273150669     
   9196.23773637740        15129.9401842313        11507.9541258847     
   17611.0416403670        18658.7111901882        10036.7965448525     
   14385.8431020796        13880.9007566080        18956.6611626342     
   8660.90855205873        12776.5243263897        16791.6115771002     
   7453.22194268835        14559.0835940041        14407.4791400901     
   8307.17328113946        9277.91187751895        14809.1197612897     
   7531.30275981487        13346.6791615740        14603.6239020304     
   12657.7248070129        13349.7821025470        11088.9471810925     
   12747.1013438666        6851.00620240997        11108.6808710950     
   10939.4479923073        12879.2511188193        12114.9976026633     
   11337.0979101302        21324.7546922172        7468.55909507249     
   11946.0099153966        12616.7017290813        15931.4374469431     
   15248.3169596064        23917.9932222618        7906.83471146530     
   6357.03829122426        18862.5583478406        13428.7422271972     
   11067.6408834034        17088.1073101801        17101.0601863943     
   11623.9128055696        11455.4070464649        10348.5364266362     
   12499.9736553132        15421.1008880089        17828.1798694350     
   11950.6178250158        12830.7623818165        10640.5003440171     
   15388.8793401942        13832.6487562462        17275.4843615237     
   11316.9837505261        14015.3671686903        14787.7542794404     
   12545.9766575856        10200.7873980183        19064.4186086848     
   11543.7436330744        8375.53944110536        8868.46740204671     
   12823.4742752260        16758.8573718432        6957.63069453586     
   8836.00066271094        7018.13381606887        12079.6815687556     
   12833.4087592676        10378.3060592407        12385.8412297159     
   13766.2441284485        12638.3969512520        9721.92835745577     
   17845.3010015066        9630.76784091455        16469.5482867934     
   13224.1764047417        19927.4251236538        13871.6426629693     
   16777.5595664815        11732.1099053821        18277.9287580358     
   15554.2990680859        7755.39935515201        9579.69191062096     
   11107.6916501308        19947.2856368568        9282.00403945607     
   11019.9553600039        13732.7120742283        8560.81122732014     
   8469.72680469924        11935.7203263935        10507.4628066608     
   13688.5184162835        9860.77439739640        15659.0296670839     
 ------
  0.000000000000000E+000  0.000000000000000E+000  0.000000000000000E+000
  0.000000000000000E+000  0.000000000000000E+000
  0.000000000000000E+000  0.000000000000000E+000  0.000000000000000E+000
  0.000000000000000E+000  0.000000000000000E+000
