           3           8           8           8
   4.00000000000000        7.91500000000000       -5.20000000000000     
   1480000000.00000        95525100.0000000     
      129664         736       92396
   21614679.5000000     
   28777321.5000000        30617018.0000000        33304826.7500000     
   31690950.0000000        33411874.7500000        38528086.5000000     
   37857069.0000000        35010775.5000000        33390369.0000000     
   33965492.7500000        33506528.7500000        32155340.2500000     
   35649915.0000000        35344721.7500000        33871340.2500000     
   32488620.0000000        31532536.0000000        29871714.7500000     
   27877454.5000000        32759469.5000000        35209067.2500000     
   31268236.0000000        30048457.2500000        28172805.2500000     
   30910765.7500000        33504157.0000000        33124637.5000000     
   35287384.7500000        30929280.5000000        32104066.2500000     
   36832404.5000000        34255270.5000000        31590365.2500000     
   25013719.2500000        28727191.2500000        34386413.5000000     
   35439127.5000000        29511669.2500000        34124144.7500000     
   33549280.5000000        34689863.0000000        30537457.0000000     
   30531579.2500000        33329475.0000000        32318787.7500000     
   32982896.7500000        38579166.0000000        36020422.5000000     
   34990537.0000000        37250329.2500000        33328094.2500000     
   34104954.0000000        33565387.7500000        37097091.2500000     
   35601789.5000000        30906495.2500000        30507354.7500000     
   27633374.7500000        33609056.7500000        35935520.5000000     
   28526283.5000000        31973292.7500000        34904361.7500000     
   33083776.2500000        30305329.5000000        30410306.2500000     
   30600813.0000000        29890698.0000000        31387619.7500000     
   31993456.2500000        33236092.0000000        32108847.2500000     
   31945540.2500000        31442439.7500000        33023397.2500000     
   37604050.7500000        34081697.0000000        32514427.2500000     
   31519088.0000000        33469590.0000000        28905407.0000000     
   31662064.2500000        33964620.0000000        37106275.7500000     
   37487378.7500000        35060013.2500000        32709194.0000000     
   30975055.0000000        31448292.0000000        36263715.7500000     
   31306094.0000000        31160822.7500000        31803432.7500000     
   31023373.2500000        28288413.7500000        30165255.7500000     
   35273180.2500000        31107799.5000000        31176852.5000000     
   32289778.7500000        34846169.5000000        35479375.0000000     
   35163699.5000000        35434407.2500000        31689577.2500000     
   37557160.7500000        33522438.0000000        33149231.7500000     
   33284554.0000000        32980339.7500000        34822503.0000000     
   35293182.7500000        34837708.2500000        36570900.7500000     
   34650550.7500000        30903696.0000000        34144158.2500000     
   36605049.0000000        31492255.2500000        35437952.5000000     
   39027673.5000000        34739286.7500000        34062795.5000000     
   32595626.5000000        32771616.5000000        33218698.0000000     
   32717252.2500000        30001628.5000000        30245391.2500000     
   29740230.7500000        34318098.2500000        34361587.2500000     
   31207082.5000000        31326508.7500000        34891957.2500000     
   32570411.0000000        37595798.5000000        34579027.7500000     
   31206139.0000000        33134228.0000000        32676956.7500000     
   31834046.5000000        35558217.7500000        33246293.5000000     
   35768705.2500000        33884702.0000000        30960611.0000000     
   30640494.2500000        33284725.5000000        32705641.0000000     
   32082320.0000000        35849997.5000000        35662872.7500000     
   33904407.5000000        32157521.2500000        33412866.5000000     
   32941004.7500000        36338663.2500000        31849404.0000000     
   31332546.0000000        31964092.7500000        38537711.5000000     
   36133379.0000000        36540301.5000000        30216960.2500000     
   30457864.0000000        31464722.5000000        35924756.7500000     
   36771326.7500000        31134405.7500000        31005694.0000000     
   34165708.0000000        34017728.2500000        32434010.0000000     
   36012923.7500000        36300483.5000000        32713873.5000000     
   28303685.7500000        35488946.0000000        33599901.0000000     
   37603358.7500000        32198904.2500000        36265578.0000000     
   33558248.2500000        33007783.0000000        29440318.5000000     
   37076194.0000000        37472187.5000000        37214966.7500000     
   38105883.2500000        34580910.2500000        33156779.0000000     
   35963330.2500000        29850704.2500000        30503181.0000000     
   28507971.0000000        32274327.5000000        38380826.0000000     
   33953571.5000000        40641175.7500000        34837899.7500000     
   32310868.0000000        32970241.5000000        35443034.0000000     
   33814526.2500000        34125845.5000000        31569868.0000000     
   32065580.2500000        35045114.7500000        34696464.5000000     
   32707601.0000000        31807754.0000000        30786555.0000000     
   35747548.7500000        34696332.0000000        33939939.5000000     
   35198092.5000000        33835614.0000000        35442517.0000000     
   30451436.2500000        35727924.2500000        33488827.2500000     
   31722853.5000000        31504843.2500000        28917206.7500000     
   30095035.7500000        30402723.0000000        35362322.0000000     
   36849106.2500000        33984729.7500000        34876458.7500000     
   33081088.0000000        34492024.2500000        35541338.5000000     
   36044325.5000000        37140015.2500000        36692980.0000000     
   34134763.2500000        30334947.5000000        32341708.0000000     
   32970158.2500000        33568507.0000000        31399018.5000000     
   29834241.7500000        32685084.5000000        29738982.5000000     
   34532828.5000000        32846738.7500000        38870312.2500000     
   33619794.0000000        31943424.5000000        34650778.7500000     
   30957753.0000000        31312550.0000000        29600545.7500000     
   34538591.2500000        33418430.5000000        32009379.7500000     
   32900819.5000000        38058504.2500000        31628655.7500000     
   30556321.2500000        27393146.7500000        32254877.2500000     
   31671148.5000000        34540565.0000000        33647710.7500000     
   30281049.0000000        30689113.2500000        30867756.7500000     
   31888935.0000000        33239316.5000000        35224567.0000000     
   32918225.2500000        35342904.2500000        35134623.2500000     
   35139233.0000000        33069056.7500000        33074436.7500000     
   32129653.7500000        33309822.2500000        34818251.7500000     
   34850677.2500000        33178659.7500000        30987176.7500000     
   31955420.5000000        32673670.7500000        33937490.2500000     
   31389210.5000000        29426064.0000000        33084970.7500000     
   37794545.5000000        32674269.0000000        34097373.2500000     
   30088898.7500000        36545376.5000000        36803542.5000000     
   32360372.2500000        33570144.5000000        32028175.2500000     
   35320490.0000000        31033309.7500000        30370621.2500000     
   31154083.5000000        30701173.0000000        32009432.0000000     
   33938778.7500000        32838729.0000000        33514512.0000000     
   37524365.0000000        35771440.5000000        32179787.5000000     
   34696924.5000000        34195729.2500000        33468003.2500000     
   36582523.5000000        34798244.5000000        34313822.2500000     
   31343044.0000000        33656928.7500000        35709011.2500000     
   35276986.7500000        36871010.5000000        35293394.2500000     
   31923396.5000000        34099129.0000000        31577781.7500000     
   30801036.0000000        36242829.5000000        36632759.7500000     
   36586469.5000000        32178728.5000000        29625060.7500000     
   32976142.5000000        33520498.5000000        28765847.2500000     
   28146027.5000000        32452022.0000000        32318653.0000000     
   38685716.5000000        36275985.5000000        34033239.7500000     
   33421571.5000000        33553286.0000000        28906769.7500000     
   28454557.5000000        28767734.7500000        34656988.2500000     
   34618761.7500000        31335971.5000000        34642510.7500000     
   33316708.5000000        34154725.7500000        31526038.0000000     
   32967776.0000000        30793883.0000000        32567764.2500000     
   34206362.2500000        36637009.2500000        35105062.0000000     
   32286308.2500000        35585481.5000000        33323925.0000000     
   32392692.2500000        32169409.2500000        32090574.7500000     
   34369598.5000000        31994919.7500000        32794073.2500000     
   29752973.5000000        31684562.0000000        31474809.5000000     
   31185312.0000000        28454314.2500000        30057902.7500000     
   27588537.0000000        31982741.7500000        31080640.7500000     
   32005428.5000000        33272903.2500000        32706740.7500000     
   34899870.7500000        33895476.7500000        31930821.7500000     
   34290263.7500000        32392196.2500000        33348732.2500000     
   31461794.2500000        36853387.7500000        37410057.7500000     
   35025043.2500000        31464189.7500000        30289903.5000000     
   31920313.7500000        34291995.2500000        37487227.5000000     
   31743534.7500000        32084943.7500000        32893374.0000000     
   31420078.5000000        34218876.5000000        31114675.0000000     
   32068972.0000000        31143973.7500000        29144323.5000000     
   33357011.5000000        34307117.2500000        34841499.0000000     
   35689935.2500000        34143088.7500000        33545249.0000000     
   35544252.2500000        32077810.2500000        29385569.7500000     
   33384818.0000000        32727116.7500000        32042249.5000000     
   32704239.0000000        32991541.0000000        36059005.2500000     
   36773290.7500000        34659845.5000000        33589495.0000000     
   34500311.7500000        30383495.2500000        30554489.2500000     
   32093615.0000000        34176215.5000000        35736564.5000000     
   31819309.5000000        34684949.7500000        29513327.2500000     
   30143989.7500000        31035115.7500000        31625080.7500000     
   37841147.7500000        35034150.5000000        33463726.5000000     
   29604240.5000000        29124290.7500000        30824509.5000000     
   33016713.2500000        32212295.2500000        31919039.0000000     
   30226008.0000000        28083489.7500000        30724825.0000000     
   32486378.7500000        34625728.0000000        30083526.7500000     
   31374840.7500000        33467066.0000000        34835204.0000000     
   34611758.0000000        30058206.7500000        29320412.7500000     
   31939821.2500000        31660515.7500000        32748197.7500000     
   31979424.2500000        30351065.2500000        34816957.0000000     
   37453808.0000000        38517148.2500000        35310906.7500000     
   34729781.2500000        35118914.0000000        34557890.0000000     
   35195418.2500000        33509441.2500000        32451091.7500000     
   28718000.7500000        27897943.0000000        34568790.0000000     
   35434650.0000000        31909071.5000000        35642019.7500000     
   34300825.5000000        31916907.5000000        31881281.0000000     
   33651749.2500000        37311047.7500000        33168938.0000000     
   30664898.0000000        30692909.7500000        33524317.7500000     
   36480283.2500000        31100251.7500000        35288003.5000000     
   31956130.2500000        34469553.5000000        37549149.0000000     
   36926673.7500000        28108709.0000000        32048901.7500000     
   33378822.7500000        32381084.0000000        32178345.0000000     
   32625014.0000000        34963762.2500000        40366648.0000000     
   33563696.5000000        30392281.2500000        32006534.7500000     
   32275279.7500000        36170142.2500000        34660977.7500000     
   35475213.2500000        36824432.7500000        32914848.2500000     
   34065158.5000000        27935628.7500000        30678726.2500000     
   33525539.2500000        33703904.7500000        28838421.2500000     
   32992021.5000000        29357207.7500000        36050964.2500000     
   36672653.2500000        34721896.2500000        30753629.7500000     
   29451818.0000000        34666205.0000000        35937993.7500000     
   33639607.0000000        28847184.5000000        32949718.2500000     
   31529685.0000000        31049650.2500000        31304109.7500000     
   34890665.2500000        35700155.7500000        35779451.7500000     
   34750059.2500000        36342422.5000000        36103412.7500000     
   33893366.7500000        29230691.0000000        31518380.2500000     
   32338328.0000000        32139827.2500000        30887815.2500000     
   34761463.2500000        33272036.5000000        36257740.5000000     
   31439859.7500000        31334714.5000000        34406671.5000000     
   34386849.0000000        33411159.5000000        35066725.2500000     
   35118077.0000000        34920706.0000000        32897383.7500000     
   37084027.2500000        36147855.7500000        34321369.2500000     
   28612633.2500000        30253196.5000000        32631152.2500000     
   32741481.7500000        31391132.2500000        28823595.2500000     
   31188454.0000000        34731712.0000000        37923249.2500000     
   33931541.5000000        31394190.7500000        36393009.0000000     
   32840819.0000000        31521217.0000000        29609348.2500000     
   30756235.7500000        32275450.2500000        31247268.0000000     
   36906457.5000000        33598002.0000000        34998751.7500000     
   34885091.5000000        32754659.2500000        29496215.5000000     
   29655659.0000000        30650311.0000000        34457186.7500000     
   33658023.2500000        33358798.5000000        29550512.2500000     
   34917511.0000000        31161104.2500000        34893126.7500000     
   35749834.0000000        33763912.5000000        34488194.5000000     
   38242703.7500000        34342467.5000000        31728941.7500000     
   30922644.0000000        28797828.5000000        28617524.7500000     
   33670452.7500000        36341328.5000000        34966116.2500000     
   33520148.0000000        36033162.0000000        33028654.5000000     
   33766099.0000000        34651025.7500000        33321544.5000000     
   34295955.5000000        33554018.5000000        36166946.0000000     
   36518658.0000000        34770062.5000000        32850139.2500000     
   35865702.7500000        36654411.0000000        28232221.7500000     
   32231458.5000000        29737990.2500000        35849537.5000000     
   38632705.7500000        36340977.0000000        35065046.0000000     
   35606564.2500000        36395225.5000000        33376618.0000000     
   32049489.2500000        28342793.7500000        34696539.7500000     
   33217962.2500000        31834427.2500000        34324492.0000000     
   33690196.5000000        30663569.2500000        27476559.7500000     
   29779785.7500000        31973548.0000000        35095542.0000000     
   35169784.2500000        37472624.7500000        31777640.5000000     
   33504165.2500000        30374513.0000000        31575192.0000000     
   37031419.0000000        31933109.5000000        30669006.2500000     
   31876398.5000000        31706903.7500000        34046734.5000000     
   30175510.7500000        27704802.5000000        30297718.2500000     
   31094600.0000000        33634293.2500000        28917644.2500000     
   30563679.2500000        30184905.0000000        28859248.2500000     
   29191592.5000000        29919448.0000000        30916918.0000000     
   33734777.5000000        31169866.7500000        34620165.2500000     
   33952186.5000000        30813030.7500000        32750631.0000000     
   34575272.7500000        31325373.5000000        31033495.2500000     
   31422426.2500000        32427274.2500000        34466564.2500000     
   34095428.7500000        33781931.2500000        34627226.0000000     
   32022957.7500000        35729112.5000000        39471599.7500000     
   36416540.2500000        31969906.5000000        31387531.5000000     
   27729500.5000000        31780748.5000000        32398728.0000000     
   33535828.2500000        30283096.0000000        32288844.0000000     
   32921905.7500000        33476252.5000000        29768976.2500000     
   25582085.7500000        29999480.7500000        30391011.7500000     
   31997112.7500000        30926201.5000000        30744495.2500000     
   35107682.7500000        32108820.7500000        31232113.0000000     
   37003237.0000000        35584091.2500000        33060374.2500000     
   34511769.7500000        33334358.2500000        29653671.5000000     
   31497058.5000000        31265597.2500000        34393094.5000000     
   34918311.2500000        36454868.2500000        36558407.7500000     
   35151267.7500000        31551428.2500000        29677241.7500000     
   34095580.0000000        31567269.5000000        32677043.0000000     
   29680530.2500000        31523396.7500000        33716175.2500000     
   33360341.7500000        32787174.5000000        36409788.5000000     
   35430681.5000000        30890488.0000000        32276386.5000000     
   36370135.7500000        34186626.7500000        31482081.5000000     
   33723878.2500000        32214009.2500000        30818506.5000000     
   30651861.7500000     
   12601536.9186414     
   15826517.6837410        16865460.2038954        18651678.1977104     
   17990628.4215007        18392625.8400983        19105675.8624212     
   19012072.3114302        17979490.0709224        18349350.3854932     
   18758897.8625413        18313351.6326003        18361426.3727774     
   19002268.6545908        19005904.1788572        18128513.0697953     
   18402931.1729304        17615620.4859004        17781624.3960247     
   16706518.0839350        17996375.9327631        17714251.5310115     
   17530569.0561836        17315986.7459942        15623549.7092718     
   17875398.7025759        18370749.5452312        17860400.0444520     
   17859882.7992019        17384769.6352128        18246237.8819396     
   18716235.8968067        17707342.3607391        16548630.8101307     
   16758779.5301566        17041118.5696017        18666629.7680806     
   18446790.0867299        17240338.4653271        18581102.3421230     
   17488664.6026153        17127367.7991511        18129386.2442525     
   17785520.0967127        18722437.3131328        18348332.4443984     
   18663757.9907916        19431737.4045581        17462123.4874026     
   17561439.6834286        19018481.0800629        17857549.5914647     
   18531391.9254425        18110425.1000957        18447726.0269955     
   17761484.5812069        17469938.0469093        17386571.3296847     
   17137106.4947097        17964808.9747182        19343726.3482013     
   16987146.6937614        17417223.0110443        17860763.7932917     
   17695339.2726972        17427150.0768898        16894711.4321578     
   17190055.0448559        17262131.5718194        18405063.4085377     
   17568133.4784356        17796765.2114756        17876993.2773450     
   17707188.0887902        17610348.9477213        18346772.0633174     
   18252691.6496675        17551668.4720356        17922434.1174839     
   17821513.8490553        18105981.2494114        17327261.8449553     
   17648911.1939962        17155034.7070878        18606292.0072232     
   18759362.1201369        18622996.8464474        17350941.0043836     
   17171437.5598399        17207279.6684920        17977343.9727684     
   16512843.5456491        18187809.7170282        16811893.9131952     
   17742355.3699547        16927407.4397532        17326563.9982894     
   18338161.9141694        17868780.4540958        17929393.1769755     
   17490732.0434995        18618360.8027585        18392104.8186943     
   19034726.7091464        18717426.6601177        17428357.1697182     
   19638137.3785692        18575224.2378442        17480204.2079510     
   18031026.4216818        17472723.9908523        17276227.7537229     
   16743037.2039583        17955589.8951302        18167740.2446866     
   17463668.3559549        16499612.4182594        17874274.8083706     
   17857022.2609666        17412469.9717035        18258212.0417917     
   18145387.9094593        17119885.5017519        18294383.7685199     
   17581464.6372482        17841614.2130042        17316692.7130949     
   17422197.8145955        17624409.5575866        17352712.4848479     
   16824836.4304540        17653855.6492627        18476014.3233242     
   17031933.8308379        17576543.7235819        18780961.5976915     
   18254764.1306084        19029270.8225186        18427323.5303168     
   17080768.8595921        18772371.7502772        18582525.0054443     
   18059627.6305622        19405950.6690707        18102027.3137806     
   18493872.0456244        16878657.4452870        17529704.8581551     
   17577030.1778253        17910258.4002174        18447368.1850037     
   17879247.3669386        19174086.1017460        18383115.9136620     
   17943975.7272927        18138972.0227059        17532885.6024085     
   18215423.2753306        17413757.5079030        17443343.7123794     
   17376780.0151612        18425454.9258308        19201928.6429868     
   19290632.0271802        18600010.6113310        17306286.1781323     
   17650418.9613208        17858464.1753563        17852844.9424274     
   18502199.0347890        17720073.9628111        18173144.4731189     
   18823652.8485919        17938219.7609311        16795353.2244689     
   17932397.9294544        18087246.5690320        17245557.1836938     
   17193018.4275232        18326174.3456417        17452183.2704108     
   18206563.8987807        17698803.6336348        18827744.6880613     
   18551239.8268773        18464200.0958557        16844463.2657148     
   19443214.2163896        18958921.2710402        17862167.5093098     
   18912146.9434686        18857080.4296617        18783943.5265295     
   18380239.7804774        17935069.7131451        17502810.6549017     
   17395514.6201341        18661212.2928268        18909234.3405920     
   18903379.1837412        19025669.2290656        18201745.4779803     
   18072375.3910071        18399899.9948709        17697528.3291544     
   17584624.4253162        18045059.6439226        17416191.4867079     
   17350228.3936264        18088305.9823044        17969888.7605121     
   18166235.0598734        17909827.3062565        17611624.6124451     
   18384058.6365594        17659678.1511685        17348132.3379781     
   17204965.2465358        17680212.8511157        18187479.4567831     
   16473758.6894856        18586612.1962284        17625645.7791163     
   17425572.9914554        17460602.4450306        17198795.5540594     
   16558962.8822659        17302005.6871531        18652273.7707301     
   18897387.2111311        17950361.0329199        18541020.7166371     
   17917625.4078482        17593116.8789763        18112618.8156234     
   18705077.9513217        17885881.1227001        18705045.5376756     
   17649593.9472531        17137802.6937462        17529663.9723684     
   18096702.6327925        19012272.6347926        16497516.3479694     
   17184757.5975669        18540695.1893353        17181455.3799217     
   18521483.3948934        18190163.6765356        19376170.6591322     
   17284868.6779571        17190167.6851148        18567591.6553410     
   18167528.8054901        18133920.0261940        17326858.1237575     
   18469114.8724309        18268027.4807184        18215421.0164184     
   17737739.7268656        18426913.9190194        17781480.7808552     
   17524697.4940279        17674752.0382947        17266626.1693802     
   17001720.6522722        18337315.5865667        18874196.0057300     
   17038079.9553289        17283941.3879246        17838840.7318837     
   17525453.5926542        17448357.5171629        18004870.1918126     
   18536329.6502835        18235892.7725421        18299902.0123625     
   18103765.7096506        18153497.5723357        18486289.0150313     
   17948070.7119346        18237278.1920636        19170396.0042370     
   18444513.4302479        17837639.5596184        17811670.6095926     
   17600366.5663419        17634924.2630144        18092058.3000082     
   18127503.7447515        17460420.6847619        18053282.8508406     
   20147227.3992481        17980136.7457381        18516186.1354475     
   17140544.6871589        19077710.4882971        18294106.1214110     
   17904854.4071054        18410803.7031813        17958962.5920322     
   17447946.7801357        17347071.7699160        17336927.0495501     
   18010786.5584103        18051911.9239736        17526416.7106506     
   18214097.2626041        18208883.3775813        18182164.5225236     
   18963714.9250642        17600392.6364261        18204808.1937126     
   18087358.0117535        18746522.8494280        18094666.7699175     
   18593933.4644272        18373176.8815991        18793279.4548344     
   17827430.1647203        16859051.7069118        16821289.1057679     
   18256463.0341816        18363362.8187913        18755334.7917130     
   17882427.2334004        17679743.7567790        17580901.5538455     
   16344111.7901862        18544762.3137178        16620624.4885025     
   18454873.5891285        17358211.6799818        16856645.4772880     
   18556946.7004239        17625670.7728410        17127691.6483283     
   16534071.9928614        18438420.8788721        18376876.0530100     
   18966864.6867342        18094704.3962843        17438192.3655395     
   17126809.9427275        18090747.8543304        17329214.7557322     
   17588108.0148161        17202657.1598744        17883587.0078937     
   18334480.2129910        17914932.2622657        18307562.1940284     
   17940475.8431676        18764569.2538543        18295820.1804698     
   18371702.4893407        16766797.9227209        18285865.4484997     
   19506882.3542246        19526582.0720466        17446243.8239432     
   17164706.0310067        18823772.9683718        18299541.7986201     
   17691769.6064897        17441405.9675519        17762186.9906307     
   17871647.1852918        17933055.2052694        18813868.8375507     
   17173967.6750412        17275921.8427361        16944316.3702962     
   18263329.6667906        17728889.4216866        17743103.9765101     
   17236467.3835082        18071788.6505200        17510860.0105076     
   16682523.1268205        17730725.4399744        17982442.7211815     
   18604513.3978035        17831620.9019672        17073905.9614780     
   17433832.2604523        17255936.0756723        18650642.5140763     
   17243871.2928527        18496050.4558882        18639808.6415147     
   18728099.9987672        17864552.9169990        17597641.5636025     
   17884770.7051242        18980827.3607214        19329427.5606207     
   18592550.2947594        17312246.4984199        17735884.7708530     
   17604165.7696292        18236570.1017885        16813858.1077524     
   17666445.6119440        17725559.9778693        17445819.0900016     
   17837979.0268880        18194298.1929985        17380474.6790202     
   18802456.1293771        18354699.8273037        17655302.9632580     
   18255224.7002620        16959099.0764581        16843989.5033542     
   18046308.7693506        17514807.2591135        18038280.5307540     
   17624769.6027642        18959712.7029603        18506211.9248760     
   18416076.5017020        18330248.5722385        17633915.7521691     
   17500513.2395288        16821206.5753629        17660533.6992782     
   17014968.8019495        17667358.9377483        18183863.7272743     
   18222616.1336329        18756304.2556759        17880848.7522154     
   16472456.3164836        16921606.5937110        18131272.0914701     
   18407929.3163672        18579593.0090729        17995611.4021213     
   17221491.6111483        17531969.1913512        17891649.7474663     
   18967907.7690191        18813683.0423831        17594242.4497326     
   17958030.1725558        17597359.8193413        17540438.6359926     
   18627205.1191654        18161104.7030363        17123313.5043963     
   18305335.4507642        18636523.4638423        18338835.4697893     
   17215303.8827744        16498177.1156622        17201148.4940808     
   17274887.2809971        17284699.5451381        17923582.1147272     
   17571588.2544116        16286797.8448129        18098708.7343507     
   18533576.5063321        18757495.5705455        18110088.8115682     
   17400974.2106943        18732258.6996929        18117166.7026142     
   18378289.2392711        18114914.8505260        18103522.3069413     
   16836610.7698050        16092034.4471800        17968319.2216981     
   17989123.8964011        17810717.7562889        18749229.7508302     
   17617063.5381095        17963687.0435162        17024618.4551433     
   18297441.0208137        18717763.3307513        17899677.6630224     
   17580161.4329997        17031792.6521404        18382316.3078237     
   19151382.4732851        17338251.5499752        18940210.7699879     
   17951380.2163681        18622692.4087020        18885280.4479899     
   19434681.6160160        17451805.7966605        17259705.8880181     
   19015423.4517294        17826774.2234152        18296623.5046758     
   17991127.1162563        18594529.2169688        19016328.3017395     
   18106629.8366122        17466110.2979259        17678472.1601163     
   17851006.8326868        19104192.3004696        17847134.8734761     
   18092369.8022644        18840812.8570841        17645912.7404285     
   18297860.9628314        16768537.7889899        16957382.9492202     
   18332241.0623962        18408759.9068347        17231092.7449989     
   17891881.5507205        16825303.7516835        18938288.4616576     
   18416536.5201846        18630319.9225630        17422896.7109235     
   17571336.4256714        17566952.0443705        18925405.3426161     
   17892158.0386446        16600574.1152109        18082924.1559658     
   16937157.8571307        17282790.2809463        17927333.9251242     
   18599185.3849269        17790930.4106964        18612352.6454643     
   17867947.8707182        18901646.0460921        19332594.0164290     
   18209073.5864134        16863574.2554343        17270427.0332839     
   17978425.2135529        17797019.0225411        17988627.6667083     
   18314900.1126029        18464373.8006509        18485334.7400297     
   17810224.9883812        18638962.3534894        18462463.6892368     
   17728977.5802111        17636349.7117301        18052168.3499973     
   18240302.9299545        18238140.1303148        17453067.5279474     
   18847944.2017954        19030040.1918715        17420479.5706283     
   16209126.8346618        18288073.0976456        17507922.0962074     
   17581293.7853663        17457373.6458413        17802212.2644787     
   17726383.9639797        19327006.4889902        19249414.8419245     
   17729486.3560750        17821201.0175953        18685005.1394492     
   17603589.8768329        17393451.5981608        16638422.8326072     
   17281844.8779847        17092442.0819542        16699516.1226656     
   17981327.0569572        18279919.4471220        18972371.3164609     
   19108081.4291146        18564442.9598912        16802901.7323480     
   17824864.7308671        17878169.9092612        18402339.7427268     
   18975598.5729184        17173985.8689078        17428355.2723466     
   18391775.0794036        17557545.5333369        19229465.9427166     
   18685747.7815980        18146854.0992597        18109045.6431847     
   18337179.2688901        18601547.7348598        18510951.5036224     
   18349132.7602663        17288003.5966302        16693453.5895709     
   17925085.1029400        18651374.0753158        17935919.9896983     
   18098325.2029327        18483105.7545246        17987366.5362011     
   17915168.1993510        18497409.8356702        18205520.8897999     
   18218643.2998262        17527782.1772234        19771149.7302294     
   18449651.1857170        19089257.4271271        18468283.8337281     
   18377657.3509511        18449799.0490693        17062594.2643877     
   18135137.6706403        17208881.5314131        18921569.1635316     
   19180417.2001281        18417284.2885899        18252405.3080096     
   18732838.3722746        18968585.5562089        17970184.3345855     
   18654294.3024878        16169907.4341370        18269839.3789361     
   17706266.6816820        17762745.3055172        18387692.0528831     
   19322333.9926915        18955043.7083754        15597652.1447148     
   17718095.9677253        17953991.3467546        18510605.9369045     
   17464524.2712356        19107785.0191563        17508983.8283427     
   17919059.9628410        17077967.8361247        16567687.0910396     
   18379762.0587563        17781024.5150880        16542198.6561197     
   17427736.4588512        16590251.2009916        17424427.1913806     
   17651879.8472987        17307947.1301524        17065361.4471108     
   17375851.3318749        18466480.0448687        16505328.6864554     
   18284616.7786370        17351640.3350896        17845159.6743880     
   17810637.0348729        17365189.8410073        17286859.8587814     
   18162208.1709910        18106315.8611919        17426367.2212058     
   18670505.9420620        18118949.5021645        18196250.6159592     
   18048384.7451528        17814115.7419452        17962205.1100628     
   17967108.3316946        17302341.3188791        17556569.0818725     
   18590628.4251684        19069795.7532283        17985379.2477833     
   17770369.3773431        18405317.6709103        18739081.5792153     
   17897054.4403446        18135381.6271822        17962768.7759646     
   17113948.7001965        18474713.3254623        17276932.4675804     
   17079408.6264995        17788919.5563000        17519128.3449316     
   18594572.4114181        17987888.2684732        17343940.4697126     
   16059632.8803235        17910732.3213101        17764612.6315074     
   18159405.1215287        17451148.9677852        16713826.3927791     
   17355144.7363720        17491737.5747754        16696044.8383039     
   18775012.3125895        18493488.3769411        18106945.6736981     
   18272516.2847788        17630096.7056567        17109920.0836891     
   16737243.1805049        17616257.1460786        17721992.8828769     
   17912359.2700032        18368229.7915554        19352595.2602756     
   18075235.3804856        17195179.5539203        17179255.9897880     
   18034774.7182992        18476125.0411081        18138172.0800364     
   16759818.3313006        17506981.0710767        17801705.8727942     
   18550123.0992344        18204786.7660954        18677815.6321146     
   17530304.5009835        17152428.8808116        18064835.0239713     
   18545780.3206797        18066077.5906829        18075815.2231189     
   17916222.1929614        17556008.5568844        16757812.6607081     
   17208084.3890822     
   16861.9093269170     
   22525.9862606484        23554.8382106675        25338.4421361587     
   24701.6784310287        25317.3435314823        27632.3447058880     
   28011.8953741397        26268.1392962369        25957.9638901395     
   26444.2531896823        26100.7077740538        25112.3924034800     
   26482.5551216825        27263.0247433444        25738.1124626363     
   25233.1126850520        24234.2986127661        23728.1427025919     
   22687.3740689408        25574.0061000319        25892.5756013806     
   24401.7976611731        23980.0087045946        21760.6198899060     
   24144.8776576141        25218.4840162447        25230.0768582222     
   26068.8613390994        23581.3209401050        24819.7853050651     
   26736.9443433275        25447.5746057862        23651.1167719529     
   21678.6743672504        22860.9225137954        26311.6947288880     
   26308.3233456424        23747.4707161791        26362.7443316766     
   25331.6019233803        24314.8764485979        24941.3680779594     
   24308.6784714056        25833.9301097951        25589.0760485677     
   25492.7630668310        27632.7643376607        26119.5831950368     
   25813.0808965601        27559.1845182788        25181.4247637259     
   26224.9119459526        25411.1142512732        27428.3569763247     
   26284.0283978136        24098.4988112298        23421.6930738828     
   22412.1249160194        25367.9598613686        26854.2864414131     
   23253.3585544120        24587.2128454845        25399.7826457756     
   25232.7312523185        23822.1646401996        23084.3523686587     
   23490.5389982612        23621.8478883669        24927.7016547409     
   25116.4706480308        25327.9376373894        24725.2178514462     
   24992.1533403020        24533.5595410988        25402.0729721866     
   26919.1082610341        25841.5524805861        25471.0510764776     
   24583.3820778191        25610.0072287242        23614.5349603233     
   24387.2955784174        25059.9702724540        27245.4795150113     
   27822.0184266494        26760.5960720056        24647.2159935026     
   24100.5505554728        24817.7657450129        26410.5395474097     
   23481.9116222924        23879.8312339231        24220.2931819692     
   24395.4067939019        22765.5717877458        23717.6696164407     
   26382.6353899634        24851.6649394901        24775.4576940659     
   24729.0586252332        26398.5703649784        26297.1194828528     
   26386.4691659987        26916.2871092449        24651.8085172400     
   28640.0865392715        26047.6397780615        24725.1018467362     
   25751.7067658026        24129.1726307240        25319.4941754423     
   25081.4811583785        26299.7315117188        27202.2366791658     
   25779.4838371500        23340.6792039630        25560.3870415132     
   26459.5986887528        24485.1308834228        25985.9712080620     
   26976.3589342913        25740.9887643660        25945.3012889632     
   24462.7335287044        25018.7985178159        24929.1756796589     
   24734.9226530350        24240.3271185907        23793.2405799503     
   23115.8554816330        25410.2146549260        25961.6058441540     
   24050.3637251759        24489.3340497459        26555.0867522622     
   25042.2892395277        27484.3740667671        25969.7406074352     
   23588.1332516505        25587.5324165810        25323.0100916345     
   24659.3834902355        27115.3063905486        25401.0618357038     
   26251.1628951515        24754.0779422086        24281.0589721497     
   24145.6106850724        25435.3371276991        25843.5104065000     
   24517.8340939782        26190.1531946509        25906.9976018004     
   25194.2806903736        24774.8907780630        25218.1892211639     
   25492.5617759444        26690.2019291559        24693.2548902676     
   24132.0151031545        25374.2088643505        28011.0924072760     
   27095.3276003615        27253.0700073485        23742.2750214399     
   24249.5790046198        24679.7092324716        26857.6393121634     
   27222.0423681736        24555.0326913889        24719.2505223459     
   26059.0801691790        25491.2533571842        24389.5118657328     
   25942.0029739777        26611.8630999713        25350.8709156727     
   22810.8431333788        26525.3155352949        25634.9414047192     
   27375.2977539931        24831.9281170054        27166.2316050785     
   26394.0837347045        25673.4736208086        23629.8654966615     
   27628.4664314702        27819.2095662377        26669.0251202511     
   28170.7840288350        26797.7588494158        26016.5616689654     
   26553.2407090412        23875.4068116635        23339.8925660581     
   22445.1396866225        25272.6725427322        28214.6182877111     
   26512.9178955413        28459.3478974834        26329.8212325133     
   25869.8660618824        25754.6570252109        26348.1348042425     
   25332.9611079383        25615.8465782119        24114.4952369926     
   24689.1582329035        26419.6995168792        26285.6195788741     
   25387.4164732955        24220.3596926322        24149.8986711776     
   26268.6579834100        25946.2540446803        25246.9547328005     
   25506.7797754319        25336.5148823192        26612.0258300478     
   23667.9579638350        26850.7790309113        25659.1319974281     
   24886.6435466415        24249.5642809525        22987.2456673450     
   22702.5787874887        23756.3750468980        27259.3237758745     
   27478.0869248811        25857.4193942863        26752.5539823733     
   25278.6107825705        25933.3031203471        26834.0668918158     
   26865.5308692271        26759.4726681888        26856.9034545012     
   25674.1530708488        23626.1330662272        24540.6518529704     
   25574.7290333446        25246.6215830499        23582.0070101969     
   23608.9817833909        25661.6825849182        23475.6357834537     
   26433.8181562040        25723.7079812519        28240.9475968039     
   24797.5723947460        24113.6241760542        26003.4657439087     
   23958.3197430980        24648.7289154649        23371.9534787558     
   25598.1052110806        25195.9941000939        24808.4443575993     
   25412.3385240326        27570.4493039937        24552.2365714738     
   23922.3530635886        22727.4274081663        24391.8509154298     
   24518.8028336737        26135.9386143586        25782.0619027181     
   23630.4311502004        24206.2480607937        24453.3961407310     
   24550.5601294526        24465.2828048232        26324.8448751515     
   25894.2147858701        26348.1304866889        26308.7415192076     
   26216.7118401560        25544.4253790822        25793.6618529771     
   24540.4950417357        25380.8681446041        27262.5856454431     
   26235.0685126712        25709.3767906786        24024.1421624452     
   24397.8589822444        24968.5879417619        25128.9210225892     
   25153.9012037921        24156.1513313479        24952.4493382182     
   27889.7170523795        24954.7082502778        26251.1461491700     
   23593.7707586206        26946.4408585824        26560.6534619897     
   24609.8447074728        25821.2200590744        24769.9760199203     
   25577.8318646637        24004.6977939140        23774.3002595869     
   24499.3395476026        24795.0353763160        25025.0510574199     
   25843.8349074350        25467.1926644793        25271.5869333354     
   27856.4456898251        26024.7125470414        25064.3133380419     
   26426.9365143395        26079.5878840645        25810.7827572837     
   27174.5070504958        26066.1999332225        26646.8559366944     
   24946.3359317416        24611.2328933007        25418.0431354524     
   26436.6306842402        27042.2191752442        27184.6265503049     
   25155.5072296872        25973.3570250304        24767.1289617663     
   23976.6531394923        26693.2547605061        26295.7394039793     
   27406.8444783406        24097.6009398836        23036.0509027815     
   25357.1585837609        25080.8140347117        23296.1276252942     
   22405.3955606706        25107.1607607318        25159.2714390595     
   27710.3807537492        26504.7225653172        25209.2679453742     
   25014.4339314152        26210.9210321108        24206.9170737613     
   23726.6732870062        22719.4984260386        25797.4445490935     
   25699.7778764420        24629.1366409398        25882.5075820564     
   25558.6671163351        26341.5358813973        24564.8694555286     
   25844.0237822926        23444.7941520722        25193.5247050876     
   25998.4223421127        27114.0980229825        26357.2413095813     
   24115.6251831097        26754.5483537107        25449.6484826193     
   24810.5896887700        24562.8432449045        24421.5020565950     
   25848.3509010010        24996.8980588576        25521.8639750455     
   23791.7272021712        24267.4657897091        23832.0369734550     
   24249.7972329285        23336.1277170066        24011.6278532988     
   22800.9295401540        25051.1492111222        23939.5901404888     
   23687.6322000315        24693.0141930194        25524.2935792575     
   26113.8784110038        25271.6704572421        24350.2939776165     
   24776.2227978242        24632.7374861485        26025.6027787729     
   24424.9587020261        27076.3213502067        27128.8865305334     
   26249.9080776834        25042.7798593541        23576.4713883085     
   25129.1201177856        26641.7613847989        27569.6916585988     
   24998.2578427614        23759.8169007420        24907.2079463632     
   24525.3574926992        25492.2062832388        23767.9767686089     
   24641.6444653631        24793.3398275388        23263.1107167396     
   24841.5944080192        25942.5276496808        25757.9293672727     
   26768.6397038663        26087.6710985902        25528.1452455170     
   26822.5511702914        24669.3818773711        23349.4343761631     
   24835.0894022435        24663.7650768456        24985.4053233331     
   24508.1327724983        26262.7888082348        27021.0098676292     
   27353.4352584825        26202.2371255594        25005.3196885135     
   25345.8085165021        23910.5739192326        23901.3189355113     
   24079.8179815353        24644.2066955410        26855.8550883880     
   25232.4158371131        26448.2529878887        23448.0960794791     
   23696.2300461396        23771.8227466787        25122.5151234329     
   27672.8881285524        26303.6440099178        25804.2840808738     
   23908.6513903180        22958.4324582638        24478.2057881015     
   25438.5373941622        25630.3567859647        24581.0120900511     
   24393.7205389849        23633.9227542241        24534.8881482562     
   25103.6645925294        26673.4516884049        24140.9232622361     
   24689.0461568193        25625.2593953274        25898.1224382230     
   25395.3772343477        23108.1200598950        23392.3110883522     
   24544.7301772505        24983.3262143964        25272.4769813040     
   24665.8156773845        23649.8734174459        25884.1137273910     
   27238.6796570087        27977.4902407758        26877.2299524980     
   25071.4021207221        26405.3380416944        26511.6713307583     
   26383.0333855840        25151.7459705762        24640.8252818394     
   22418.3423552689        22263.0274876059        25678.3068743129     
   25685.7029961466        24452.9534157571        26419.0470748184     
   25450.7011402550        24279.2941417150        24222.8443706425     
   25341.3316665144        27116.7630117537        25087.1019642412     
   23630.3259610292        23257.3025035941        25630.2019614551     
   27773.4972498020        24489.0453783927        26711.6739969935     
   24683.1594626879        26468.6358125762        27734.3017930385     
   27569.5457327836        22922.1154413468        24338.5681983420     
   25410.8695339776        24940.8836054948        25206.8546357044     
   25533.2001041097        26485.4788104935        28839.1580187282     
   25294.3984288016        23164.6167618446        24880.4706632454     
   25294.6037377983        27101.8833754626        25907.6054284787     
   25601.9917198965        26555.0740050208        24835.7614353207     
   25850.4702618274        22623.2800879485        23218.9468359944     
   25115.1607137517        26280.3394207126        22873.8395967926     
   25078.4234864462        22644.1038347336        26926.6068108981     
   27325.0834691772        26503.7727085507        24281.3988417608     
   23778.2669610411        25928.7919012535        26998.1517201225     
   25197.5814731866        22986.5459644177        25585.3628052728     
   23964.5675340592        23401.5766510289        24686.5687461528     
   26399.0772451875        25889.9940476300        26671.1049763870     
   26159.3229489165        27194.0505242586        26995.5595161761     
   25844.7755532605        23356.9299421099        24118.0458060219     
   24701.3048435130        24441.4015492339        23776.3661435188     
   25391.8284580172        26048.9758474630        26977.2118298984     
   24772.1379210579        24961.0997890835        27003.8909087978     
   25652.5233304932        25506.6551720587        26174.1159770499     
   26447.1511431652        26162.9240414711        25259.2280775712     
   27011.6989178401        26676.1585519428        25492.0470451893     
   22171.1031516539        23638.0600269533        24940.2658883786     
   24545.2120256401        24298.1961968837        23986.4131505313     
   24867.0319903568        26924.9157468100        27470.8010419420     
   25562.9173889223        24727.1894739048        26785.9137634863     
   24996.9838855964        23786.8613780369        22952.7550599106     
   24051.0822617257        25459.3389220295        24098.5065436693     
   26996.0845647662        25516.9667059953        25985.9420838432     
   26989.9247914686        25618.6112208179        23648.2083735037     
   24035.1178925928        24801.8788730173        26397.0609980200     
   25733.2433209190        24805.8826903566        23419.1239824655     
   26474.2601575630        24490.1934596004        26265.4885728913     
   26734.9921310143        25409.3671097461        25921.9685453482     
   27131.6504305556        25429.9509305326        24854.6913625967     
   25095.0550107243        23552.6226117691        22732.8400227359     
   25748.3093176054        26573.6441422581        25598.4997547337     
   25527.9771650034        26117.4380451852        25579.2709455512     
   25376.6819120262        26103.2773827256        26044.2429421107     
   26102.1359457704        25064.7853005533        27666.1941120346     
   27037.6857149930        26915.0635396079        25884.5167912448     
   26069.7715011542        27305.9469381470        22969.8651250291     
   25079.6278135398        23403.8152219589        27359.1224835608     
   28248.7346581348        27683.1242624644        26369.6963354557     
   27248.9632709652        27138.3743345560        25360.3155440107     
   25040.1493785054        22209.7935062159        26024.3542948486     
   24886.6697374276        24412.8741211550        26002.7920400292     
   26462.1045548733        24548.1954090176        21523.1043765475     
   23954.1039687143        24605.4970256852        26457.1909209238     
   25355.5805422178        28096.7556437535        24244.6712454321     
   25110.8781584045        24064.8180377459        24224.1390746603     
   27317.2729618063        23864.8920386136        23331.9612953901     
   24248.3657869853        23822.4758689791        24831.3112791221     
   23654.7088950191        23039.4290157005        23394.8027119722     
   23782.4705690374        25573.0683275625        22139.8523880531     
   24105.2638482427        24114.7954017591        23585.2862581271     
   23935.5993731411        23808.5269608609        24767.6334463714     
   25765.5123590429        24965.3806641245        26091.6324698587     
   26183.6776244991        24480.9361242867        25286.1457998619     
   25917.8727802730        24414.5816399540        24126.8489017909     
   24437.9184976132        24905.7020389286        25580.0864889475     
   25816.6742334726        26575.0358586308        26224.4789716249     
   24321.5068025571        26782.9397599056        28231.1383550314     
   26367.3334236121        24465.9716876320        24448.0871553406     
   22621.7907346597        24633.8022723920        24450.3129830837     
   24547.7646422215        23626.1947160304        24673.0529228347     
   25786.8086214061        25292.7573713465        23668.9749284829     
   21342.3804383347        23630.0889748071        24001.9383821752     
   24576.0641444939        23986.6221944496        23977.8288913857     
   26116.4608936326        24931.7705999893        23389.8653458286     
   27224.9541825561        26940.8786000035        24944.4657371657     
   26010.2042903588        24907.8098172527        23058.5472353680     
   23731.7074395848        23977.8108147039        25797.4330844201     
   26816.7126546835        26988.0446721701        27760.8142395541     
   26415.7584852041        24450.3743492853        23656.9092059961     
   26140.1254619330        25015.5355384366        25077.7345628233     
   23112.8141076767        24620.8485700436        25607.1735149417     
   25482.2518883452        25158.1888984614        26901.3133650451     
   26550.4913453662        23969.5572454738        25167.6135941623     
   27016.8284103076        25777.6057480534        25214.4810329863     
   26121.1807943010        24776.6245260203        23523.7122569662     
   24047.6948336219     
   1092888.00000000     
   10782.4979404909        20613.5259562029        31554.0350359546     
   24058.1286314078        18896.2129978214        21965.6937830575     
   36918.7938101893        15269.1223056534        22390.7100338349     
   17671.0480376979        16417.2527400547        27857.5614844965     
   25156.3224306003        26873.1915077800        21313.0721617283     
   18372.6339830318        11533.2278760304        15836.6561280267     
   7602.45903019244        17560.2679720346        18569.3473356545     
   29189.8814804681        12898.8600993413        8495.47402812691     
   20629.8967176714        24206.5329132284        19856.9621534391     
   20485.4662294674        20236.5651298265        23696.5239808956     
   23471.6136033551        20288.9114058454        9448.11706751073     
   8297.58756089937        18161.0189043469        22046.5541419957     
   21878.6296558934        24643.1534868543        14350.6686874125     
   10291.2588418366        13320.0822227028        24817.2077609822     
   22646.5018607046        30800.1556576020        15376.0342637005     
   29661.9174328421        17028.6885270116        28275.6764394450     
   11478.3874104010        21090.0218577956        13454.4831094648     
   21351.6158460895        16866.6824569341        18123.5637857903     
   13725.3140541974        18974.7482647498        15279.3421418961     
   17241.2230739004        17230.3162786548        24354.1868244459     
   17350.7666133585        21635.3721886762        13793.5343674827     
   11377.3832997787        20061.4751328943        20870.7656812787     
   18850.5460770304        20036.2056101887        25353.8918398265     
   13378.7485215481        20332.8133704290        18646.8891541787     
   32103.3591604518        15789.7315438305        22831.4417928780     
   10482.7513060374        16827.3566961697        7598.60149117631     
   18314.2953107879        23608.2550333265        19736.0256631334     
   15718.2138273314        21078.5654953477        21392.4529166603     
   15417.3469212732        16309.6221172046        25670.9921155526     
   8806.60304482801        9524.44349702992        23886.6213898906     
   11053.7939036254        24212.9903278554        11198.5942928310     
   23782.2776016542        10773.2609840523        13407.8861518699     
   20464.3607351791        18331.4375800596        20512.4267281802     
   12014.9235288448        17992.9570264441        27274.2276050571     
   32276.8744359775        27439.1294715467        17180.3268004458     
   27517.7492872754        12009.9034438238        33931.7058308977     
   20236.3431892256        7853.49498704224        10492.9394364800     
   10364.5732203432        9684.86427710077        18524.5998830673     
   12213.6449154758        10435.2665860389        23550.6244572855     
   16498.3244709937        14443.9577200027        18587.3456615297     
   11888.3645433155        15702.2235354645        15942.6063434698     
   10110.5780554810        7690.49546856060        17874.3033537479     
   21045.0207588074        28746.8457666154        21249.7556788636     
   23068.5694720696        14829.7856018161        14423.7294195181     
   14732.7764220104        18524.2722564660        37959.1879357401     
   17170.6882372055        11689.0090406818        24014.5648620256     
   19614.3282336244        38704.1896900556        34069.1082000723     
   31924.1368409024        38255.4152263789        25269.2056476723     
   27039.9323106773        12198.4472686122        19632.5167943005     
   17873.7326493455        26648.3022674395        18966.8429519167     
   17287.2916014931        22436.3980918259        23178.6308729299     
   19377.3485148334        28573.6792548912        23168.3264878868     
   20208.3363991085        12812.4300881798        20008.6427012734     
   15293.2926939545        26385.5668703408        13095.2880997627     
   23333.8201959788        7461.41049400259        14429.2039543410     
   11732.2029090625        19032.3154291905        15512.2423810701     
   24863.5827779761        26707.3807416866        14693.8311308476     
   27292.0251275315        17847.8501478373        17362.4026420072     
   22749.2920647344        20097.0279034430        9921.56921229064     
   10339.4410894381        25291.4948251656        12916.6681904157     
   16058.4910429544        16402.0762303912        17919.9280001387     
   17655.6918618337        32337.9292384328        16513.3952946568     
   25196.7156199692        37269.3014306551        16457.2971656222     
   21498.3185833030        30263.2919125569        20775.5320262804     
   23897.0525981342        23683.2498192401        18215.7642525758     
   11207.8629550697        29011.1030421205        36130.2494236917     
   15518.6892270970        25984.2454208625        16787.0480556011     
   25130.3131058915        28530.7601701117        27565.4348106749     
   14775.3995859887        21591.8401250941        14947.4352575081     
   15593.1238772083        20047.5245808360        17040.7790054622     
   12254.0381048447        15706.6729160831        18243.7287682928     
   21457.8619823338        16485.4202103398        14935.9683264602     
   12679.4665310238        16275.3375786612        26830.2724230005     
   21509.5107307498        24852.6020025302        20328.2477352099     
   18840.7278475893        28132.7466924473        16706.0291676623     
   9440.05322567701        29114.9923805549        25466.2043524962     
   18143.2530876726        31148.1056768571        12333.3765853765     
   12641.0285326630        17889.1099624098        17912.9421555095     
   21969.6464394740        15840.3974124424        17549.0652559878     
   11929.4869660875        18583.3612993131        14853.4486973151     
   19478.6274090569        26190.3648275245        9507.40691375867     
   18039.0255540367        19814.3601266609        19822.6247718955     
   42113.5566527131        21824.6980898679        37273.6345566732     
   12211.7108616677        15887.1317618378        28071.3114203904     
   20761.6131800222        16969.9905223662        30049.2566244619     
   27285.5677129045        21894.7573395609        22142.8023825982     
   17570.3292792767        19375.9851654277        22641.3338152829     
   21955.2625748139        15142.7324177248        24443.3223972186     
   18399.3514039436        35952.2424931473        15685.2503637936     
   12550.1491408830        17259.6652809775        11390.5517754337     
   27076.7744504314        26228.5069050840        21095.6337844190     
   24454.3243098646        16170.9092416245        19398.4434405216     
   31227.9620187910        12901.8298759537        22485.8908458329     
   18026.3855083839        23713.6873873674        22394.0180056487     
   14881.0433120305        21461.3073459482        17340.1557389141     
   13730.6300600196        23986.3995429078        18268.2901947955     
   14570.9500181337        18795.9169834019        17957.9221172976     
   37740.7772472268        23707.5364621417        19833.1510975395     
   9308.31562612610        32655.1880431595        11329.7611879795     
   17847.0046598337        13067.8414454479        13092.2654801501     
   17231.9121372615        12766.7103243886        19929.5155927425     
   16748.2295876388        19350.2928987203        17681.1938937403     
   27110.0972463707        29695.9800307845        13090.4582495425     
   14949.3270369160        13976.8784410494        43080.3933219563     
   24581.6653717971        16377.3457062878        20031.7562295701     
   19488.1391490967        24642.0226466496        21334.9808696200     
   16606.5786412464        5508.03728503386        8602.20631997325     
   31076.2286279565        13744.2001424764        20194.6606306513     
   15205.6261565878        17067.9403075758        16496.6123577866     
   9055.78949667007        14199.8970391820        9109.94300329653     
   15099.1897855427        11694.4941441048        12690.6164040704     
   29984.7670269922        9332.27464242629        19767.5623656652     
   17852.6482922573        27021.7014756010        24968.3704474143     
   18613.1647514377        22364.5633173255        13573.9928387646     
   12060.9075076371        15839.7421592396        13241.9908369762     
   15244.1064293488        18219.6640659921        21841.7346731391     
   28741.9947791951        26913.7643633497        20556.2230067633     
   13451.3970782519        25338.2186059610        20992.3891305873     
   15510.0441122609        11911.8796784138        21857.9363370069     
   35245.6681685926        23029.2965543054        17922.5912873498     
   18246.0115859023        29291.1075316914        18920.7532871240     
   17473.5526086720        14837.7014832492        15681.7521571789     
   14924.8712964138        22707.0599389578        28399.7835097640     
   10212.1951449060        10862.2380278244        16113.1835481831     
   26305.9324690078        21643.5628537104        19267.6570149747     
   19870.8704310973        21570.5972390053        16746.1792792302     
   9815.85150604854        19069.6754303468        19191.4151342559     
   22967.0580686451        21655.9386843622        10945.2226753714     
   22393.2359292454        14720.4111599587        20653.2638923691     
   19252.2479961103        28251.3897965434        22836.7049557000     
   17080.9185484301        31354.9648855222        21372.6896345777     
   13212.2402278518        25607.5593780873        28910.5533813000     
   25819.0582021718        7260.73391636339        10343.2880598542     
   22356.3726522913        21723.0387260428        17601.0733368053     
   41463.3235349939        23838.6188084898        12771.5190374087     
   18113.0374601462        18850.0493528283        16612.0954504695     
   26599.6127270359        22267.9346071214        20183.9969132067     
   18481.6385238877        9116.48496672389        10994.5146259776     
   25113.4033458208        25697.4136156631        17417.5390284378     
   15277.6088914889        33653.3817487338        12788.9043844814     
   19406.4967137553        26273.7088074730        14098.4807531579     
   7046.02223786550        9749.84003017249        24743.8722452755     
   13298.6808076133        20851.7950441993        24063.8251068316     
   26271.8064594651        24951.3867071433        16009.7592281506     
   15823.3502605711        10582.8782228561        25529.7744817620     
   15804.4007606918        20981.6408643423        22095.5818776007     
   13051.7560361807        15733.4960229953        20673.9994856558     
   23034.9507553290        17265.0024239999        19383.0132844571     
   13269.1098646896        17509.6866522231        13352.5172562384     
   31153.8972696813        21847.8538925647        20681.4397800869     
   26796.1464134578        32436.5237082451        16434.3633035263     
   13567.7785019386        9691.96637633047        16843.7063204381     
   13031.1366974944        17207.9953953615        17631.2466899315     
   13374.3942583299        8509.22377678441        11716.3288717961     
   27362.0421028243        16223.0758514427        18735.4011795489     
   9575.83859904484        21382.8566278202        13567.3663265369     
   15277.5032054884        26119.3861096277        16665.6465468934     
   11299.7146580539        12735.6175030586        13626.3813891837     
   12296.8515036237        21019.4447467004        20405.9480827349     
   18887.6841375857        14081.6132674874        18313.4181169842     
   25801.3980714979        31702.6084153760        24016.4037984333     
   19946.8903712152        14988.3357396792        32442.3047324693     
   23511.9856555239        17468.2366028498        22529.2538118142     
   36199.4843225813        23346.5553590321        20979.4320269331     
   24963.9950469960        20719.3599170455        9556.76227596507     
   22938.3643195251        22238.8392511998        26630.4519019649     
   17826.9982999501        18299.6683683267        20204.2146450913     
   23922.8188450419        15775.7492859720        13666.8274215528     
   23326.7075281491        23515.2090785374        12988.8517287176     
   20994.2492041951        16331.5308250962        17569.4309482729     
   24884.5720176639        9087.15710160124        13044.5376823505     
   37634.3620133817        34874.3721118398        25457.2527482587     
   17048.9485332964        16595.4816112000        30170.9117795706     
   30560.2272993987        17441.2972413371        15081.3499886681     
   14683.0405902025        16312.1902870153        27584.4160163542     
   25977.3652622338        14268.1701954675        15829.6597147975     
   18736.4157651531        13546.7364192506        31109.2237972945     
   16365.6145602388        13736.2419866431        30693.1063077544     
   18713.3550798567        29976.1536179562        28702.5950382303     
   33856.1826149819        24915.3583495926        15434.1192895434     
   22472.0988227752        18271.5981666093        19253.1463271140     
   29661.6849236411        16622.0933461113        17908.7569898920     
   22282.2233543812        21801.8487765723        27463.5957806490     
   18048.8649206779        23970.6100544418        23121.3490606903     
   19908.5474902548        26578.8454279491        12185.5958509585     
   12340.9754088083        22837.8569331048        18845.4520118091     
   16088.3579066793        32164.0969049058        18196.5611062955     
   15991.7926080755        21302.2604838831        15531.3081355498     
   16713.0150122915        26197.4563581542        44803.8677741636     
   18209.7401505506        13994.2532195220        30227.3586724067     
   10108.7391190734        14541.6855646113        16036.9522360643     
   18325.1069886331        8392.59927529670        12529.3712731961     
   12611.9331767414        29896.4135306227        19391.4153214922     
   32900.9396999872        23148.1087560022        12525.8096549812     
   14975.1249896239        14522.1759289297        21905.0617246040     
   33032.5610449376        14652.1168664731        26347.0337545797     
   35159.3438434315        20889.7468869581        24415.8863115039     
   32472.2667135946        27456.6205046198        22965.6418762392     
   11687.7302400765        23071.4758370817        20128.7865465758     
   28625.4548265077        13419.2156911173        12978.4733634742     
   11091.5660801834        19285.2643026483        6365.55235541987     
   26232.3327383000        24397.8034368283        23432.8796841931     
   27511.8731456509        15542.3311853959        18444.4264831321     
   20846.6587045779        14789.6460588483        24155.6556726156     
   21102.2497280467        16082.8622346563        20363.4094675570     
   25847.3714816902        20253.2106748961        21705.9598683713     
   19933.1406225577        23145.1284107897        23685.0253440475     
   20153.4853648791        22144.3453982046        20488.0555364782     
   31887.0833291474        19406.6975171561        21157.3438400771     
   15953.9887257174        16440.1971707506        26663.4047969027     
   20156.5925332921        26929.1311078139        22080.0671727358     
   25305.1600250227        24386.3576429804        9512.12050937838     
   21501.4046145159        24005.3596113871        29116.6093763617     
   10255.4735620870        18370.1714992215        20460.7991169643     
   25804.5580829111        17829.3128233597        10468.5154017779     
   17703.9163838353        18599.9751385825        9829.09396190392     
   19819.2428198814        6103.39823132357        12847.0105475244     
   15093.4827415189        25514.1857966968        15040.5340552974     
   37041.6854915032        20151.9106434725        10035.4775835670     
   35129.2127647055        19665.3217288377        18206.0411405352     
   19244.1418798764        21055.7478878522        18836.5215447717     
   36657.9501924985        19392.3030838959        25924.9767118147     
   17388.4648097162        23060.4950616358        26014.2602449881     
   23050.9833215960        34487.7304478230        22031.8215135341     
   25091.6637355299        9809.29897402114        17015.3086793557     
   28097.1199416983        19644.7023901514        30008.0073784894     
   20881.5667905238        22383.1429162032        27269.2286572362     
   25164.3439980338        25541.3259616103        18802.9451024313     
   10635.1188128746        18253.1982339324        17316.5243492153     
   16198.2502099389        12727.0357998227        23460.1783781072     
   28727.5052285345        13266.2140682775        12212.8522704725     
   13479.8266123708        22559.2792045398        23755.8032585435     
   35863.8150165776        18194.7221698878        18697.5444541906     
   15160.0120787971        15533.1999149577        10601.5106647341     
   25390.9559201815        22279.3592637692        21331.4298200051     
   18560.1103792158        17791.7414502026        22321.1792141441     
   13349.3466762251        7006.65420270087        14753.3534862965     
   12630.6290302196        25435.8619017693        22844.5785627329     
   18738.5294851620        15607.0532920666        23735.9765648606     
   30492.9053171171        22199.7777054364        17862.2234438974     
   16905.9659432984        19457.8389727700        23975.4187674619     
   29261.2406679665        25649.6435434633        14830.8530304206     
   23583.5245092231        16516.8829326713        17401.5487365709     
   18284.8406224647        16626.7752359309        22471.2744719718     
   19701.2338317879        23614.7230165535        15837.8503798317     
   17566.9578958626     
 ------
  0.000000000000000E+000  0.000000000000000E+000  0.000000000000000E+000
  0.000000000000000E+000  0.000000000000000E+000
  0.000000000000000E+000  0.000000000000000E+000  0.000000000000000E+000
  0.000000000000000E+000  0.000000000000000E+000
