           3           8           8           8
   4.50000000000000        7.91500000000000       -5.20000000000000     
   1110000000.00000        54162416.0000000     
       72928         742       49840
   9660063.55555919     
   16404952.8888889        13476148.0000000        16798264.0000001     
   15473312.2222224        16898229.5555555        15576176.0000000     
   12763560.8888887        15082389.9999999        16382317.7777776     
   14514866.8888889        14703038.6666668        16424001.7777777     
   15216912.4444445        15776022.6666667        16064453.1111111     
   16108147.3333333        15755878.4444444        14343854.2222222     
   13229743.3333332        13858537.3333333        15070210.6666666     
   14631529.7777778        14288423.9999999        14474773.5555556     
   16441262.8888888        16679478.8888889        15637269.1111111     
   15197805.1111113        14127812.2222224        16440865.5555555     
   17704107.7777778        15245295.5555556        16292266.2222222     
   15120035.3333334        15582552.2222225        15872473.7777777     
   14572568.0000003        15348771.5555555        17453077.7777780     
   15734207.7777782        16122452.8888889        13652990.0000001     
   16115871.3333336        16779765.5555554        15203739.5555554     
   16150710.2222218        15266722.4444445        14848867.1111110     
   14037354.2222223        15469074.0000002        16172358.4444449     
   13272647.7777776        13782082.4444445        16550837.7777778     
   17845173.5555555        16451567.1111113        14004517.5555559     
   18043976.8888890        17313874.4444447        15836492.2222228     
   16462712.6666666        15861921.7777774        15712312.4444437     
   16051705.5555552        14499638.6666674        17211249.7777776     
   14486970.4444443        15915366.4444442        14913595.1111108     
   15313309.9999996        16893138.6666664        15748198.4444451     
   15457522.2222218        16932482.6666681        15992228.4444443     
   13298089.1111109        13833126.6666663        14866045.5555562     
   16500862.6666659        16912971.7777781        13176616.6666665     
   16113569.5555559        15665726.4444442        16111626.6666667     
   15830141.1111114        13208212.0000003        13607281.5555557     
   13862180.6666662        15766109.1111104        15610773.3333333     
   12942800.2222225        14629415.1111104        14545946.6666668     
   15076792.6666665        13292213.9999992        13921451.7777774     
   15602513.1111107        16363279.7777779        13743241.1111112     
   13847970.2222220        14408901.7777778        14841181.1111109     
   14922954.6666666        16172364.8888881        16318539.3333330     
   15211896.8888881        17002191.7777768        17759929.5555556     
   16058672.2222230        13452203.3333328        15693280.8888882     
   16448894.2222220        16263678.2222223        13444773.9999996     
   14794568.6666663        16269864.4444445        16278437.3333334     
   14491377.7777780        15782487.1111112        13903145.1111112     
   14938144.2222218        14170916.8888881        14948784.4444449     
   16317105.5555556        16542929.9999994        15939372.8888906     
   13285646.4444448        16595563.9999989        14494996.2222227     
   12556408.8888884        15978893.5555555        14457022.4444440     
   14520006.6666663        15431862.8888882        15740460.6666665     
   14370260.4444440        16531502.4444411        17609721.1111124     
   16385117.5555565        15948703.5555560        16732623.1111109     
   15519875.3333335        16543091.9999995        16380995.5555563     
   14263727.7777780        15038368.6666666        15407657.1111117     
   13589628.0000002        14938139.1111121        14779222.8888887     
   13578415.1111106        16888271.1111105        17069814.8888888     
   13832618.0000007        14732069.1111108        14653127.1111127     
   15484589.9999993        14244559.3333331        15711172.2222215     
   16728191.9999993        17500203.7777789        13472619.1111121     
   13399216.6666656        13468012.2222218        12208849.3333345     
   14430838.0000017        15540391.7777778        16146704.8888896     
   15905851.9999992        16135493.3333328        15359606.2222210     
   15268862.8888887        15951515.7777780        15053978.8888899     
   16763002.4444448        16354761.7777766        14543296.0000016     
   16860241.5555559        15840134.8888886        16049035.1111103     
   17283143.1111133        15310116.2222242        15037430.6666669     
   14292087.9999998        13414974.8888886        15585019.3333323     
   15799652.6666667        16188239.5555560        16023185.3333319     
   16911572.0000013        16294589.5555542        15409275.1111103     
   16616823.1111117        15463593.5555553        14670104.6666663     
   13941481.3333333        15158317.7777767        14569995.1111101     
   15530217.9999990        17223251.9999998        15830043.3333321     
   14171324.2222208        13270474.8888881        14407169.1111120     
   17714542.6666660        16722968.6666686        17311798.4444464     
   14728822.2222217        17508239.5555551        16329340.2222212     
   15978769.5555556        17528246.4444437        15322883.7777780     
   13380657.5555554        13612572.2222222        15765530.2222226     
   15075112.2222223        15137653.9999997        14587317.1111129     
   16064398.2222218        14965348.4444446        13947917.3333344     
   12765013.7777779        13545292.8888906        14902726.2222196     
   13801213.1111125        14628937.5555552        15624956.2222235     
   14975288.8888875        15243953.1111116        14025337.3333336     
   15358802.8888889        16274454.4444443        16565134.4444443     
   15727550.2222220        15250152.0000000        15083051.3333337     
   15419013.5555562        16750261.7777773        15249734.8888883     
   12913654.2222234        16416979.7777794        17085865.1111114     
   15293662.2222230        14859053.5555570        14926630.8888906     
   16052930.2222226        16377986.2222220        15376586.0000004     
   16323006.8888886        16178502.4444459        16233802.8888892     
   14629966.6666662        15137994.6666677        15126795.9999991     
   14985007.7777793        15455840.2222224        16244785.3333326     
   14263551.5555598        14833196.4444438        17038016.4444435     
   15371675.5555565        15438930.2222219        13989117.1111147     
   13748076.8888868        15572277.9999979        15161500.2222208     
   15878395.3333313        14756116.4444457        16981455.1111110     
   14955823.5555525        14795190.6666704        15548970.8888898     
   16074984.4444446        15397908.6666598        16635219.3333304     
   17216212.8888905        16331584.2222203        16874660.6666665     
   15246377.7777776        14809861.1111109        15269920.2222237     
   13278453.3333364        14840786.8888871        14395988.6666671     
   15860757.7777775        15991834.4444458        14529637.1111119     
   16295430.6666683        16731660.0000042        17406217.9999995     
   15422843.1111120        15294131.1111108        15145801.1111124     
   14189626.8888889        14207202.6666641        14201389.5555553     
   15613937.1111106        15832019.3333315        12994426.6666656     
   13883971.3333348        14630647.9999977        13729195.1111101     
   14530432.6666685        14049616.8888871        16924350.6666685     
   15726915.9999988        13328669.9999979        15148030.8888885     
   15291460.4444423        14041717.5555577        14099334.6666691     
   16537124.6666667        16535275.3333309        16397476.2222245     
   16728564.6666669        17445363.3333336        14207887.5555542     
   14917419.7777773        14097185.3333337        16185018.4444462     
   14159984.2222229        16489560.2222236        14587818.0000001     
   14456280.4444425        14694471.5555573        16410254.6666654     
   15207120.6666659        14430849.3333304        14320036.4444418     
   13840603.3333350        15455203.7777806        15159994.4444445     
   14309989.9999993        16825878.8888838        15006542.6666647     
   15006439.5555560        13754206.4444457        16692805.5555572     
   15771040.8888924        14721762.8888909        14738534.8888891     
   13376493.5555539        16535394.2222212        17023258.2222226     
   17204750.6666645        16915414.8888891        16833042.0000008     
   15127890.8888922        13903673.5555568        13974849.7777767     
   14981912.2222209        16463767.7777781        17928786.2222204     
   15893094.8888916        14811495.7777771        15433381.9999987     
   14044622.8888918        15887245.3333341        14515927.3333335     
   13727153.5555551        13162365.3333316        14701867.5555546     
   13219272.2222262        13873326.2222227        16707516.8888855     
   14696066.4444479        15151208.6666691        17751146.8888884     
   16150462.8888897        15498568.2222216        14334997.7777752     
   14408962.2222234        13154562.6666656        13139603.1111122     
   15037147.9999993        16454664.4444462        17043128.0000012     
   17336664.6666642        16823657.1111132        17462616.6666685     
   15092237.1111124        16112692.4444424        15389084.6666641     
   14230333.7777774        15011304.6666679        15779413.9999990     
   14549135.7777732        15150422.6666662        14917420.0000029     
   14878950.8888892        13721629.3333330        14889165.7777755     
   14842854.8888909        14772403.9999996        15066017.7777830     
   16119997.3333329        15914862.2222210        13902143.1111109     
   14960439.9999982        14943595.5555578        13574127.3333357     
   13664690.6666632        15727433.3333302        15285043.5555549     
   15097255.3333348        15665126.0000045        16844579.7777784     
   14849140.2222207        14475796.4444461        16189254.6666666     
   16866842.6666692        15171439.9999979        12111080.4444435     
   16118009.7777764        14438927.7777776        13336941.3333333     
   17570661.5555579        15357556.8888878        16671663.1111108     
   17672714.8888853        15982595.9999996        16876844.6666645     
   15095556.0000014        16346439.1111089        15511779.7777788     
   16173321.1111129        16100609.1111121        16251039.7777778     
   14686060.6666663        15161279.1111121        15651541.9999980     
   14009363.5555522        15737269.1111117        13659770.2222211     
   14017460.4444447        14928673.5555565        16882817.9999988     
   14741140.2222211        16361491.3333302        16980205.5555535     
   13986671.3333306        13460231.1111130        15443542.8888895     
   15730220.4444473        14385010.2222199        15123928.8888847     
   14912112.6666642        12520713.9999989        14844403.9999980     
   16708634.6666683        16651509.5555585        16508198.4444452     
   15469488.8888886        18097017.1111105        17111606.6666684     
   14401977.3333323        13481117.9999985        13903790.6666652     
   13999507.7777765        15202740.2222236        13618754.0000003     
   15118145.9999995        16569303.5555570        15395620.8888897     
   14197750.4444445        14405088.4444460        15293506.2222254     
   16178684.4444479        15807766.8888883        17721948.4444411     
   17218285.9999990        14367116.6666656        12036243.1111128     
   14220203.7777778        17778849.1111165        16493343.9999996     
   13868338.0000009        15175331.5555576        14802845.3333326     
   14293036.2222236        16304391.1111135        13657003.7777769     
   14952923.1111119        17133186.4444417        16152234.2222206     
   13867316.2222249        15850680.0000020        18171155.7777749     
   16076796.2222189        16397886.4444450        11248890.0000002     
   14664325.5555535        17373074.8888888        15095871.1111135     
   14463958.6666668        14797727.1111105        15474431.1111091     
   15753073.9999952        16937031.7777775        14068015.1111077     
   15590368.2222174        16448780.8888833        14493793.7777765     
   15919869.1111079        17522812.8888980        16601932.8888917     
   14647793.7777769        16188780.8888940        14723185.5555577     
   16698684.2222216        15291817.5555522        16172294.4444423     
   18200328.2222168        17853121.5555556        16524695.9999972     
   14266909.7777796        16036164.8888986        14315050.6666594     
   15606238.4444394        13910508.4444418        15839578.4444393     
   14814865.3333306        13792363.1111097        15569694.6666709     
   16737905.1111060        18686613.5555530        15247667.3333344     
   14978586.2222181        13286369.1111102        14406166.8888912     
   15545273.3333365        12565259.1111076        14047242.2222168     
   15483418.6666704        15091798.8888935        16267347.1111052     
   15325215.3333326        16201133.3333354        15678677.9999990     
   16909162.2222213        13925327.1111088        16247518.2222247     
   14535497.7777746        16267263.7777674        14263546.6666728     
   14791282.8888952        15316518.2222220        17616322.2222163     
   16400648.8888837        15353437.3333327        14654801.5555628     
   14551695.3333333        14491201.5555574        15028912.8888814     
   16133580.2222186        16226209.5555594        17285688.0000012     
   16722624.2222230        17776561.5555609        16184198.2222248     
   13552252.2222211        14288216.4444428        15257251.3333318     
   16091528.2222175        15324506.0000009        14745217.1111131     
   15291545.1111080        15386412.6666604        14931332.6666695     
   16153671.7777803        15501869.5555631        15129571.5555581     
   16740127.9999908        17029061.3333350        15840795.7777817     
   14962347.1111049        14264222.0000032        16004237.3333321     
   15338136.2222219        15198113.5555603        15590193.7777763     
   14664422.4444386        15930728.8888811        15271197.3333321     
   14856360.2222151        15434822.8888878        15144102.6666716     
   14906853.5555547        13271607.3333299        14762432.6666720     
   16221101.7777713        15247580.8888910        14980813.9999989     
   15664549.3333385        15953008.6666728        15176671.5555582     
   13269770.2222125        14080059.7777777        14587750.6666625     
   15476808.2222238        15841444.6666727        17113577.9999990     
   16964965.1111122        16928048.8888819        16361300.8888852     
   16385054.6666677        18329608.6666602        16477625.3333326     
   16307723.1111103        14645979.1111179        14733616.2222258     
   14456519.5555521        13676693.3333390        17239903.3333377     
   18179032.8888892        16542044.8888950        16895266.2222212     
   13708872.4444445        15062045.5555562        15116436.8888821     
   16035508.8888844        18069130.0000022        17817452.6666672     
   17368598.2222191        13336456.8888893        16249507.7777831     
   15155518.8888848        15711721.5555600        12620059.7777778     
   16714167.9999975        15276610.2222155        14650420.2222208     
   15579560.6666629        17325929.9999958        16534007.3333330     
   15618122.2222303        15024458.8888910        16164427.7777862     
   15303554.4444436        16600397.9999962        14202585.1111125     
   12653477.7777758        15831075.5555627        16667220.4444426     
   16315286.8888876        13584255.1111173        15633376.6666664     
   17936492.8888863        16759831.7777698        16690988.6666739     
   16303352.4444361        15431936.0000038        14801715.3333372     
   17373867.5555607        15478953.3333370        16534782.6666652     
   14839008.8888778        15003420.6666703        15106316.6666660     
   15265941.1111062        15539331.3333406        17821691.7777753     
   19031173.3333346        16000059.3333354        16759446.4444439     
   15302172.4444433        13656155.9999888        15073697.1111115     
   14775449.3333376        14533226.4444415        14854746.6666615     
   15775036.4444445        16633614.4444496        14904549.7777785     
   14052515.9999998        15010065.7777799        14876729.3333326     
   13792311.1111072        14033196.0000051        15801024.6666703     
   12633542.8888904        13504405.1111028        16468749.5555604     
   15839144.2222293        16338352.2222222        16793316.6666688     
   15492064.8888902        14199462.2222286        15212650.4444393     
   15723362.4444469        14598104.4444398        14736361.3333350     
   14949268.2222240        15383618.2222218        16257827.5555584     
   15066930.8888831        14236848.2222248        15941119.1111159     
   18094297.3333377        15295733.5555536        15805334.2222160     
   14829144.8888909        13222795.3333354        14405267.3333397     
   14671078.6666594        14328513.1111076        13639365.3333344     
   14933797.1111030        13948687.1111138        14251225.5555658     
   14020859.5555567        13389919.5555556        13805381.3333288     
   16699036.0000000        17982643.1111174        20378277.1111058     
   16528967.7777760        13527922.8888898        13071934.4444468     
   14573357.1111074        13991704.2222256        16193362.2222250     
   16852153.5555520        16062626.6666688        17016818.8888991     
   17023843.3333427        18474457.3333345        15247568.6666704     
   15862306.8888812        17969935.1111056        17606482.2222186     
   14742829.7777785        14383777.1111084        15605668.2222223     
   14801385.5555516        15182367.3333262        12141302.8888876     
   14399787.3333314        16079703.1111114        16831091.7777799     
   15197988.2222211     
   6199657.38110299     
   10032749.3098453        8689931.05946325        9658379.62788016     
   9407558.92507401        9411319.09508250        9083609.55136123     
   8062623.44390097        9113720.25825074        9714310.36145185     
   9102252.83189672        9340097.52546017        9260467.10076870     
   8964514.96065586        9540016.72093684        9799742.54423432     
   9682985.27701839        9722250.00780354        9313255.45523759     
   9469025.87411926        8990844.66516747        9546637.16544185     
   9432732.67984559        8953810.01668746        9204079.33410503     
   10479384.2208078        9705784.20455951        9541131.25636200     
   9902869.71523653        9111065.58272398        9471270.96576842     
   10020727.5159817        9693312.01541622        10008180.2524978     
   9203392.39081963        9901407.90914384        9141898.43432997     
   9416503.19530778        9611660.02060749        10561867.8439262     
   10135492.6002772        9677920.12013711        9797542.59209469     
   9760571.35841415        9739748.58810044        9145960.68430617     
   9839104.77770001        9221435.91179248        9134364.69431991     
   9305119.13164200        9175029.69042786        9749864.71682698     
   9033675.20990386        9130600.81860382        9450334.44145440     
   10358120.8560801        9574221.27323974        9280649.03818130     
   9462407.19710951        10254156.6912668        9803346.26797694     
   9837564.60456133        9637730.43382336        9195061.94987002     
   9515398.61333028        9456045.47708548        10309900.0818979     
   9243407.06439217        10010346.4555067        9547310.80907681     
   9465226.32379073        9495600.36027276        9780856.82881673     
   9199078.95109895        9841345.16556313        9847317.35103573     
   9279870.46880833        9214092.15848318        9244196.36782648     
   9450986.24029974        9462668.07421850        8980189.25302551     
   9143781.60021712        9476560.99346041        9748591.20401906     
   9678569.53097661        9078282.65615061        9153641.04684037     
   9269995.12910879        9159225.41503744        10004144.6471402     
   8310003.41894773        9491065.00479434        9407455.99024964     
   9361163.48458173        9188996.88997188        9113481.71860514     
   9466522.14592804        9476363.11684725        9051596.14655071     
   8820282.57769810        9095248.06710898        9636577.68935132     
   9344625.46369776        9774236.71206125        9223510.24683157     
   10066378.7333440        10516900.6596758        9609347.06537129     
   10018138.0838768        9233908.06539785        10013489.3953723     
   10119839.8505785        10289237.4785202        9574136.47956936     
   9851899.96658948        9945583.03109706        9867516.55911389     
   9728990.75923704        10349165.1203057        9177775.04328642     
   9689275.50273839        9640954.77268966        9283680.56863972     
   9723016.08122875        9610862.00352467        9524531.31770763     
   9016525.89239238        10042345.4700398        9486655.11353148     
   8480383.78736193        9723835.94471490        9130662.54701433     
   9738740.94651235        9581088.03708031        9283233.06320816     
   9729001.28936253        9632795.81809617        9649834.38144085     
   9894447.72280806        10303528.0680540        10497407.8861543     
   9765746.75853535        9909168.43376069        9892022.54855118     
   9340018.00705296        9094568.56424032        9497294.96331127     
   8847013.75035646        9398143.91943116        9648335.47243751     
   9518293.23003427        9765940.03757375        10129068.2554144     
   9416811.11163882        9710228.93516269        9508653.39613237     
   9454747.19323449        9085131.23297306        9832952.13867579     
   10190094.9004048        9887241.73959333        9095357.00382319     
   8997620.57329486        8999810.69373947        8763106.90060163     
   9365289.73427917        9139640.49603801        9879718.13284573     
   9965848.90069193        9475219.73063615        9663118.47908370     
   9349881.84831353        9491291.55072630        9631458.56206574     
   9475195.56419135        9807995.69972982        9701117.71752932     
   9820588.30811642        9837310.09716956        9405464.39140614     
   9696375.45312919        9533404.59518488        9221562.08542142     
   9202853.81099305        8980443.13428393        9413045.42798113     
   9407005.29315368        9558466.82726676        9593537.50080425     
   10136460.2736189        9751050.11649204        9721475.53544861     
   9920626.11457386        10014575.7966568        9348968.06929758     
   9469861.96980210        9387568.67050495        9425566.67797263     
   9544463.33773478        9771286.24953635        9666224.69129546     
   9216340.34414588        8803348.71696824        9242160.94636895     
   9463934.22582888        9686673.42587613        9658911.91172266     
   9609598.42801842        9880262.74749688        8931180.27649906     
   9268901.13252133        9962746.14806298        9960017.37935916     
   8785600.49916212        8543464.00162679        9387248.34233943     
   9458098.93024891        9267355.36077069        8990279.62565305     
   9867741.27363387        9154075.45888085        9585252.23081021     
   8860319.73646487        9463653.95139586        9627667.51710070     
   9147586.29531369        9518925.23476807        9704177.74848106     
   9912697.75521223        9532421.10405500        9214856.88596286     
   9587219.73969196        9612145.83215371        10104202.3978560     
   9745476.98086038        9631725.77525157        9054328.72384396     
   9854737.78867383        9815789.01655984        9456793.76897511     
   9026618.58341387        10031828.7678968        9632454.88369980     
   9585046.29917381        9474861.39610844        9400124.35553491     
   9860649.83335624        9881380.88465142        9875109.00548553     
   9648599.62298461        9743445.91153542        9765103.49023394     
   9498841.73673952        9141132.10287113        9662592.24572957     
   9253427.05846631        9788445.92089810        9925243.89332788     
   9603971.89942439        9281427.52111192        10119215.0684656     
   9934728.44783087        9554746.56235402        9345832.78291606     
   8949802.22649250        9577563.42937252        9840218.80434417     
   9801930.40122101        9678631.04342112        9955581.88567622     
   9255059.92351973        9801583.70299108        9795559.03073389     
   9393289.67932166        9378725.53276856        10469043.2844783     
   9870937.23223927        9527148.10546711        9908642.88176433     
   9708707.85092641        10026602.6980826        9647789.95745161     
   9343035.46422091        9242774.32034813        9363845.36132765     
   10001323.1061343        9971518.47029213        9494835.57931593     
   9623901.83737120        9506235.02535908        9851976.05751707     
   9862247.88927646        9603762.02301561        9545608.72222878     
   9365233.72323872        9215143.47689343        9427785.76150611     
   9793885.35747921        10009723.7279752        9172854.37396319     
   9573353.40306441        10051461.8742669        9077633.31809909     
   9180867.72614018        8857954.68885990        9849650.55762281     
   9992356.60539986        9396427.77965326        9640877.99443933     
   9977529.33178907        9080649.60120484        9197141.13783999     
   10343209.9252618        9733811.50717859        9464545.67275259     
   9781219.28525883        10541368.5544049        9244359.79781254     
   9096855.60780799        8892079.59122027        9540462.36550234     
   8655395.13000247        9675741.59699739        9757703.10915610     
   9667123.64955254        9594173.75821115        9831423.50401399     
   9414432.17967640        9507232.73767681        9697417.55985177     
   9617335.67538069        8938698.80345642        9867590.58629419     
   9169868.63742780        10246507.7059773        9504425.57094992     
   9736709.79449518        8764478.02591201        10271233.8094130     
   9785852.79788091        8773559.88168407        9614280.75554760     
   9247920.23255872        9517065.71311514        9569973.38651007     
   9922268.39928135        9636946.94645488        9646221.55108208     
   9432867.76220039        9021173.98093444        9369936.88274077     
   9825952.60320229        9644076.74760087        10417066.2481728     
   9478735.27606389        9529633.84955988        9961892.64188106     
   9555773.26322641        9590602.53079519        9174112.60956377     
   9066154.73420436        9245600.43167041        9635769.65465539     
   8665600.16475917        9016156.59314897        10261989.7161007     
   9479844.19414268        9566922.32174832        9920448.95779855     
   9610013.99266149        9513082.46292050        9474194.73798970     
   9409558.05717085        9019852.17379586        8850754.60687980     
   9762657.78170303        9883118.25699007        9945721.33876639     
   10294351.0901140        9798739.74846322        10149977.7507129     
   9334994.36070771        9549281.84574707        9761229.11987732     
   9852708.29571781        9531693.64826378        9770085.41131346     
   9605743.44695939        9782109.27618004        9446639.03367099     
   9441727.27578892        9553093.14146140        9333266.69985036     
   9321326.38715234        9359612.82117319        9496421.04053389     
   9922981.10400103        9301063.89497270        9458121.36311993     
   9804569.39612892        9598511.86821597        8836448.42624770     
   8711389.04858084        9239936.69367586        9370942.77178044     
   9332532.15629616        9187042.52380459        9696185.82315980     
   9391041.46490862        9617664.01816424        9933631.33140291     
   9609036.88245495        9754011.81940982        8999051.05730034     
   9721085.42115039        9400729.51513506        8707396.10811810     
   10356758.4872379        9177819.82756952        9402120.01770659     
   10533613.1330288        9845428.35170489        10308112.6502185     
   9432055.22797918        9704094.60745206        9765942.76481540     
   9638159.12454120        9818272.62175645        9956892.28662662     
   9644390.51149311        9624298.58783102        9773858.11790393     
   9536402.86282761        9628032.53795645        9075068.19577621     
   8910085.62109572        9404647.11607388        9652585.04631817     
   9479667.29232244        8964948.22973265        9686846.37863342     
   8841329.25564271        8825695.67489054        9201841.57113674     
   10016436.8585456        9901406.00812151        9853993.25467472     
   9804773.84492015        8782528.70928968        10005751.4188856     
   9502106.11092493        9879739.50825379        10354865.6946332     
   9840786.52606241        10449757.9070332        10030987.2296755     
   9123394.96075721        9175454.84896196        9342020.34553124     
   9115120.03589502        9783217.97033732        9239827.74618582     
   9772831.45867501        9480971.04378128        9576875.41830321     
   9668951.72137160        9373724.15845630        9237670.97834951     
   9466223.92182006        9900240.96671639        10018838.4407862     
   10415826.1860412        9414009.79450095        8561307.88214833     
   9654302.96963789        10245733.4010411        10434285.1953259     
   9546041.23615512        9616883.80504020        9171688.64830168     
   9526843.80332744        9768040.64827786        9002905.88292926     
   9289160.58555629        10045008.9803238        9605839.83520004     
   8869802.29687924        9243915.50359130        9656163.38743739     
   9512816.93352669        9786685.24619940        8348494.84087828     
   9627470.45507060        9861075.24351861        9443973.29572220     
   9593770.95120861        9523651.06360422        9523853.39074341     
   9510258.37119978        10141482.5556376        9279354.89193737     
   9831562.66882610        9576724.23507533        9845732.37323470     
   9953895.64182756        10264709.1872494        9697851.86431388     
   9332625.81181722        9709815.91609668        9552468.09571086     
   10118672.0443415        9352952.14753959        10246024.2452095     
   10359447.3963631        10118623.2530238        10006501.4248097     
   9405380.60035339        9897105.15950153        10118495.3170966     
   9964124.60330811        9571111.12177454        9802740.53188054     
   9116730.40636883        9320885.43857756        10017223.2340818     
   9969292.02487827        10018827.3345502        9137367.60796779     
   8994223.20347965        8736692.24059685        9716015.75002298     
   10111746.5739688        8802177.68937632        9362308.91264859     
   9515334.79156037        9547333.80061182        9963587.07096800     
   9737167.63173320        9712265.03686966        9698753.81930575     
   9877552.15288230        8454548.15834355        9622958.91810999     
   9521775.55366108        9770873.38132982        9145465.24903263     
   9458585.03499629        9749347.30112175        10068117.8916649     
   9784702.45615445        9670887.73270738        9245946.39116656     
   9249249.43402394        9751944.05156896        9734990.21414779     
   9394826.02992951        10005326.1129109        9811281.25212535     
   9850670.97340748        10877446.6889039        10403610.6055722     
   9296772.98603841        9276588.54486441        9445937.07565070     
   9158232.81089646        9708355.00670300        9695839.96640762     
   9883969.70208473        10046937.6051214        10085162.2589307     
   9729679.10450258        9530493.53113107        9373705.74148923     
   9108354.27925294        9666906.56451911        9656127.59196073     
   9984194.69574015        8991775.14674043        9439677.04801738     
   9720624.03484665        9504862.87745750        9486078.35559127     
   9657047.39071230        9807938.69047967        9318291.28531234     
   9863229.29459169        9692343.04403376        9569299.79961403     
   9260990.15184446        9058401.58623923        9389523.32224425     
   9522788.13293884        9656595.66315255        9348172.91563450     
   9428729.60402248        9404412.92576284        9745342.24099536     
   8882845.60440283        9368264.20564678        9253469.65235853     
   9134558.41911221        9842337.26311070        9999939.48485746     
   9849439.08533543        9820554.02952035        9881324.84389339     
   9711691.61682909        10425864.4174982        9548076.43388059     
   9247948.78834045        8947307.21014293        9247077.98300332     
   9631005.11602989        9379726.68323280        9953199.43070513     
   10374807.8919906        9905877.69637536        9890296.84337960     
   9454909.99737767        9455052.23246421        9203773.11665513     
   9417600.79104926        10209666.0400229        10240469.2613123     
   10484780.8142995        9395244.05358509        10141422.9153827     
   9389661.03820513        9529113.58814078        9150453.72856090     
   10090898.4572009        9775953.86092589        9279731.50718676     
   9852329.12343761        10278039.8156019        9988867.64203062     
   9490917.93244300        9034187.34143262        9108174.61630040     
   8786986.31841260        9643396.56327668        9114472.59157759     
   8590455.03563405        9451442.23518732        9369878.97555900     
   9441074.01591958        8569480.68304661        9991111.55538761     
   10151876.8145513        9967250.82260769        9864744.08332746     
   9654920.73145324        9365845.43478047        9428363.35415386     
   10268801.6500435        9508344.96470646        10049072.8637146     
   9466004.35126991        9649836.14809495        9250114.05243028     
   9085984.00113799        9636587.41345111        10489998.0914042     
   10753100.6042912        9735076.41919749        9311758.59843438     
   9222236.29685363        9376250.43267838        9665926.06083238     
   9229757.07037706        9412620.74489496        9372355.27790967     
   9208668.44599658        9384742.81347288        9483923.33580241     
   9119816.64440337        9871542.92931288        9745629.83806022     
   9497398.39666887        9420862.69820097        10169012.7622442     
   8519933.71605513        8778348.77992919        10332627.2333196     
   9664809.80548768        9649073.91141159        9986980.82793921     
   9547574.77452976        9830443.25310222        9152357.37423246     
   9929999.87539791        9002818.49281844        9098601.03150188     
   9513214.75237198        9520752.06939554        9609003.12919908     
   9956062.18233233        8757602.70863403        9158611.46510833     
   10314952.9481503        9428723.59670143        9971426.59474141     
   9353064.46673738        9106329.69531871        9412496.54927637     
   9704414.77415506        9277529.09055394        8847822.92315032     
   9846432.34626804        9017400.32323792        8997112.78071928     
   9121942.39189357        9082505.54399069        9128462.35577499     
   9532730.94650758        9673519.00541501        10272966.7164331     
   9864975.40632113        9433816.20074073        9282245.09900784     
   9429598.67040499        9285446.62353922        10104362.3229579     
   9719051.58303827        9721721.72985153        9598970.69451886     
   9885320.65738973        10974156.6053329        9790349.31041693     
   9371786.75548963        10198316.0813697        10224345.0492129     
   9497312.19401637        9285636.41783500        9837099.60377074     
   9876933.31914293        9722615.56714706        8543294.33429500     
   9353319.32655827        9804631.03234926        10087423.4422124     
   10059150.3515923     
   7818.87237944641     
   13536.7897246344        11105.3246723451        12867.5483349103     
   12255.3647706987        13233.2960684403        12708.5316340889     
   10865.5051313291        12117.6399195101        13158.6714766277     
   11760.7350624754        12209.0498720127        12542.1694702534     
   12317.1332055866        12849.2946605859        13005.2844548468     
   12813.3340853345        12832.2108427911        12187.8467135167     
   11562.5069955881        11672.9419027935        12422.1998135790     
   12261.4042114732        11871.0450074542        12106.9787191526     
   13768.7683420412        13208.4579886893        12802.5818225807     
   12892.7030433954        12282.9186597200        12775.9103712145     
   13794.4264792245        12434.4540027130        13409.3449047261     
   12194.3036334147        12331.1899440847        12452.4462001045     
   11928.9746990710        12796.2639412316        13972.6118337959     
   12740.6583255029        12867.8078385393        12148.3151683520     
   12831.8239067806        13340.5328777215        12245.8423057003     
   13082.2123356221        12183.2138878704        11919.9112465319     
   11702.8852977951        12442.9077295542        12826.9594580565     
   11114.3942219672        11475.9856512885        13171.5980040668     
   14176.5905289810        13092.5848340200        11743.2020183265     
   13851.4964843001        13434.3249896352        12863.0732024647     
   13100.2561565831        12512.2074173138        12207.8487827527     
   12815.2549811002        12301.5998916521        13420.3356568949     
   12207.7431692617        13161.2092477821        12258.5042284212     
   12710.8532015688        13116.2007607878        12994.1797560882     
   12530.8332974727        13131.7648530336        12852.8245406841     
   11672.6554564919        11868.0359167840        12309.2860866528     
   12717.6430895860        12725.3565479213        11393.5320136869     
   12703.8926489749        12759.3754596063        12944.5428420113     
   12541.7699983907        11277.8167137151        11459.5557059112     
   11860.9253668677        12231.0180190520        12841.4666973665     
   10721.6955216627        12058.3323680068        12099.5422606735     
   12103.1099055955        11294.9181301203        11716.9226566184     
   12638.2121331212        12686.9144365231        11275.5198538705     
   11584.2488696096        11948.0779854005        12178.5153789771     
   12097.8937275899        12901.1469086635        12321.9102873919     
   12701.8294896855        13753.3463358405        13357.9055472652     
   12743.8130996480        11596.5149991601        12722.7566659425     
   13440.4477849556        13362.7350042578        11580.6232973221     
   12548.5180091655        13104.1597615495        13107.2582795440     
   12258.5417473338        13227.3903446876        11651.3155748489     
   12335.6455928597        11870.0800502447        12145.1878276418     
   12884.9363442998        13071.4388617006        12763.2420558980     
   11528.1420172229        13607.8016798967        11896.2366228056     
   10830.0216819446        12238.3052786099        11994.9615380996     
   12272.9007408976        12869.6199687358        12521.2153044856     
   12135.6409789675        13012.7916514737        13386.2000103536     
   12770.4148070490        12772.8662389417        13824.4233877482     
   12646.0125681758        13197.5126229232        13247.6973329426     
   12000.2987500308        12538.4838832017        12224.3438112584     
   11220.1816364525        12093.8176788614        12482.1415745622     
   11754.7084539392        13498.8009000289        14047.3897236646     
   11855.3378723080        12120.8437934597        12164.2295218263     
   12507.0839181893        11656.0544896805        12834.8756718243     
   13453.0247354683        13547.9136481981        11496.1122958110     
   11450.1530959806        11435.9074929065        10677.7473525204     
   12042.7496211982        12523.6397867692        12884.8680220189     
   13415.3483906499        12828.5882379305        12382.8853071558     
   12683.2732429542        13110.4130925396        12160.0725212318     
   12963.5346448666        12893.9621317907        12244.8933911591     
   13100.5313824910        12809.4382478146        12663.8509239712     
   13335.3835124239        12405.7691762768        11873.9169264881     
   11827.6446614482        11345.2920068314        12514.4753788880     
   12542.9181232758        13005.2768049460        12762.1654039860     
   13487.9296458275        13303.4194633441        12755.2458053873     
   13575.7759315576        12620.6848885113        12034.1185134463     
   11802.2879471145        11879.5123286503        12092.1153161924     
   12546.6311414282        13293.9915247225        12814.3504143969     
   11920.4264649789        11524.0880136674        11976.6029887688     
   13796.9786362204        13372.4336408990        13501.9864820393     
   12287.2441095463        13810.4850070952        12520.7610103005     
   12509.8798278321        13600.5372457082        12944.5248943594     
   11329.7536981953        11435.7726095067        12500.8030877304     
   12307.3717740238        12198.9779626038        11913.6099401175     
   13020.5830774238        12133.8141061714        11500.5058513671     
   11020.4587542976        11562.0300009939        12405.5957779793     
   11485.9627841805        12222.1145260497        12851.8065581699     
   12785.7112065733        12784.4279233796        12045.9706919953     
   12716.1912701023        12987.4933973023        13109.3184734448     
   12792.3970045923        12560.2403091039        12079.0883065803     
   13029.4893014933        13097.2673125579        12279.5764913683     
   11590.9965003738        13055.5337320045        13442.2240249359     
   12689.8132745498        12262.2067028271        11845.5212962141     
   12655.8185658704        13069.8392510278        12628.1220328818     
   12820.9309418261        13207.3500400777        13191.8596283960     
   12255.1251691262        11993.0217233210        12325.1134411287     
   12249.6833772437        12577.9839167797        12851.1476343706     
   12097.2701018404        12399.8264922386        13692.6199792535     
   13254.7060227295        12339.2621239578        12081.1666878495     
   11794.1948598945        12428.2810688343        12352.4769094211     
   13022.7230040849        12449.1638157170        13233.1648909071     
   12446.2567129959        12502.0766909858        12638.7390128874     
   12510.4640054480        12473.3585025046        13494.7681764619     
   13280.4682063402        12826.2219937220        13409.4994228060     
   12651.2802989411        12562.3110941157        12758.8251413551     
   11338.2931585781        12088.3641949312        12025.1148984062     
   12978.3431902801        13050.1120716552        12305.9436998992     
   12653.2671501273        12621.5982409754        13427.8065158205     
   12592.3768248203        12325.8028365796        12754.1964493566     
   12018.6176841970        11728.7637148908        12208.6717694287     
   12951.2294256143        12905.7152551734        11304.4903903103     
   12067.8317666479        12607.4836450978        11309.7675378004     
   11990.1816695252        11556.8430471213        13265.7730936251     
   12979.0545111646        11826.2919049406        12144.1846231041     
   12566.1819339061        11496.6575104807        11550.4801103738     
   13496.9243547727        13351.1598928360        12852.2704104082     
   13213.5366222837        13607.2339144104        11916.6521074150     
   12083.9753355309        11816.8999558067        13136.0505541927     
   11790.9466064124        13134.1170501228        12230.4606526644     
   12091.9541093163        12188.1956508396        12867.6521755459     
   12628.6015318866        12268.2364008741        12191.4122891059     
   11735.0874415963        12518.7333638946        12618.1063184914     
   12051.2961331746        13064.6373753013        12225.1674287375     
   12606.1871587583        11469.3322558343        13419.9272159435     
   12543.7657798165        11547.2116468019        12149.5160420459     
   11407.4353590732        12160.5047568723        12997.4122126373     
   13832.1320145320        12971.0674129640        13221.7851032910     
   12179.9951771987        11640.4445695271        11966.4599334204     
   12486.7726321404        12875.7501936580        14180.0612002460     
   12988.2469948624        12182.8239279482        12611.6770969280     
   11914.6366227205        12582.5261365352        12019.0886305120     
   11562.4277991505        11444.0614989688        12012.3216850114     
   11310.6146697650        11945.5735967576        13372.6577359438     
   11989.6534101641        12425.0772938710        13919.5992749551     
   12854.6914766564        12692.5620147478        12167.6844506190     
   11741.9257260761        11416.3293373453        11415.3317222545     
   12698.4310188004        12994.7005597991        13449.2587972799     
   13370.3717037010        12987.9996901246        13575.1148497161     
   12399.7862055955        12741.8366912488        12716.6491892262     
   12315.8754100245        12510.7099398961        12860.8598528124     
   12271.5072394818        12396.5568084068        12284.2163140493     
   12256.6776045922        11866.1887158814        12286.5905030803     
   12472.6504697238        12275.6839369489        12559.7272601516     
   12780.4921038882        12532.0832125545        11814.0639587470     
   12346.4182186606        12266.1678115695        11252.6204874934     
   11472.0116642222        12348.9681542618        12348.5723453734     
   12299.4030775318        12668.5154548081        13267.6136024758     
   11967.6425834057        12144.2797318809        13089.6879934741     
   12934.7802672200        12484.8697957422        10975.8389377124     
   13169.5954373236        12048.5561290377        11381.3760203154     
   13643.3469835165        12235.5369476670        12843.0307472782     
   13707.8753172749        12762.6128097461        13510.5512493269     
   12176.7092215212        13139.8334074440        12748.9899809669     
   12932.2560281373        13017.9256671774        13158.1640870893     
   12379.6238397729        12831.3500758237        12970.0403656329     
   11821.7795995764        12776.0143358620        12002.3048837337     
   11796.2617056634        12098.8777366582        13141.3569296970     
   12215.5095629486        13011.9835274464        13328.0401573352     
   11567.6973345641        11343.3763896494        12258.6880778539     
   12802.4712931066        12230.4344712984        12568.6216305299     
   12504.6903212814        10949.4372606652        12507.3199688121     
   12872.0364375930        13134.4657980177        13314.3753921304     
   12525.1898629406        14190.8379765776        13574.4393974852     
   11941.7707069095        11686.2112948964        11815.3593830357     
   11899.0714424179        12610.7353535004        11830.8085429347     
   12515.7409896781        12774.0232027591        12509.9411348398     
   11970.5765404014        11960.3993521740        12388.0488436669     
   12990.0027889084        13093.5986251812        13579.3460183152     
   13902.8896769035        12125.1604860384        10723.7027418772     
   11942.0750150843        13883.5854746238        13130.1079971386     
   11884.4757871105        12569.2395865408        12077.5517633295     
   12021.0641298758        12487.2740400785        11406.4127377631     
   12381.6521492340        13412.5172393636        12603.6959534012     
   11741.8984618420        12234.9577671281        13899.9034599313     
   12918.0152445584        12789.3726390909        10310.8824510945     
   12360.5699750826        13510.7443276462        12428.9683948026     
   12277.0668276143        12387.5619479812        12499.8809710685     
   12513.0613306276        13276.4325148684        11783.5428868351     
   13048.6807581552        13050.7134148130        12711.0842057249     
   12820.8113998463        13679.4565645598        13276.5347680142     
   12176.2435828984        12913.6386156626        12516.5106434333     
   13231.1551042139        12415.8092893358        13288.3714006575     
   14108.9089857111        13984.4794939501        12985.1009450027     
   11886.2752121621        12712.0347743012        12636.2769160585     
   12704.6425500855        12057.4954122610        12670.3947031497     
   11925.6465387998        11620.0327536788        12858.1923145971     
   13593.2181003686        14546.1628185254        11938.9423999651     
   12482.9442082749        11312.0986712422        12204.2724849408     
   12776.6685385021        11044.5717709059        12066.0994620895     
   12401.5681472302        12331.8527745284        13356.4301607554     
   12780.8741634711        13206.2770538889        12672.0514142251     
   13112.0402724451        11013.5593032450        12719.1485096740     
   12148.9842446311        12890.0876545222        12085.8294543723     
   12130.9036391160        12458.9978943173        13641.5181348649     
   13159.3416237784        12678.8063477344        11955.3329821328     
   11482.0816289180        12247.2248827025        12495.2498090146     
   12727.4860110280        13191.8065720006        13396.1609455627     
   13110.3991457905        14252.7506150377        13340.8494617297     
   11663.1825014575        11956.4857806148        12612.3034333244     
   12181.8246190926        12099.5711206511        12210.3081571940     
   12525.4406777509        12885.1793653854        12352.3244967321     
   12750.2537191702        12579.8025371064        12240.2837143406     
   12755.2395308987        13257.1575947512        12428.0898894248     
   12743.2784006751        11675.7387431323        12763.7351709033     
   12514.5962237732        12356.0311476093        12505.8938385160     
   12178.1057657402        12750.5734226755        12447.0358751107     
   12546.7928296181        12696.9838624847        12609.3952426050     
   12230.3075811775        11189.5497775810        12224.9969795888     
   12700.1449277605        12478.0207302901        12302.5402863279     
   12648.9664632791        12913.8681224556        12494.3786292266     
   11416.2967895825        11895.6071330660        11885.6966254486     
   12576.6463263112        13155.2573936719        13435.0979317309     
   13423.5109770263        13528.6713315504        13181.1661174722     
   13040.4219794360        14032.0807476634        12670.3376911854     
   12836.8338936927        11765.9647436688        12077.2432355463     
   12154.5738421116        11665.4072848974        13794.0252627675     
   13831.4358841275        13017.4963928516        13361.2546135213     
   11766.2854695574        12474.1878976802        12347.1591159004     
   13000.9478173021        13915.8992939764        13831.5206139495     
   13846.7557476434        11498.8484563702        13005.1762523504     
   12326.9661084973        12691.9118495468        10975.9073197572     
   13576.8367266347        12847.7268663073        11843.1909917807     
   12491.3315350447        13921.2557241088        13376.9287182453     
   12548.1679057239        12091.2734696531        12453.6455676067     
   11757.7695227511        13281.3925108709        11926.9641751348     
   11344.7701567944        12927.9418289247        13230.6150707059     
   12941.0822285526        11024.6859197719        12768.5980566062     
   13950.6220025280        13422.9701685987        12920.3853919608     
   12923.1193016810        12822.4959196947        12367.4264493002     
   13271.8807374228        12550.5236414046        13145.1644140433     
   12120.4118690281        12104.6442763914        12049.0070892562     
   12180.2000491464        12678.8486906648        13947.2670954420     
   14672.4522915180        12651.6880076145        12877.4782308642     
   12149.3444466533        11757.2150913961        12767.5787940511     
   12281.0930035274        12350.6790777205        12415.3857497918     
   12635.3794848409        12474.6765809148        12207.8159903654     
   11759.7084868720        12699.0764001214        12363.0676716338     
   11895.2214175935        11940.5926394310        12737.0788298313     
   10857.0436145830        11253.1632395209        13118.9797990448     
   12953.4561873099        12794.7470570223        13240.1659166228     
   12411.0473595286        12072.8770955538        12194.6851858366     
   12483.5174072537        12002.7315542953        11836.1422820591     
   12243.3572259867        12390.2713456867        12863.8203523787     
   12540.9977266589        11337.0676445724        12553.8683553015     
   13996.1970558524        12579.5823349124        12971.2536469715     
   12071.1635210803        11412.3694229977        12060.7230703715     
   12162.6613668380        11955.5264247722        11621.8123724930     
   12456.7639989478        11865.8625987089        12037.2547747567     
   11489.4589867098        11365.2137035767        11710.3258853729     
   12622.7903597395        13560.6064075916        14778.3075698886     
   13226.2226289432        11471.3366300917        11443.1838997545     
   11799.2815247423        12170.5941885529        12786.9629718423     
   12668.8033495029        12661.0722758336        13295.4631730873     
   13137.7467680112        14695.0328541673        12337.9281344682     
   12661.3598833537        13765.6293054078        13713.5099581438     
   12410.6707808830        12131.4712720371        12740.8950944432     
   12610.9968990776        12476.1045873459        10581.2403843458     
   12160.1240676867        12928.1998121765        13095.8993708910     
   12605.8200838740     
   733707.000000000     
   18578.5185319150        10760.1970201088        9602.22604477741     
   9258.15000458298        10048.1364178421        10162.6060992097     
   7986.30118948650        16088.9415282595        12462.6528754060     
   8142.13402284929        13406.9972151773        13425.1470243199     
   9300.79078289463        10693.7886345866        7530.48921246925     
   14844.0825690981        18352.7732349710        20544.5036036032     
   7584.43134709483        19195.8750834745        22673.9872665528     
   14161.3416119319        13648.2807027641        13243.9871280956     
   19965.9361627837        18779.0776806649        13072.5973154678     
   13431.3472696792        8832.46558342505        19481.0769756894     
   15951.3336585285        9322.99893445417        19061.5364340238     
   6582.58442877191        16187.8354417397        7707.51561178733     
   7143.76299965201        16768.7890375914        11586.7460923653     
   13271.5594313221        25200.9724172092        16860.2050793960     
   22629.5333861892        8387.41948698615        7609.55173511099     
   15295.3195165852        7074.46116629554        18788.5001747487     
   12217.0010331343        14856.2482020379        21176.8628700698     
   7178.72862575379        12152.8378879771        9205.07214658324     
   14258.4881835381        15127.6686397952        10266.1126194648     
   10449.7526138328        24623.9362491073        17382.4066533131     
   22564.9568913413        22710.6438686617        4948.35006104888     
   12588.2923927314        18816.9085716675        26308.0731976612     
   14325.8641831088        8531.45306554403        16332.1226666987     
   10408.6243196163        10407.6848885013        16532.7287870043     
   16461.8393150634        10348.8013462106        14348.0911232906     
   9942.66648655664        15051.5089592989        14873.5619174881     
   18330.4335630554        10916.4432031622        5209.86889485362     
   6221.50468539526        15329.0450936151        19211.4978229176     
   8934.45022527375        9977.35967763506        11477.2835788409     
   10388.1822985531        11191.4334791566        16158.2715445495     
   9951.54411059377        9512.67007658068        11599.0902172169     
   15537.5894068427        9566.56523965051        14262.5559202663     
   13576.3766452190        14075.4400307727        14349.7163391197     
   9555.64905009375        11543.1752772498        14443.5842961344     
   21490.5295250704        12472.6578167812        9760.73625681806     
   19186.9410935705        11469.5990323198        29856.8024176570     
   6871.63798855847        9076.28553502245        18382.2713719832     
   9137.26400869967        13442.0286014572        11453.3844512743     
   19172.7087121776        18792.0418300524        8503.42044107125     
   20058.7613512608        5710.54810192517        11250.2982328250     
   17338.9109926867        17510.0189759801        13904.0784010783     
   15177.5148547592        15431.4900567102        15922.4273631187     
   9270.15593423319        17785.2535040644        12904.2700482750     
   7908.15930933750        10850.3166469745        14460.0994951368     
   14765.8373515265        7543.59427652405        16115.7998638385     
   12177.6670523476        7579.18932147291        10108.6639645842     
   16008.8456313912        11030.1519453266        23773.4880492841     
   11165.8715585164        17486.0728768577        20967.7079266174     
   15209.1267117803        10457.4277660426        16363.3587512738     
   13104.9701116921        13739.4618867899        4859.69594672258     
   10592.8937328314        20569.3327679737        13802.8828813662     
   12835.6258166990        14276.9386106375        7102.28711592301     
   12201.3688993800        13571.1534082194        12382.1436288471     
   8431.53517214841        14389.0033483506        10151.1168566728     
   11910.8967986097        10787.9947868028        12274.2687539071     
   14143.4078719458        16294.4045074299        16150.0233393594     
   13678.2767382673        24492.2561897121        16493.3196517284     
   17129.2111791876        14182.8451901552        14256.4026464628     
   12436.4991131633        18449.6285829316        13211.3231082257     
   10893.5398725775        22352.6266707201        19006.9930634846     
   14930.3129511476        7283.88854477133        14030.3849144954     
   12187.8035140788        9166.79032864537        10676.0239922012     
   14096.1075153035        13674.4908308737        11341.0754614713     
   19614.4949826473        8690.95907456662        15182.4186851797     
   6851.05505282795        7066.91753444177        20742.3008248748     
   7000.41520580811        8456.38312514121        7816.36749508698     
   12434.9678404458        14269.0567835823        14707.4235247933     
   13334.3885842959        8878.74196015190        4424.64539734770     
   9871.57033977044        15907.1334245659        15847.1507478706     
   13037.8195755890        24555.6771842885        8163.28061724883     
   16641.5806703039        20492.1397132509        19063.7816743888     
   11859.9138719965        4506.52621333456        10701.8677421760     
   13207.7532699886        15602.5510684477        16332.6205651897     
   17591.8434261000        10670.6034746674        15661.0118667366     
   4798.26654611014        9062.80469852163        14119.5181386903     
   8452.82268121521        17628.0209183402        13051.5070869352     
   12220.4957168822        16849.3734386395        11976.7884970186     
   14993.7715229686        11689.8674458632        14687.6672884440     
   18962.4452400095        11108.6602036104        8539.03427464240     
   18397.7156195145        16939.3615451492        9656.10241922494     
   17333.6689670648        17755.5205092734        17886.2047716865     
   12468.0358156952        14991.2350589580        8919.72933970108     
   12745.5061898333        11871.8728300910        14918.3915702978     
   23297.4125431155        19239.0325488994        21651.8298475228     
   10648.5550263975        6921.25874005487        12056.4898328186     
   8787.48562163695        20342.7607716484        12515.7401277169     
   14571.4972367582        14041.5171732086        12945.7459320040     
   10746.7349722303        15802.6217130177        6449.18521043627     
   9773.17432478118        17766.0609263841        19754.1226292757     
   11826.8928683029        11597.8971397008        17525.4350405779     
   18960.3878858675        7219.56569632457        18739.8094600562     
   15489.8005460207        19787.0121126132        9648.05149456905     
   11128.6888749831        4936.48504606592        20573.2971672791     
   15269.3536405655        15725.3441094946        9058.61483574855     
   12325.9092823008        15309.5237150445        13107.5441529473     
   8787.30712972509        9544.76104347043        8919.21265258781     
   16951.6962756897        10202.0528117303        11282.1543419360     
   15509.7916401487        13885.6843398458        8222.88752149810     
   3449.96682687173        16564.2936724696        11869.7215328375     
   16229.3770856468        10467.7427196858        19069.1552203668     
   15575.1666514443        12660.0461412981        13839.3985688078     
   11832.6985525938        13269.2484307791        15936.8476307346     
   13036.3164858050        15279.4901022967        21253.4922661236     
   21663.1312038367        9872.44401070743        19860.8701868777     
   16553.6593122474        19169.7870814099        16718.0033915124     
   16026.3660216867        22622.6003845602        11207.7420033137     
   12771.5096430976        7175.83517791947        16231.8947610351     
   6429.26927079743        13175.7186689657        11655.6345760312     
   6223.87205180516        13195.7097630938        13901.9834696917     
   12121.0099617995        11443.5673961221        16366.4494796422     
   16654.8642262706        9224.08623235164        16175.5946543108     
   18304.2985894350        23013.4882772170        9905.24894524461     
   15382.5738785500        13914.6563954336        21217.0329445489     
   7234.38052500874        8773.30021179985        14755.3814832161     
   10578.7834774835        13211.5767546268        6499.02203108913     
   13905.2620842832        8841.32441883987        12620.0545587309     
   11441.6039850917        10404.3217251094        17804.7936712572     
   16733.1188381534        15672.6232353185        7895.05424528270     
   9301.85234005462        14161.9428478455        14420.8782460839     
   14177.7252905782        19152.5954920046        10169.6800155060     
   10498.8754668382        14175.4424729686        20509.1246278108     
   8207.21781049924        3288.37528077376        13881.0717330710     
   9142.92877832336        15306.7336046329        12905.3973656130     
   6045.25801390266        17296.3923404200        9839.98666568281     
   21005.8582241992        9820.85984818060        6943.48568023670     
   18175.5589494299        14354.7892671409        11575.3132156953     
   8028.55680104099        12373.8296634790        11665.5549686060     
   17202.4680175384        7875.72075293518        20738.8531126826     
   11582.7065385706        18198.8098695271        17766.0797150064     
   12450.9945352684        20058.9116602392        21563.7581804878     
   10396.1862516532        12900.3244375918        16480.1957990512     
   12414.1406526253        15411.8371577835        9131.57105614253     
   12570.5371446572        6985.12126725526        12657.6505919548     
   18269.0323453764        17387.1977519998        15800.2731352301     
   7819.74944710112        24240.0565125686        12169.6161276917     
   12931.6544652784        12382.4818240485        15551.0326660990     
   20724.8931663131        10257.5356133845        7738.33834667178     
   13463.0906470564        9919.31222903676        8337.15992233153     
   13012.4455411718        10729.7218747369        9197.48154317372     
   18364.5818840870        10069.9406140222        18339.0293577580     
   9083.60370340861        6946.41670531563        8496.27137028579     
   11435.6667804446        12418.4902186880        12675.6031205632     
   9414.81893163815        10233.9371037747        11717.9282532694     
   23747.7006651763        11183.0819365439        8587.61225760110     
   12431.0785956295        10535.9172357042        8967.14242807714     
   6335.00675271435        13109.9866738464        9486.04659878046     
   16952.0814424468        11072.8115122605        9277.50228555280     
   9281.92700610463        12061.2151713272        15632.4061892837     
   13898.0190703863        10611.8984242886        9496.40852397934     
   19026.9653689904        10732.0328752799        17321.7100089703     
   12677.7732064389        19930.3599064571        17664.5272114706     
   11041.7821025308        14162.1119454462        16404.8252406916     
   14193.7331967785        17363.7683399907        13419.3037627844     
   21299.2237728038        9172.51146413596        12186.6949853631     
   11016.3892794912        17937.2910357224        16262.6517357415     
   6099.60410390771        14540.6275303180        7921.34892219266     
   2587.50330308725        19670.1468819023        4964.46130467181     
   15451.0584068364        14552.7837689466        5875.35250243658     
   16826.7237544559        18597.5889835503        14503.5481842074     
   11993.4164277548        13092.8326616858        25228.7983668367     
   11437.9120208096        17929.8695299136        20550.9481010524     
   21388.5542775329        10351.0465865755        10861.7495236446     
   13689.5405173367        10513.1642140979        10911.1729946068     
   20792.8797961085        12350.9826987612        3334.50134852220     
   15852.0827612246        13521.2602216996        17502.3720067036     
   17202.9095501624        8143.71226712255        11178.2062890568     
   11068.0298078850        16098.3170507876        9473.70247392883     
   14151.4494022905        11607.2726622289        9226.01206613747     
   11037.7237601138        6610.71099635620        14915.9960209544     
   24160.6276117920        15685.6531448841        15228.3380780828     
   10428.7187511670        13044.7243942846        13456.4300804507     
   17019.4292590840        7898.34225418534        15680.2608102838     
   12316.0546499041        14201.0983367204        7101.55435965328     
   6389.39041996400        23132.4954108703        13069.8447823007     
   16805.1825989881        9187.58933353235        12769.8938215797     
   14698.3110429774        16623.0550887153        12304.0675088761     
   7145.75459361590        12363.8810879707        19134.3141625060     
   14852.8568557126        10294.5210163836        21187.6005677147     
   11753.5796640852        11629.6029398334        12727.9764052267     
   13094.3357514698        11065.0330226280        11541.6721874657     
   16001.3019995375        7331.44254781464        14858.5592025809     
   8429.91935063054        25256.1452065955        13126.9809827175     
   16595.4170253109        18539.1845511283        28775.7802449586     
   15394.5798082002        17538.0046288971        17371.7535044685     
   11571.9594466146        17366.7181536919        15053.2563011729     
   14163.2956286512        15240.2782475550        14259.4464032755     
   14270.0150033197        10603.7629508324        14756.5557721099     
   10086.7376423591        8162.77332444671        15848.9544556115     
   5442.02111200223        10959.8824979216        11318.0969763974     
   13288.9764841949        14831.9639077141        12781.0072916706     
   22847.3780674557        11517.3221329639        7734.12030096525     
   19824.2135847688        12050.9941607956        17362.2934331401     
   14748.8994085223        5440.27377012826        20715.7806844972     
   19991.6108151577        17517.9477745910        19721.0546540263     
   10473.5859812213        12187.1647009206        8449.57224955717     
   6868.27482516663        12014.6287823324        6325.07696582838     
   14055.9750180690        11139.8962881855        10290.5660113893     
   11327.3879501251        18774.8502406472        15278.3346020252     
   17412.6187579727        9447.24809372932        14898.1092525241     
   7174.45421418036        11775.8911530674        15244.1299151266     
   12600.8901639841        12245.8415683660        11681.4783260059     
   9183.19279591396        19507.3340753548        14867.5307697295     
   11693.6345646345        10694.0610696100        11017.2159788725     
   8658.03201398448        11148.4920828881        11143.3064231331     
   9068.05611845470        16666.2407370737        11482.2907466840     
   10967.7361420433        9266.89610826400        16028.6394449851     
   11644.7747523413        13837.4539463997        10251.6547746043     
   10899.8716382929        18537.6626727220        13864.4250137125     
   11048.4332748253        15141.6849520316        15401.2967406728     
   9127.63483977052        8214.27293817318        6927.36504230262     
   7375.43610693195        15448.9165038941        5570.24406489400     
   14615.7162593431        14311.6505903382        24752.2343564882     
   8908.55010943211        9996.77771878293        6302.97215169150     
   7924.07327242628        14841.6870197548        12156.6613726153     
   13527.3007637693        13464.4997937289        13641.0846604229     
   16924.1051838410        4286.97176743864        19970.0414767564     
   12625.9447918222        13529.2359918663        9430.42288245896     
   10722.0842997716        16606.5117067795        8589.61324587614     
   10523.7797856979        16994.0928019114        12820.7076505922     
   12560.8985814168        15180.9343840179        10297.2171836838     
   18570.7118593491        8788.94173986526        14422.5504334687     
   18668.5911872250        18165.7606829001        3357.53619946298     
   10528.0260143379        10250.8280752231        20859.4290962979     
   12427.2081394355        10724.9213817390        16752.3771760117     
   11181.9640135170        3359.67810240527        8382.51565656564     
   12038.0957715861        11826.2634494558        13728.8087379453     
   14277.5022693066        12933.3078640409        17573.0266208658     
   5919.89093160062        8763.32345335813        9365.06665978565     
   15942.1554165346        8822.90217467394        15154.8933535090     
   12955.4408611112        12473.3342071840        13449.1119120646     
   19708.6917405524        8811.05594831329        13179.4012389367     
   19238.7319309426        8442.10377219261        15353.9024409190     
   14977.7166452125        6844.56358382302        12227.1187062432     
   12082.4275259048        7019.55141762147        28044.7243455459     
   15381.9726426364        8276.61358696722        12227.7105478457     
   12758.0757781525        13699.7145563125        12263.7095481740     
   20896.4332879193        12798.1613038313        9032.41410195009     
   10473.5390096656        14720.9419385387        10054.7781958255     
   16627.5079922006        11011.5887864934        11049.3445230068     
   21566.9804292124        14787.4630557947        14255.0968372129     
   11898.0078037114        18563.4030852740        9802.52215281502     
   16443.6707172985        9117.32928043853        14945.2593001879     
   9968.66054550979        23014.3619481540        10822.8664697931     
   11965.2522829259        13846.9234120393        21280.4257561918     
   10179.2810015017        8015.45173698619        10653.3461250842     
   21048.0104983310        8621.52572085404        11377.6663034021     
   12230.9891624372        14472.3778598104        18789.3174798188     
   24679.2969247165     
 ------
  0.000000000000000E+000  0.000000000000000E+000  0.000000000000000E+000
  0.000000000000000E+000  0.000000000000000E+000
  0.000000000000000E+000  0.000000000000000E+000  0.000000000000000E+000
  0.000000000000000E+000  0.000000000000000E+000
