           3           8           8           8
   5.00000000000000        7.91500000000000       -5.20000000000000     
   280000000.000000        7757595.00000000     
       10132         765        6615
   1886021.99999998     
   2378722.80000003        2410952.39999998        2363979.79999999     
   2656776.00000006        2755455.00000002        2896963.60000000     
   2697645.60000002        2552137.00000002        2327558.79999994     
   2261465.39999996        2188222.60000003        2931610.59999998     
   2977144.00000003        3005627.20000002        2910332.39999991     
   2973967.99999998        2812015.60000006        2904825.19999997     
   2893280.59999996        2863851.60000000        2914799.00000006     
   3033333.79999995        2932049.60000008        3015880.39999993     
   2889909.60000005        2602703.60000002        2988792.59999999     
   3134177.40000002        3069914.79999994        2916207.60000003     
   2916261.99999994        2689266.79999993        2623474.79999995     
   2448189.79999999        2417113.19999996        2709191.80000003     
   3148893.19999989        3215668.80000009        3038460.19999999     
   3344737.39999996        3193210.40000006        2823391.99999996     
   2909011.79999996        2714776.19999999        3098805.79999999     
   3089932.80000000        3070118.19999999        2935743.19999994     
   3048095.19999998        3054323.39999996        2689873.39999998     
   2661274.39999994        2809642.19999995        2862734.19999994     
   2877398.00000006        2817661.00000004        3014260.80000011     
   2910057.40000007        2711306.40000002        2608505.20000002     
   2602338.40000004        2566891.39999998        2694347.20000001     
   2788961.79999996        2848396.20000004        2770713.40000004     
   2673695.99999999        2521060.80000000        2549953.20000008     
   2639691.60000003        2668304.40000004        2664803.60000005     
   2767545.99999997        2819263.19999999        2974736.19999992     
   2661429.59999999        2749569.20000003        2769020.80000006     
   2801132.00000001        2978671.40000007        2931309.60000002     
   3039423.80000000        2960849.19999998        2946627.19999998     
   2778585.19999994        2607021.19999997        2683974.39999997     
   2630067.99999995        2530243.40000001        2524703.00000006     
   2593377.40000003        2426681.19999999        2591328.79999997     
   2450264.39999996        2396914.00000003        2556393.60000002     
   2682310.99999998        2454746.00000007        2336993.80000003     
   2477142.20000000        2497724.60000006        2589861.40000003     
   2910499.40000009        2981117.20000002        2947232.60000007     
   3053389.39999997        3118850.79999998        3024096.00000001     
   2548659.59999995        2516909.20000006        2944263.19999999     
   3090722.60000000        3285809.40000009        3185816.59999998     
   2433576.19999997        2469593.00000007        2305555.79999994     
   2581592.40000001        2596067.00000001        2683931.40000002     
   2649248.39999995        2849660.99999998        2941402.59999998     
   2856196.40000000        2424236.00000000        2365474.19999999     
   2296359.59999999        2305684.00000000        2496871.00000000     
   2733099.59999997        2872873.00000004        2902814.20000006     
   2833874.20000004        3098470.40000001        3061934.99999993     
   2939769.39999992        2916251.39999996        2751982.79999995     
   2776402.59999999        2978826.40000001        3063744.80000003     
   2879188.59999994        2888496.99999996        2877355.80000006     
   2859855.60000000        2949486.40000007        2990882.59999999     
   3021862.19999996        3097519.60000012        2952005.39999995     
   2539834.80000003        2378167.19999998        2889345.20000008     
   3210513.80000000        3222359.00000004        3126623.80000006     
   3140186.80000003        3049281.19999990        2650408.20000003     
   2650486.59999998        2960809.19999994        2953839.59999999     
   2727057.59999999        2738162.19999999        2736711.40000001     
   2849287.00000001        2860526.60000002        3118180.99999998     
   2947525.99999995        2887673.79999994        2666142.00000003     
   2421717.80000002        2343120.00000003        2271603.80000004     
   2332281.60000005        2386504.19999990        2698887.60000000     
   2843258.39999999        2911555.19999996        3014453.79999992     
   3031415.60000000        2838813.40000003        2723953.80000004     
   2732462.80000000        2989629.19999992        2831706.79999996     
   2741058.80000004        2658744.39999999        2546170.39999997     
   2967455.80000008        2856471.19999996        2846662.00000000     
   2745155.39999992        2676547.60000001        2407394.40000002     
   2377803.99999995        2471454.20000002        2470008.79999999     
   2456987.39999992        2661139.99999996        2788198.99999999     
   2628666.20000000        2393434.20000003        2536705.80000005     
   2627090.19999998        2669399.40000003        2925493.40000003     
   2679254.00000006        2908436.80000003        3113350.80000001     
   2962032.99999990        2861413.59999990        2795999.60000004     
   2966301.20000002        2989546.40000006        3125050.80000007     
   3093673.39999997        2995150.19999998        2996307.00000001     
   2979334.79999994        2919769.60000004        3127307.40000006     
   3169586.40000001        2824585.39999999        2987876.99999994     
   2994306.59999997        2690626.20000000        2578789.20000005     
   2558395.39999997        2664460.40000001        2659829.19999997     
   2503442.19999999        2919545.40000002        3037902.19999998     
   2552025.00000000        2355620.60000004        2559248.59999996     
   2871467.40000000        2836813.20000002        2823003.39999996     
   2852556.80000006        2891937.40000001        2970226.00000005     
   2960829.79999998        2970622.99999997        2943798.79999995     
   2797329.40000009        2794622.80000004        2642522.80000002     
   2652079.60000000        3033687.79999997        3161344.20000016     
   3148391.40000034        3084059.20000005        2967612.39999971     
   2749734.60000011        2847602.59999999        2944268.79999986     
   2898458.59999985        2838680.00000008        2856872.40000026     
   2828257.59999993        2932492.60000006        2653024.00000014     
   2687183.20000015        2612360.99999998        2688508.19999996     
   2839841.79999982        2928778.40000004        2915321.39999998     
   3006699.00000006        3039814.80000008        3279526.19999984     
   3041545.59999998        2481268.39999994        2436687.60000018     
   2417710.59999997        2701842.19999995        2744511.79999997     
   2762557.19999998        2919958.00000008        3155565.79999992     
   3149619.59999980        2988100.79999978        2962260.60000008     
   2882268.60000003        2877683.59999999        2862884.20000012     
   2694599.40000006        2804323.20000001        2795102.60000007     
   2645476.40000012        2644197.00000003        2676528.59999996     
   2744496.00000010        2705373.80000008        2643756.80000012     
   2759745.99999998        2677449.40000008        2795893.99999988     
   3029303.40000000        2741188.99999990        2657900.39999995     
   2637132.59999996        2820291.00000005        2855036.00000008     
   2870427.99999998        2978589.79999974        2861338.80000020     
   2970111.39999986        2904838.80000000        2956661.60000011     
   2949364.99999992        2977166.99999981        2899750.40000012     
   2794981.20000000        2506409.79999988        2410038.20000013     
   2632565.99999996        2597235.59999994        2378677.79999996     
   2746835.79999987        2948480.40000016        3028675.40000016     
   2732739.80000007        2936503.19999999        3056560.00000003     
   2590661.59999999        2389686.19999996        2451754.60000012     
   2337511.20000008        2324413.39999996        2272934.40000001     
   2685781.39999994        2303856.59999997        2528116.80000006     
   2703943.39999989        2710365.79999999        2902228.99999980     
   2886321.19999977        3096590.99999968        3261178.00000017     
   3320648.99999974        3290052.80000001        3241181.80000008     
   3193934.99999991        3093638.00000009        2992453.40000000     
   2904069.59999984        2622699.79999997        2494559.99999979     
   2263095.59999998        2178927.40000004        2187896.80000003     
   2800715.60000000        2888854.19999996        2677695.60000001     
   2638285.20000004        2597532.99999996        2642205.20000004     
   2579237.99999984        2482275.39999998        2633241.39999994     
   2999026.20000002        2763199.40000006        2593516.59999993     
   2737061.00000013        2744087.40000003        2664494.80000001     
   2535653.19999997        2706305.59999990        2791651.99999995     
   3005046.40000000        2974783.99999972        2854679.60000018     
   2743933.39999999        2637466.80000006        2841520.39999993     
   3115370.20000018        2846143.99999989        3040029.99999993     
   3001428.79999990        3065630.19999992        3067167.99999998     
   2881267.79999999        2837995.40000020        2873636.40000014     
   2959100.40000014        2887411.20000013        2825462.00000005     
   2768988.79999986        2685284.39999987        2720746.59999971     
   2678446.99999991        2832277.39999994        2724765.39999987     
   2938398.20000033        2871222.19999992        3010051.60000008     
   3283524.59999980        3313153.39999991        3245391.79999989     
   3169373.79999995        3068147.99999998        3094493.19999992     
   2904527.20000002        2989138.20000005        2872679.20000003     
   2830430.60000003        2816855.40000002        2816598.19999977     
   3044074.80000015        2934301.60000012        2799611.79999989     
   2784700.20000016        3029083.79999998        2972740.59999994     
   2819150.99999995        2821235.00000013        3185534.59999989     
   3290571.39999984        2933610.39999995        2606130.19999993     
   2611818.00000012        2712382.00000016        2785810.39999991     
   2663240.20000004        2446545.59999997        2466329.19999988     
   2546914.99999992        2546213.59999998        2501496.80000003     
   2360679.80000001        2238772.80000005        2347489.40000019     
   2723597.39999995        2497634.40000002        2589472.60000003     
   2531928.00000003        2673310.80000005        2732894.40000004     
   2503309.60000011        2529743.20000008        2717170.40000005     
   2966032.99999986        3281998.79999991        3163240.79999996     
   2891196.19999984        2647322.80000006        2939333.79999977     
   2840568.60000002        2830479.99999986        2947961.20000007     
   2938566.79999999        2861598.99999999        2771495.60000018     
   2681002.79999996        2628680.80000015        2637707.59999984     
   2520711.59999992        2497335.60000005        2585689.20000001     
   2352251.79999994        2242168.00000002        2301520.39999999     
   2357174.99999989        2408970.39999984        2780670.19999998     
   3116812.40000023        3122593.19999986        3035137.79999976     
   3014690.60000027        2817967.99999995        2645375.99999996     
   2893654.39999991        2753237.60000016        2619015.80000017     
   2715105.20000006        2974936.20000001        2918544.99999995     
   2797678.20000003        2941305.60000004        2459055.00000000     
   2487153.20000002        2940399.60000004        3146914.80000008     
   3055785.00000010        3055241.60000003        3165827.40000013     
   3101386.80000014        2826604.59999991        2887222.99999988     
   3084159.40000015        2958063.59999989        2865700.59999995     
   2643335.19999995        2572271.39999990        2549866.40000003     
   2669853.79999976        2752905.99999994        2749961.40000017     
   2840647.60000023        2737828.00000012        2611124.40000006     
   2531071.80000019        2530214.59999998        2480860.19999999     
   2568118.40000026        2170219.79999998        2204925.39999998     
   2358983.80000016        2478704.99999969        2546902.79999983     
   2727761.79999961        2798639.00000004        2810902.20000001     
   2786619.39999993        3138609.79999975        2869024.80000046     
   2857934.00000050        2978284.60000044        2897133.60000039     
   2627980.40000014        2633836.59999974        2805397.80000003     
   3003942.40000029        2937651.39999957        2998100.00000030     
   2772665.40000046        2734538.20000023        2705221.59999997     
   2644991.20000024        2556904.80000024        2340206.19999997     
   2555966.20000014        2628332.40000041        2723746.60000012     
   3032791.80000044        3055619.80000061        2766249.20000019     
   2764572.80000039        2810190.79999968        2875678.60000029     
   2809032.59999973        2417753.99999992        2643084.20000020     
   2573956.19999976        2568606.39999979        3094312.19999984     
   3260794.00000002        3269158.19999985        2933664.99999926     
   2738343.99999993        2652998.40000028        2712571.39999980     
   2818162.39999968        2955045.20000012        2957894.59999973     
   2865255.19999999        2836756.60000021        2880047.99999985     
   2760130.20000004        2496019.20000015        2639338.79999967     
   2936233.79999996        2812027.20000005        2615122.20000028     
   2699050.59999993        2811861.20000018        2715567.79999981     
   2918243.39999987        2687699.99999995        2478366.59999975     
   2420385.39999986        2640588.39999961        2538101.40000012     
   2682236.59999997        3057085.79999996        2900079.39999964     
   2650001.00000018        2533002.40000001        2523021.60000000     
   2426653.59999962        2580856.20000002        2589117.19999976     
   2540268.00000030        2387601.99999955        2511303.00000029     
   2417425.99999996        2481739.39999997        2450400.00000024     
   2420098.79999995        2526757.00000015        2584853.19999995     
   2759439.59999996        3029899.60000048        2796173.19999984     
   2768047.39999983        2821857.19999988        2509600.20000008     
   2668115.59999990        2558547.59999988        2657966.40000022     
   2506992.59999998        2676554.00000030        2665040.80000007     
   2670678.00000006        2687467.20000000        2719352.60000000     
   2710232.79999977        2719320.00000001        2717132.20000028     
   2476147.59999990        2458040.19999994        2651957.00000040     
   2749878.60000020        2746115.59999975        2694070.00000031     
   2908820.19999964        2752090.80000023        3089071.39999994     
   3002768.60000047        3155924.60000021        3288805.79999984     
   3467859.99999964        3478430.80000007        3320192.00000058     
   3056064.19999986        3063484.79999960        2945140.80000016     
   2738790.00000004        2859186.19999979        2806321.99999971     
   2760217.60000038        2633791.20000031        2818338.59999972     
   2915851.59999994        2819661.60000007        2794253.40000035     
   2830943.80000025        2816004.99999980        2816166.40000009     
   2719814.40000027        2449568.79999984        2492103.19999985     
   2469733.79999985        2474390.59999992        2463922.59999999     
   2430495.40000004        2705609.59999982        2494309.99999944     
   2056571.79999976        2621260.40000008        2929561.59999999     
   2750257.40000023        2642182.20000001        2639582.79999994     
   2759358.40000024        2654995.79999954        2760396.19999993     
   2882132.39999982        3056072.39999978        2848865.79999972     
   2862290.59999970        3156729.20000046        3105482.00000030     
   3234629.99999955        3147507.59999952        3062498.99999988     
   2735204.80000052        2668759.79999965        2748379.80000013     
   2606065.60000013        2852080.59999945        2802274.19999970     
   2753211.39999961        2620302.79999960        2783765.39999988     
   2620550.40000010        2568833.39999992        2700742.99999997     
   2525813.39999989        2402978.39999990        2426071.19999988     
   2386553.20000031        2403966.19999979        2417739.00000038     
   2533265.00000018        2580007.00000010        2637573.99999969     
   2639020.00000004        2588712.59999990        2540620.20000003     
   2534924.20000041        2318991.00000045        2635036.60000021     
   2996164.80000017        3046508.79999971        2788007.40000006     
   2999033.00000053        3010820.60000011        2960284.20000020     
   2960208.59999989        3070386.20000038        3013382.40000033     
   3007057.40000003        2893117.20000026        2873652.39999976     
   2859561.99999999        2681486.59999993        2922524.19999967     
   2620682.40000061        2275475.00000003        2481356.80000000     
   2557972.39999995        2668354.00000034        2896957.79999961     
   2983990.79999953        3088862.40000067        3124594.80000006     
   3264663.19999962        3003590.79999990        2883583.20000005     
   2937497.20000013        2933396.40000015        2571275.20000013     
   2667189.80000012        2944704.39999984        2880157.20000011     
   2861342.20000013        2889436.40000015        2933224.99999988     
   2757375.39999969        2685324.60000019        2735345.99999964     
   2789837.79999982        2932701.99999970        2712542.19999983     
   2831392.19999974        2999064.00000014        3374105.19999962     
   3004756.59999972        3104061.99999975        3355497.39999972     
   3289652.40000028        2719514.00000009        2812627.20000018     
   2859214.20000017        2730818.79999980        2735062.40000006     
   2769735.20000025        2602620.39999972        2639984.60000009     
   2638670.20000040        2521613.59999986        2819143.79999975     
   2860859.00000009        2678055.60000007        2567066.40000038     
   2550246.80000012        2476547.99999978        2543875.39999996     
   2507970.80000018        2535199.99999996        2662403.79999978     
   882841.039130405     
   1393447.03756173        1398845.04368228        1506630.86760578     
   1492179.49030696        1422904.62747316        1592308.41536266     
   1492323.82376138        1637911.98279998        1440469.92228231     
   1298692.25094663        1304668.63748924        1488747.76194334     
   1613884.97268837        1532677.17496986        1483967.45972165     
   1608975.27274029        1548547.84927874        1567898.76993478     
   1530590.18114466        1457451.49860447        1407558.51187734     
   1562222.03186167        1422944.39012610        1415159.52453876     
   1715503.71202993        1442292.36032968        1635344.29858439     
   1593508.73717188        1515846.26791951        1538788.73571733     
   1621269.40050579        1551188.35491806        1404470.46915996     
   1354336.75030599        1398561.88822061        1396288.73358038     
   1546900.00484959        1581138.21015154        1559442.42212899     
   1654947.36634896        1583809.82509068        1652384.81803010     
   1508842.92192685        1557707.82448894        1430685.94526024     
   1470323.11194116        1542381.01982201        1536813.45548052     
   1469167.89219496        1618413.93778871        1426902.36858030     
   1333580.37664611        1495199.81361620        1435374.74933012     
   1352080.52385709        1384766.52559088        1576640.45356108     
   1473049.06586872        1422387.07727246        1377516.98384571     
   1498397.60067726        1377501.07283834        1283929.43097676     
   1505863.59752220        1410150.55284347        1443901.48824296     
   1371672.82761649        1305209.56001035        1374079.41367223     
   1447509.51928417        1434815.30129245        1399091.41263136     
   1566683.42251553        1610370.54035455        1482326.95551984     
   1464718.11093323        1568870.93619123        1626253.55291187     
   1653245.76374520        1738810.76954855        1507285.59711963     
   1599234.42026265        1452699.34636981        1606981.22999681     
   1600594.15683170        1334240.60493126        1507276.56874728     
   1315222.71961951        1389911.66249405        1459646.77536151     
   1433830.05608507        1389621.43571479        1401313.19514499     
   1354046.45595712        1337044.59907186        1460672.27804291     
   1508610.53069836        1494076.95892443        1455402.90335442     
   1425110.73857839        1484011.53080696        1376527.76087158     
   1768061.43422229        1611421.04592643        1631522.97303251     
   1635012.68029297        1452218.43487300        1690285.60286354     
   1377999.03607412        1446213.92819061        1625677.53106038     
   1738786.17926929        1669848.55391472        1629902.67231595     
   1427682.32775391        1322095.09030184        1381252.94469716     
   1353402.92044732        1379037.34548647        1401628.25108864     
   1455616.71017664        1367823.77596689        1446111.76127768     
   1368710.92589244        1362709.30012102        1361868.60984461     
   1376115.14765919        1299555.56240442        1402276.36625058     
   1399406.98683820        1424611.47948212        1361793.04758786     
   1390429.87291382        1657996.94663127        1583840.60997926     
   1566473.38567606        1461570.65190311        1527279.95160334     
   1610244.64513699        1690204.44045757        1565366.07870586     
   1545333.72922544        1741308.55614192        1653406.93324123     
   1600542.34221618        1642304.22016259        1598444.27858487     
   1658124.46933707        1720584.97545969        1704092.68919753     
   1451579.65369535        1304293.25149104        1615759.17077541     
   1772161.60066879        1497246.18453398        1660420.73426588     
   1637358.62723567        1640591.54757695        1467642.66169446     
   1469809.87126155        1603992.90789326        1552900.54174215     
   1505143.39478621        1491780.00839434        1544621.54116667     
   1461803.59450844        1625523.98881396        1567698.86531918     
   1489376.80935117        1397262.71602298        1522863.02314802     
   1457461.16638922        1299892.72051513        1284399.72912309     
   1516225.21162185        1501528.59702007        1363093.60268133     
   1484495.62311978        1482446.00156270        1662905.17048109     
   1474351.43409625        1503707.81138286        1461056.14613603     
   1503126.18828577        1619748.45357458        1504746.74981662     
   1554093.61215082        1568985.86658724        1431626.72730301     
   1690629.23226215        1477543.49435020        1435948.24760758     
   1472739.35677432        1360564.43294845        1409388.52091043     
   1353841.59354800        1443261.81018485        1385270.17965112     
   1718781.74609184        1358133.57175588        1555811.85689934     
   1646661.51807665        1244157.13176096        1429287.92429218     
   1437113.00612251        1521541.41831280        1331190.26006670     
   1497158.39437620        1585322.92439927        1679669.18969802     
   1474341.94216543        1553307.52738075        1558225.18930926     
   1653024.19116842        1519695.83552141        1594668.72008340     
   1681868.32987595        1596437.81255760        1745509.84618308     
   1420987.07089839        1505523.62692172        1653302.82438625     
   1770209.52044061        1378691.78698411        1397896.48303211     
   1583259.49024509        1531857.62929691        1534342.31095823     
   1464644.82222362        1439559.59061540        1464526.42809147     
   1457624.56023897        1543084.00440732        1561819.69616284     
   1370493.23300189        1351597.86732161        1423679.90497398     
   1681656.58946363        1646961.96398415        1667835.49218487     
   1480795.06255181        1461390.95775587        1560557.10986701     
   1537775.97753909        1533808.90495061        1609956.23428173     
   1373890.24174897        1438843.57438162        1574391.55433713     
   1432383.46341200        1711027.90231087        1384762.47227821     
   1527877.90822388        1413774.78471686        1408666.63496772     
   1435123.14127664        1450727.40803818        1461594.22690834     
   1404264.83757540        1475629.02517254        1430601.15243789     
   1441692.19269428        1462506.99177142        1446040.45150152     
   1500785.06107566        1430392.67986481        1491929.90700267     
   1523496.39923786        1373535.97063790        1407692.20622676     
   1635760.79319009        1568550.73612241        1589056.95796693     
   1545566.73479234        1447649.31380486        1622036.05762993     
   1410565.51280830        1435959.05613929        1441905.30671732     
   1569533.84275138        1595985.23939263        1579644.73136977     
   1592657.62124994        1669831.16731214        1524625.31877893     
   1662429.40631458        1415599.60008319        1548096.87903680     
   1509737.91769307        1508602.73704701        1614019.17024875     
   1574899.81616968        1441907.93864683        1550924.31768767     
   1463886.76392291        1451710.27185581        1377600.80857613     
   1425680.76066025        1489949.25489841        1549213.24605181     
   1410836.90094321        1466569.28796127        1440623.72329418     
   1528093.05271184        1402951.45163454        1377864.03559968     
   1515247.00251598        1659221.79281661        1522067.46711665     
   1647518.53871225        1565204.14044826        1582768.89285542     
   1581025.96532075        1495168.02391995        1569052.24932092     
   1439189.40700878        1471695.19433402        1291861.28970987     
   1471381.94949964        1404249.46301595        1287034.22012422     
   1357223.27782268        1552157.82139241        1721274.32943470     
   1495794.74572611        1628318.20605604        1616443.65570727     
   1457306.70566497        1282066.74037715        1392025.85500707     
   1403017.63278860        1389205.70253936        1299782.58412275     
   1384199.66640486        1326515.22581030        1443347.27177497     
   1644727.93621535        1506459.08383057        1495000.31929019     
   1508578.89696447        1544201.93529747        1664918.66997645     
   1679447.80234161        1530187.64344322        1692103.76608541     
   1533619.49702239        1545941.07500255        1582808.06343588     
   1663777.69367703        1635674.00012543        1443962.16262716     
   1467507.97916219        1359270.93067887        1262987.79122860     
   1557532.53399559        1597252.17451879        1391537.77611793     
   1389044.36279685        1418211.38062355        1436464.02831967     
   1372027.27645541        1437362.87018565        1419344.95333541     
   1615251.63591947        1390186.02712154        1415774.41923605     
   1616716.85807610        1482481.24151016        1402514.55900700     
   1352479.79744934        1510594.82952272        1450997.03572591     
   1460405.79079900        1523987.45608031        1363581.21388965     
   1357817.59707208        1350502.69450604        1493897.96689830     
   1686202.08520606        1601145.48759102        1587979.40697930     
   1602686.01574916        1691743.51002322        1639244.55687260     
   1533144.86222690        1556071.68897205        1465468.51064081     
   1658886.26418878        1616770.46531140        1606083.73338611     
   1513312.88699180        1587905.82406632        1573313.49145046     
   1483752.25482930        1674068.37474318        1467552.74284801     
   1488867.07635186        1472196.64880831        1501204.68374336     
   1773726.14847509        1781126.98706882        1681693.94422994     
   1464648.37007835        1526989.69758877        1521576.24528420     
   1519680.34021214        1522549.12419107        1451727.25208759     
   1415114.01989389        1554503.14438366        1566874.53022333     
   1372019.96823566        1359422.21314758        1329222.22085282     
   1438793.12526430        1449240.72052902        1564312.42341521     
   1517494.80099163        1507086.92610952        1507187.70365207     
   1502767.96023666        1423785.09559911        1502014.89912222     
   1668190.90878709        1482984.42134460        1457346.99318962     
   1341544.17941616        1435799.01560954        1399388.42805223     
   1455834.19696820        1360478.47458548        1400415.51939637     
   1355488.06181936        1511362.92468750        1390846.40363556     
   1513479.46106530        1546796.38086767        1393326.56390541     
   1379051.98532239        1519399.69145898        1509610.62335189     
   1605579.76595190        1425844.58003711        1571997.10162830     
   1618185.85837464        1541581.23555240        1632454.56721315     
   1488965.51194490        1686111.44274002        1539840.73299802     
   1576558.88814525        1574217.75713245        1581606.40992662     
   1719689.91040100        1460463.97269912        1476863.17299543     
   1543930.33912813        1408873.07847060        1529998.65242566     
   1379626.13811086        1393134.00547902        1483112.74402474     
   1404960.24705440        1523186.24539267        1424800.52555691     
   1482040.66215077        1411019.20152826        1547667.08721771     
   1662533.80020925        1531184.88274077        1539896.97255608     
   1459775.93590848        1500604.50699877        1605320.43653424     
   1414390.25353297        1372588.31429799        1303206.67655111     
   1370593.50282665        1401086.39377971        1455201.76344323     
   1502255.31535705        1557275.21098045        1528612.26987462     
   1361277.48237865        1617791.11953137        1513971.12776924     
   1493489.58112938        1536932.71375688        1478206.00194992     
   1641918.17799963        1474949.45557117        1384969.65234832     
   1574871.46026899        1619183.49954394        1564331.29188723     
   1377639.47775059        1360298.27593256        1421342.96261252     
   1568627.87751463        1487978.52172120        1412745.52742734     
   1420225.95201102        1499916.73409427        1438887.01849095     
   1417850.65796140        1348372.83823517        1323522.65634649     
   1463914.36866337        1396954.91926926        1363776.85024486     
   1434241.28082959        1421066.91453296        1503996.91680387     
   1417104.88252042        1425519.64917517        1796992.54317670     
   1509436.83633493        1594479.33801551        1483442.47361306     
   1537189.39095468        1516442.87709627        1595835.89486586     
   1487803.99818060        1430535.30284733        1461963.10470342     
   1574678.19496680        1590797.78021761        1555616.53979935     
   1458138.60141973        1481338.16535358        1489432.06392987     
   1542723.99009986        1431706.57752946        1565464.32540035     
   1514845.81126761        1499997.67505980        1572082.41854206     
   1605302.86306496        1613480.21557319        1732087.08090801     
   1794063.30137299        1656472.58011638        1361554.05352930     
   1408815.09518778        1500769.21718901        1522894.68123515     
   1576039.18507523        1411215.37806304        1628425.96538955     
   1536356.69300921        1542157.48418841        1413817.27364010     
   1394983.31992116        1490473.53989653        1697816.70592771     
   1573628.68441331        1518098.39196587        1537629.71869512     
   1704216.86018962        1423490.32535299        1491335.99023952     
   1597113.96322600        1505747.40520436        1348824.63820926     
   1434474.70361869        1540292.80754858        1496870.34364462     
   1557159.36997743        1674534.34651560        1456887.10001150     
   1553322.20712232        1371374.29938118        1484968.68966712     
   1455446.19611613        1430514.58332371        1473312.84861512     
   1584252.24471011        1683430.99475420        1505603.27946897     
   1536080.10087506        1404805.60516755        1505017.19090163     
   1285749.13243983        1496989.29216449        1562243.23299047     
   1515350.36178379        1512285.85606838        1364431.94175970     
   1451493.67932395        1477677.95120364        1431577.68958731     
   1456203.55038100        1479809.19842858        1453225.96562548     
   1420226.93525357        1605230.99404714        1475889.50101505     
   1595963.50824135        1467655.34797011        1410611.97473625     
   1496362.07014409        1444213.94654914        1557883.36943997     
   1560978.83068334        1384611.13544504        1402205.33668783     
   1490230.69451494        1564477.22017887        1566541.86630538     
   1467348.64319937        1473836.03197025        1656481.89971907     
   1386480.42295582        1468723.79864907        1497520.24831849     
   1485709.09903624        1657533.55145651        1417544.62641743     
   1448513.31009148        1445900.13283136        1513392.06647583     
   1541204.51092191        1602749.60670467        1185397.45896025     
   1644783.53161037        1665652.67370686        1592249.75373424     
   1507671.22009671        1561282.76570969        1553851.12795877     
   1542564.44801307        1472150.63994516        1411235.25266905     
   1504378.44710880        1544303.21835322        1380317.59062758     
   1571206.05278802        1378198.93714079        1477907.26178594     
   1543495.26347557        1536461.03617253        1477136.90853674     
   1467745.36444486        1553075.91522420        1485610.62465038     
   1580433.66481112        1546758.87440611        1371134.48655427     
   1546628.48929015        1489711.85072044        1403205.39628002     
   1391059.41143014        1490618.44663120        1505047.07003500     
   1493562.83767286        1555048.06618426        1682004.21013518     
   1430620.71647702        1419393.43798631        1349304.24439043     
   1551619.31941188        1588955.25916042        1472564.34249139     
   1513878.21172847        1588722.50527466        1502566.20745249     
   1678325.22073851        1776958.18847409        1477617.38411408     
   1530494.82526979        1430015.29716340        1416091.56860090     
   1451309.53208922        1397615.30760553        1453377.77160825     
   1466563.29558497        1538448.71888586        1476685.17351489     
   1450461.36034008        1390219.83732714        1509891.58480285     
   1421993.28669361        1463791.44776864        1567693.83449112     
   1432007.71903401        1345176.46820846        1442601.28913611     
   1387478.18721218        1456026.79301446        1430511.14470360     
   1421135.51453907        1353503.01360224        1468318.67079087     
   1300836.20089499        1410567.70318157        1496347.05195612     
   1670417.70898650        1443343.46643823        1563967.82483228     
   1531258.61437555        1588341.12924781        1529583.59573567     
   1613262.82321052        1631419.96310861        1575103.63578178     
   1611001.89615105        1455571.16582559        1461655.83462366     
   1356995.23065314        1449711.46280113        1496602.54825897     
   1523607.23584335        1401943.97161386        1472679.18894985     
   1429566.31259677        1474473.11392555        1663741.25890377     
   1557363.37927973        1470928.12393585        1603736.65248760     
   1538422.33487780        1587709.25352553        1611164.19223345     
   1609453.28524441        1587541.22112934        1470841.45193626     
   1472992.77259305        1581777.48715912        1566230.06753863     
   1364565.72973770        1557402.84439320        1523274.69204449     
   1480448.62662633        1412993.89520103        1355071.18064950     
   1509231.26851857        1623757.84523083        1607958.09532821     
   1520544.85562468        1483032.93958289        1671506.84102803     
   1684721.75592017        1565937.72445009        1686947.96048291     
   1605925.92860093        1492677.14100217        1483815.62298226     
   1460105.34806910        1492603.84191449        1640659.79774456     
   1383235.12433652        1434834.60451102        1550668.07066412     
   1572600.12352786        1449725.51355968        1538822.64060938     
   1492493.67907517        1571619.47156932        1400563.83583531     
   1323324.18789407        1425217.92647953        1383162.52990769     
   1424704.45122415        1481134.46157402        1399598.56275801     
   1408.93463859993     
   1822.68966085382        1982.84858530172        1867.32822812259     
   1962.93748919105        2074.97916049018        2208.81207997818     
   2056.90528859140        2029.28198882340        1811.97466607718     
   1868.22117906691        1805.38364821420        2104.57317010858     
   2158.83982206031        2186.36111775676        2204.71675606144     
   2112.88786454934        2114.20304583434        2095.70530573664     
   2135.74891787673        2089.60431650633        2087.99678085206     
   2220.07163906289        2122.23431900406        2181.26250792287     
   2164.82228913721        2010.76815603926        2168.64342853110     
   2238.16208544411        2106.09983064044        2169.89566960451     
   2185.99292850492        2073.70485955840        1963.28273619380     
   1972.31525919205        1859.19506347063        2101.45702614851     
   2302.93993711853        2378.62819302587        2290.25990628064     
   2445.17676016481        2240.42696084749        2176.33648326925     
   2190.92939298363        2058.18800721320        2216.22262069651     
   2163.98849792225        2200.97990309390        2225.06824366569     
   2193.49880180989        2248.38197466432        2076.85440223038     
   2035.37792364849        2182.96904307629        2036.06171588102     
   2067.69998506168        1972.70077074546        2191.19653850084     
   2072.70103947466        2044.41402889128        1900.36696184428     
   2029.99230518029        1926.60331805480        1920.71643535848     
   1938.73065622596        2084.26320533871        2134.35236899815     
   2070.02059657332        1874.87546118513        1927.73444220962     
   2022.89371454449        1983.11431374106        1967.68766747220     
   2115.16934989558        2186.57093123523        2259.30286787642     
   2084.79922881371        2081.20254319055        2127.25218076688     
   2254.47531939001        2171.56372937091        2141.40694718198     
   2164.71626076019        2123.11572910808        2094.86980262052     
   2056.07728215529        1988.29477966297        2012.99741547056     
   1975.08274632168        1909.04166138862        1886.65548505339     
   2006.13267368745        1909.57424100351        1970.10985686766     
   1910.06594539712        1775.23565075012        1984.84839176854     
   2007.41344194776        1896.94154268433        1873.02342609320     
   1926.59279220838        1958.09484104145        1978.79153342590     
   2181.65652691815        2161.52193835041        2061.62967655546     
   2195.86294428521        2381.19703950352        2261.37581821738     
   1893.76368233766        1950.96477757555        2288.16963039390     
   2270.99988255428        2329.52878496503        2244.12546015730     
   1908.20464352680        1896.18556758863        1824.29348705265     
   1950.30609283485        1907.78097700111        2054.48285572273     
   2065.79975732484        2025.74472077272        2052.94321347829     
   2064.31515087731        1925.65603270170        1909.90872417194     
   1842.25789921907        1844.59061668537        1887.61162086693     
   1994.29177450551        2051.24050314269        2096.24842569778     
   2111.64518100822        2354.55835859707        2254.12714179940     
   2200.67034600279        2198.17009233763        2105.49069858607     
   2099.34945112964        2248.80540472350        2354.03609664548     
   2155.48946188869        2233.32502007950        2225.69765511639     
   2099.00181657141        2251.11598933764        2200.58530868259     
   2270.55983682375        2275.30072051303        2181.58665227567     
   1936.69361693120        1812.79868172615        2154.04348131157     
   2344.75991369276        2272.62724020884        2207.08602887057     
   2302.32767804785        2212.82051895611        2113.87316009867     
   2014.23045459408        2113.98739309302        2232.11875074499     
   2083.14048674484        2062.76076568192        2176.58523746535     
   2067.24583909492        2259.41308781913        2212.40225656804     
   2196.95656530704        2112.25948153310        1959.90311005158     
   2001.97130923238        1815.01899874119        1820.06440098375     
   1863.62178372235        1823.39024611866        2009.58965419702     
   2093.19583012342        2136.70382030593        2242.42802900082     
   2259.44651656268        2201.78893375728        2134.40775317960     
   1899.37541995661        2266.98687109448        2220.97447189578     
   2124.96426638069        1993.29546034119        1913.38599407827     
   2253.30225999004        2088.21007977988        2006.69043712015     
   2070.28919851807        1946.27954098432        1871.46896189690     
   1778.19061274333        1864.22378213234        2059.85599031093     
   1987.70686219848        1953.12911368330        2229.52241501920     
   2170.61139426368        1866.68720610067        1953.35065428242     
   2085.54976578349        2037.22442347118        1992.69094795363     
   2036.72586975182        2212.72887796092        2315.99912550490     
   2175.51428792000        2114.60954100015        2035.87444718311     
   2199.67150211808        2224.79259193667        2223.96443667557     
   2245.86336163214        2268.86884768169        2293.44580062650     
   2186.19670641331        2081.33782256887        2250.08602525384     
   2241.60015938482        2102.73815571790        2054.46268572543     
   2155.40029913025        2028.37094532955        2013.78131853543     
   1994.26836785334        2006.16878030596        2045.03874624554     
   1948.79756256697        2184.66820133883        2217.46191200947     
   1941.73454112798        1807.77728648929        2008.46526813574     
   2165.83056586429        2103.24590748714        2290.21338987171     
   2132.80816453931        2008.11346916649        2081.16912712676     
   2172.16773414527        2267.61618758123        2174.45959863919     
   2071.02936388275        2034.77895125999        2121.79336232065     
   2134.54699951805        2195.21516152326        2089.60042696151     
   2152.19303706356        2066.92546086423        2031.19494939531     
   2001.76595341819        2110.50472938626        2025.54923829536     
   2162.21008833890        2144.94698575360        2113.56988933641     
   2182.08255992114        2054.85484589390        2032.37649132423     
   2090.08539182838        1949.56414511662        1992.80090212258     
   2109.46127926972        2054.34732345462        2144.47461504971     
   2089.17626493851        2229.16434914741        2285.96167609257     
   2159.82518853093        1963.12882996595        1972.10182254918     
   1886.70352164936        2019.59780591922        2129.71062407285     
   2088.32544270520        2206.10623255079        2238.12679681106     
   2263.52369152029        2180.55454348414        2188.51673712369     
   2276.19972576852        2154.99719263890        2183.63452212903     
   2091.85103853635        2149.75755657431        2119.42553600750     
   2099.23448643098        1946.43829207732        2081.43987482953     
   2072.90579701930        1860.37281754759        1953.74910146046     
   2122.13902913124        2027.16472310718        2122.11273576931     
   2095.35623134698        2067.56162579826        2056.93425490297     
   1940.31932405808        2058.45663630520        2046.37765698798     
   2124.76212917403        2215.50931183290        2070.49829019286     
   2125.96476638293        2222.85782618386        2114.47886791498     
   2159.25398910657        2161.25596425598        2125.82963097380     
   2099.66605171256        1868.89778745418        1882.68503401452     
   1957.13906329564        1926.07745046664        1801.63720075799     
   2048.82484696344        2194.84183355872        2400.51772401999     
   2009.80834083364        2134.64688239186        2285.74674647114     
   1917.94841685078        1823.55463814278        1907.01089663018     
   1922.63802083663        1907.93728819149        1825.77924638338     
   2001.76878970365        1838.40726564628        2066.75227251553     
   2148.84268648382        2171.37632874883        2173.26996753844     
   2313.19479883521        2462.53906275078        2324.54827738756     
   2354.10858012149        2414.08137341742        2357.60566477910     
   2218.20159747095        2344.93079494812        2144.29678413471     
   2234.17108389273        2032.39712850463        1976.51932336503     
   1849.12252612431        1790.76531465348        1706.11345945607     
   2042.27354267701        2088.33601050230        2006.72631011261     
   1923.64038852228        1858.78549845997        1985.23174229291     
   1979.93065386869        1866.13259129655        2063.98470141512     
   2227.18202485174        2098.79978600495        2103.86567842077     
   2011.41656771549        2027.08195414134        1960.18860697401     
   1998.27658711649        2100.43876767448        2095.53002274508     
   2232.40169824923        2187.65197507743        2043.82469397092     
   1994.89471257015        1948.87886487119        2084.65027854894     
   2304.81276137777        2297.53456723537        2275.17295623648     
   2232.40788621118        2229.74377493139        2279.37309753860     
   2087.51520255930        2132.56344092406        2165.11481145006     
   2226.80613277591        2230.06166324327        2166.43650072118     
   2110.97278269374        2052.20576148358        2039.84371982763     
   2108.68220973696        2108.57801929824        2016.00094921472     
   2106.12464831493        2168.08920431807        2157.90605558368     
   2356.11980812778        2380.65608318178        2378.67094470860     
   2291.61369463367        2278.57310288627        2197.21968178817     
   2214.19432555991        2194.35353138425        2068.01182870982     
   2041.93521378931        2043.29281549349        2093.43287467947     
   2121.41683097346        2228.55770546189        2073.45235672368     
   2047.69919490797        2158.69080590538        2189.01041246755     
   2091.11843919694        2058.70056591021        2226.84997775076     
   2390.86269605415        2167.11041187447        2052.25512066070     
   2017.33009141455        2181.44668087379        2134.15348961316     
   1987.99827766510        1926.19425536097        1924.23004670406     
   1830.49117119028        1816.33314828923        1907.96538359548     
   1741.79045815528        1844.53136107657        1829.04448839718     
   2140.15070915579        1987.43247852847        1995.49744358665     
   1911.13837638604        1946.98628406331        2163.29598271307     
   2129.35084531541        2030.33664557446        2101.09225097232     
   2171.62180502366        2276.86869361002        2314.26228537653     
   2127.70268629004        2089.15017136852        2327.27761812432     
   2100.64675302071        2127.97312967425        2258.02145114797     
   2163.84116486629        2023.79041237476        2034.23619675285     
   1970.29201658931        1936.35264888734        2031.65398631552     
   1949.36890435564        1985.54018552371        1894.54912970548     
   1914.93800285461        1851.04640682673        1799.50803381278     
   1888.17314184126        1817.65247110053        2033.03476487091     
   2187.46348410688        2159.67974156250        2252.13599057734     
   2222.59311101028        2034.01358155437        1993.46640752633     
   2072.00463489493        2067.03490960410        1965.88011562878     
   1968.28606165652        2163.96484035235        2152.37403118040     
   2157.21146581499        2237.69495193514        2064.82117545668     
   1972.40548911241        2207.70000030003        2416.28112941160     
   2174.22350101879        2241.68863399104        2191.24501672698     
   2377.28203495429        2141.01666665227        2127.16224291708     
   2273.46762950403        2226.69215447540        2143.75753899066     
   2107.07334712705        1973.69419034260        1977.91712824147     
   2151.96679818524        2118.67536266793        2096.32739818345     
   2105.96533533764        1977.32794149952        2004.28366291316     
   2008.28393608167        2069.16246384295        1845.44793835340     
   1821.73503151661        1784.73533387278        1735.78161644152     
   1906.60699652439        1905.41505289992        1868.78679494276     
   2061.21672166621        1945.31376527722        2261.25976737837     
   2216.46114472755        2324.47640244521        2161.77308260579     
   2119.25656423717        2221.67900117980        2184.38983799537     
   2053.10254612917        2094.86333860575        2109.48065836243     
   2240.88866747311        2164.61025107305        2153.82241995600     
   1958.65539725259        2085.94846702058        2064.34813983488     
   2086.65737970903        1965.54768242582        1943.22409741948     
   1980.50129229045        2054.17937093484        2117.22581368584     
   2208.87892858453        2230.96719257784        2135.28575601834     
   2128.39772481532        2165.38094086714        2058.57850290245     
   2020.08898439634        1888.65364265336        1935.63339422012     
   2044.60506103311        2038.47066584877        2263.23983011457     
   2281.95355777211        2391.73259055549        2099.33874690622     
   2156.61445297315        2090.32661727377        2083.01635448159     
   2145.18889763764        2152.75634159213        2216.30218144809     
   2118.51650895135        2138.92242132777        2124.83416704960     
   2040.53809528944        1961.35051435669        1943.81403238524     
   2031.16471270800        2087.69152809626        2005.73262674326     
   2093.14889266674        2133.29612119070        2121.14992232386     
   2072.19304997362        2013.18627828050        1981.88460249032     
   1888.10045773144        2049.40550719811        2004.46383084344     
   2061.35294008589        2124.22497600482        2106.79570938726     
   2005.43378405793        1993.30341566636        1883.77562696624     
   1936.82864131711        1967.70436866342        2009.84198198701     
   1978.35592582866        2079.34737427085        1944.34893435134     
   1856.83453617672        1953.91426975153        1935.79308233436     
   1831.34627950736        1933.91170956902        1945.22419048507     
   1990.29609309376        2183.04490080731        2081.52456569063     
   2131.11462053990        2068.66239709781        2026.67466663471     
   2015.25024598126        1975.09027633647        2036.93286859069     
   2013.56167185714        1959.65283298620        2028.63623870149     
   2094.07430369895        2051.74853580069        2142.55737391576     
   2012.00938235619        1984.91516974595        2162.73449925923     
   1987.19787608637        1962.07700896844        2009.72654196032     
   2119.78064326740        2097.75703517870        2075.45892754314     
   2280.40937794335        2020.69567717159        2220.60997599624     
   2279.38835087998        2235.90802665219        2253.59440972361     
   2505.22731368352        2442.47638178667        2443.22884888018     
   2266.89057900219        2221.26729236491        2262.05019203203     
   2126.64701090989        2051.71447560499        2079.79947941550     
   2050.10882633104        2019.88760142406        1986.34664664517     
   2199.21121056112        2063.55274091951        2015.14788025363     
   2047.90761862172        2163.25682824545        2118.04875957673     
   1976.20634034398        1964.48447830723        2030.69947899954     
   1987.61030785977        1947.49743701566        2009.10059795715     
   1920.94325780465        2102.14712962756        1943.55226706376     
   1733.41214375510        1955.03102038756        2235.09805049271     
   1990.13246490537        1951.02300800188        1983.23182765680     
   2102.28588059588        2015.28261316317        2033.70015812871     
   2116.06317510401        2203.69596497683        2205.84542315294     
   2083.90710298588        2250.48543415195        2263.95116569768     
   2231.44108188689        2374.62345477385        2234.92896001724     
   2065.98309633059        2029.18857908158        2062.84614155076     
   1950.44786809607        2144.66697224717        2093.61193111587     
   2137.79446758156        1968.94070305193        2122.15642230264     
   1946.39497741551        1975.02974047758        2132.70461725830     
   1987.83315165291        1916.44227449073        1959.84477038965     
   1926.98499031389        1815.32466024208        1887.77036679542     
   1900.77318967910        1965.51153838926        1937.98791217913     
   1982.68486614614        1913.31757302597        2018.65804740693     
   1955.01136130198        1970.26758029270        2085.49432126198     
   2215.08950077897        2239.99000104646        2060.04632032533     
   2268.61210633426        2217.61506970613        2278.25091623825     
   2262.19217710556        2234.75082295624        2232.35350011319     
   2269.43857470053        2100.35574147129        2094.52891672504     
   1995.52012385057        1925.25562416238        2237.05756056026     
   2004.70449276515        1857.63867429192        1966.06799411795     
   1896.05171173845        1949.82129575091        2116.28800040828     
   2324.37262515780        2237.13531102118        2219.24569249307     
   2287.35624745142        2230.33012659095        2194.78745903239     
   2289.00807747124        2197.39128423565        2017.74930730157     
   2038.67594376909        2158.40490889736        2030.48414884597     
   2143.85479329709        2117.04202185056        2192.68878547958     
   2129.62418101207        1924.45598819938        2114.85105243407     
   2144.89880038689        2233.54118573912        2134.71015586439     
   2042.37232097005        2206.62373935411        2358.89682450293     
   2297.56114645033        2276.34602091261        2427.96985621290     
   2331.21302264272        2048.92554075643        2015.43664783767     
   2170.67594362910        2064.57585001870        2058.89768894186     
   2107.15494769845        2090.80449648736        2046.82016496719     
   2122.77659235464        1936.87830121535        2141.04601587829     
   2122.57536390824        2035.78269914113        1848.64431056983     
   2029.10451859454        1885.57783423825        1904.87365670860     
   1907.79678644515        1901.92746074184        1943.69702417769     
   1074033.00000000     
   879.366707837391        2862.76319581168        2923.69751622650     
   4210.80081376899        5284.84113442048        1227.10746881160     
   5761.34971833317        383.775459684896        5757.58729671744     
   1183.70856959011        4392.09880636715        4217.67463123774     
   10093.7232521306        2354.85318744767        2294.81508431660     
   2100.82631678537        6661.54079569765        827.732755461465     
   1518.95301787205        4580.38898475456        455.261470383841     
   4427.79530987643        1698.84750038435        1883.13006563499     
   7662.45485892333        8314.49520725008        5543.89020382379     
   3181.77427442574        546.286708844496        4677.55246612088     
   3791.86150801704        2873.72072033751        5203.13317375879     
   1843.72186979019        5015.35874305354        2768.22072725632     
   3568.79640804422        1848.22832084904        2243.53623690216     
   4455.92469575407        2433.51739129664        2684.99934306830     
   3175.48384367944        1476.37424201399        2362.83459420105     
   161.910952677089        4754.72861108362        5095.70546802954     
   1114.02344833869        3988.86866772090        12015.1708340858     
   5106.91663895642        2949.18052465307        1951.80905616220     
   1865.16344555986        1874.17634767755        7380.89044398587     
   2575.62701493092        2852.66806904947        2413.94434401478     
   523.044243627299        2749.82290829938        4120.71406699226     
   1013.08063559656        1577.13104739535        617.045599860400     
   6004.59661695040        1991.51317280823        2110.21123362461     
   2121.32940087111        11.1097123664593        4036.22445079894     
   3740.24446540119        3447.08840993525        2901.79092205489     
   948.493807006471        1135.03382522656        391.723046918132     
   3237.01846057677        9135.11740860181        2259.35531744831     
   1387.97847124434        2209.52225451992        5490.01570823849     
   786.151655447578        2170.33388555604        2884.25550086156     
   66.3116241173061        1714.37911500930        1338.35678031682     
   7455.91059453959        1037.81961458002        1245.39537432807     
   3732.68580264958        26.3707708302789        2428.93484631747     
   2959.93513205804        4361.31458815842        311.350957302027     
   5957.28310827254        3063.61732593163        1431.25900214533     
   5881.96703691758        783.192447435203        5354.35715807119     
   3429.02878617973        4371.05460995915        4133.59930416614     
   1022.33872923528        667.707241032260        1504.84182309304     
   3003.88359848183        731.778321940197        3097.30156799249     
   4739.23927085885        5282.82041809203        3368.05219136473     
   3108.64801699994        3966.39559658692        2268.05538900470     
   1422.84639651015        3019.22075086597        1511.96083208281     
   1233.65154595896        2929.99640185284        478.850585682487     
   954.682779192352        2845.28695877860        2873.08660433485     
   1333.76578045763        2202.00586616849        287.651928562921     
   2862.99993245267        2978.25685709466        1643.68786303368     
   160.541262111362        2366.83375245777        41.0484425716590     
   813.317185001181        5934.56484561754        4714.59329555578     
   3792.59708258012        231.401611687690        147.343194376169     
   2896.70108427361        4739.70428926079        2477.24603083950     
   2080.34014245970        6451.59766953970        5749.10705204198     
   5654.55612860658        4428.98744796142        6536.96659325670     
   608.514625904725        21.3485720892768        708.020109040843     
   490.357677410608        2388.73189174935        4244.18913502862     
   7891.07481507939        2522.16680846736        4124.84850332955     
   4461.87693129896        1493.18254352428        419.632605914846     
   4003.74925658313        6957.30940909451        1313.22042197171     
   2028.08898384119        6410.30403544701        4586.53568254026     
   4689.04264808893        1564.54173102270        331.930135308086     
   1717.05085710047        1236.46702101074        7735.28519554790     
   4966.87846093080        3384.78439895470        970.645592699106     
   12659.8047075016        1275.35946917338        4058.37623649157     
   5086.97157695302        2034.80215858926        4277.06170860608     
   1323.46773657456        3216.01653856894        5992.46386409966     
   4803.91910312933        3782.55268509812        3237.85549370027     
   2681.92176673543        2321.42259178787        824.824276729302     
   125.216773323639        8506.74226949403        2652.96380261433     
   4260.17731317548        4062.61213138929        3801.13651141583     
   2345.70500724942        829.795746190092        2682.32760097713     
   3620.37963113993        5707.01020434593        188.028077106308     
   5736.98275407127        5620.81270238547        1553.60957113698     
   1879.51983185989        4325.54199072882        4666.46811839453     
   4811.69759276186        1809.46269588692        1042.24997171855     
   15.7176219857289        5714.62805125779        1718.71646846744     
   3176.37160608315        3117.22972023583        3394.76115739642     
   1372.17630045825        967.441193165706        2418.92426835561     
   1190.76839441963        4667.82089920019        2392.87478296667     
   1508.90862039005        2531.93219490819        4419.53489208189     
   658.559060834004        3541.66469801076        1131.09385113008     
   5768.00370892100        1054.85619785126        3114.34660614377     
   516.136606638412        36.9562806345461        2343.05017491831     
   5556.93608371834        122.130742110734        3661.40270907148     
   383.538723043906        459.446636001343        4015.56917887256     
   2087.72125273056        4169.27044303532        483.323217221191     
   1811.84697205690        8812.41154741230        687.297198074183     
   1207.18777144829        603.069683161955        1258.99927630496     
   1863.95439771480        2914.50706162807        955.832642877161     
   6132.62041044578        3881.82143159324        753.828649072408     
   2411.68689104534        1416.80961216490        2483.31663470489     
   6073.87590396012        829.812655950163        5841.65416890900     
   1331.22086156698        1656.76756244837        870.717365561221     
   3140.59900865355        7987.27444012168        5847.64022397403     
   6402.90601541608        385.796176013347        767.863749931101     
   2081.14335606306        6415.18250122741        5641.07059495018     
   676.348128428395        4485.77887715891        617.907997624006     
   3355.31068715145        813.063538600120        3070.04303475850     
   2352.73946743883        5179.78079510113        392.779906922552     
   2736.59102104405        3253.13346192416        1591.62271177595     
   3845.92201096312        1737.20729110476        1512.69640664589     
   2963.66373415363        562.266432111321        703.987131263978     
   1365.79286603156        3201.68551690901        3025.19835105096     
   2103.30359663573        3901.77494847669        1012.96226727607     
   3769.64208328413        266.675371195200        2097.08080492970     
   1495.66827825468        776.648370287837        1294.56895661371     
   582.473595395825        2307.90323861133        1874.39617455847     
   1234.86904868405        6777.14437042109        2251.17099357409     
   3523.09778145311        5924.57963229578        1758.53895343397     
   2909.56941168742        1034.91113584786        644.295678214356     
   3898.71428190389        5146.17264696059        6235.16119551459     
   3572.76174678080        4634.60167554127        3098.18087551617     
   4146.50145110010        7412.61315387853        1383.92858370740     
   1351.19974309053        1274.60698485023        6306.44428909268     
   1114.64065458127        2903.87927742362        1486.63846637692     
   44.2612969850947        14.9482279025114        4823.89798465288     
   4177.09120706802        1430.64179590275        6453.55920170790     
   869.880332437720        206.197614302290        141.720699152656     
   1244.78662296553        1010.98382534780        5257.81933782748     
   2329.33635950096        5859.00358274155        1790.77741100879     
   2839.03880243247        2851.08700648285        153.329249441202     
   8430.06496245337        3655.91549192854        6143.92458505305     
   4433.75600030136        784.409950160295        7983.40210506549     
   5071.93034537012        2063.24437502820        1379.39676800845     
   5848.46034733746        5507.22138911044        3610.95243990051     
   3787.05068127693        8610.44137312768        4732.44154731042     
   2222.91478449592        1246.95107225458        3844.57768503750     
   909.948008925278        6257.28761656712        478.250289199977     
   1640.72020014127        680.110550044129        4487.71504468701     
   2565.27824176764        3137.67362016132        4562.11798899815     
   8348.74592627331        164.515055727979        39.3743763246582     
   3892.20402427666        3832.10673698534        1863.85293915438     
   8887.65152484694        1625.96643447957        4808.80602378977     
   3999.08216280361        3915.24357237301        6292.13017719282     
   2033.45783266364        1398.74153352935        11594.8026536079     
   3537.53871655350        2715.17480991449        1542.83805397194     
   4825.13239713804        1498.85576802801        3025.10534737058     
   5061.67457588723        3582.34112586086        4102.29088339522     
   6964.53833152474        830.768057394158        1374.23083630684     
   2589.04490954703        2339.44839602325        2808.09394150306     
   2240.56857400975        3398.36293629149        2016.37897499222     
   1250.41757306907        6845.80645118822        8265.27089568423     
   3953.11298005138        2718.44684848817        1055.11829913236     
   10012.5310391510        8677.37865836761        3960.71391720316     
   795.401294206259        257.163631155423        916.635819033245     
   2041.68443093804        67.2162962810893        2102.95694655428     
   2039.75671828998        690.890522089209        3734.72342873810     
   470.919908209322        769.960560179869        6813.88927905475     
   4563.13257460239        4264.30329463273        4536.13614264950     
   394.893626931391        4713.63789411179        6919.82047101774     
   2973.50521451479        1074.14177921191        5256.81320710327     
   4932.08662958531        626.193780058657        1488.34635214406     
   3242.46340331954        3632.54620351081        3773.78497450145     
   7271.92395009019        1924.93944740983        4380.67626343939     
   1431.34355094568        2427.26078007047        961.049303858976     
   1946.79531230123        252.471172735800        3365.66791519476     
   3520.81496384357        1543.19315893342        815.481634290232     
   2372.83671728288        463.454249138102        830.658143953698     
   38.3259712002739        1780.02280360381        6802.59355932751     
   6311.54258175400        446.552943947423        1475.13137464880     
   354.428571082172        3662.67939595682        1958.71669315108     
   8200.32050725261        4193.95023785852        2741.96832474654     
   5142.58777782560        1339.99702704368        3082.08278392885     
   3724.65366661599        4218.88367908279        1172.23529738213     
   377.256747177636        7834.71458476370        1177.84933772560     
   1562.01372189213        1602.36886430089        1275.27492037302     
   307.165791684525        2223.26143457737        3863.44052239638     
   2291.81360190405        3204.36571388022        3281.20366364154     
   2798.05799890109        1522.17432716552        497.899430402147     
   524.912772115113        1738.39942918975        1598.38661580423     
   1258.20451758164        1759.06315599616        555.688535443813     
   3343.46540022191        679.045235159674        2487.84845040384     
   641.116643321062        5266.19812394252        737.231719563002     
   3547.20264443391        2407.11280094621        2918.83596020617     
   133.612469198749        2460.55609764971        68.8311783678425     
   1607.55170576256        1927.10389669888        3621.85078026608     
   376.157612773039        4475.09190879422        4682.21110502036     
   1213.35983387410        5432.70853135884        5063.37400677433     
   362.130966794382        3905.84174577369        6355.66014577850     
   5954.72127962183        2761.08480850648        1042.51207299964     
   2610.39348163631        744.037897991464        781.501471428132     
   7156.10900336587        732.184156181894        2135.93943357221     
   696.301645311838        4089.45637550155        9559.32410461578     
   1486.46091389618        5645.03593368677        8.04904579366000     
   670.750997844989        4180.45624932209        598.318040582084     
   4157.50970490614        1653.07277987292        4307.55000601358     
   2417.51230338970        1179.51494909257        12671.6922688313     
   2575.99057477244        304.637782553953        646.950510545458     
   4461.95302521927        3519.49600255805        8544.10438437027     
   1699.16033094566        785.331532084149        1532.27790880778     
   12232.1315106731        2208.38084571515        5522.28798533345     
   1246.38459529221        4582.51115964343        2032.92517522141     
   3300.30323764142        128.734003418348        3515.38693086087     
   5460.29680491421        2844.56829397559        399.188705989352     
   5960.42832364569        2601.48203807904        3539.57634264202     
   8107.13927438294        2606.03076353806        5371.74039142388     
   4714.22973571426        218.812295315043        2014.40053306395     
   913.710430541012        3239.31818794638        2960.56079318066     
   2303.78571203412        6.39188930673000        2226.44892435070     
   3197.65253913214        1713.85491244711        2947.86156336755     
   442.655244251123        5139.61166005315        5642.05136103428     
   4692.66133674407        501.475844657103        3723.66444565185     
   366.020211610646        5190.51849274604        4216.26266627183     
   1532.51464544877        395.104998932275        722.291946540526     
   6807.86094958954        7250.19490839932        180.401775314415     
   2781.74008043285        1941.72238428002        3303.35544933418     
   395.257186772911        252.530356896047        3137.36078960001     
   960.322184175935        2078.52234325210        878.385941753289     
   540.571209940595        589.051492063332        1334.99173806275     
   1951.26794383993        4135.79757297534        9.46101075956465     
   3140.26081345214        5733.05968973487        4373.70098741022     
   4136.84597809972        5783.15485394436        294.830121712939     
   1895.48264536665        2211.61906476869        3562.75962369897     
   1377.14776991904        3016.37991117409        3332.95598433796     
   183.944370049230        4913.82408870894        149.896568146847     
   3008.59296666152        5157.51064108800        4639.31949860100     
   6073.16569403714        4899.01959376703        2534.63775651951     
   1702.77056472075        2824.60632221212        4108.82650566255     
   3279.79169867564        719.265099487868        1593.23759386270     
   2356.93308793637        3475.15861165264        5934.78467249845     
   4193.27384745570        3003.58767768059        3369.04986720890     
   4997.78950234007        1263.05761872193        652.911200970385     
   1977.64716955025        3894.01336860423        5926.87935966540     
   3560.69663297034        11977.0815995265        2290.76519677967     
   4883.97836218413        667.056215269537        1553.55038697673     
   7044.25094049809        7952.93071741806        3371.94143618100     
   4574.24228696885        2974.37606715843        2257.00486079848     
   1993.63534769711        3276.26601370089        4578.52045626674     
   1093.74019113387        4046.64086300250        1100.00525724007     
   1020.81685082892        3049.53149579272        4973.85373695997     
   1925.14236453068        825.686674492908        7602.76340587371     
   227.935110873193        1039.56131986730        6846.65193919176     
   1778.69538743826        3122.14200553637        875.189997099924     
   3202.37036219187        871.326116923766        1099.06676555615     
   2822.59406076370        6524.56328424483        1734.94138325529     
   5081.05316092827        742.279282944110        3871.59102675046     
   1978.15446235237        1855.41496887909        469.457213963206     
   6406.29642231025        2610.83313539815        2714.16867919028     
   179.759204431728        7276.11757058772        4611.55367256488     
   1134.30670554351        1783.77677033951        9526.26552367754     
   2408.31339391124        2532.12665714901        1640.28900125946     
   1954.32015553270        6858.95378964320        4135.56929121438     
   6230.49410173507        589.871615426762        1734.51018437348     
   2580.74221735231        12891.7474315115        7666.69920870108     
   1637.18606028649        2588.25015082371        2157.92212166413     
   5775.59619119275        713.279044422835        460.545770405939     
   793.566585238586        4274.00104203329        3028.85931410627     
   2675.70742990944        2404.20432221405        1675.99395964878     
   2660.11663112424        657.273919068629        6019.25737893171     
   1627.29385064512        3252.71917280243        1500.73275139586     
   3478.41374046625        8322.56116280381        59.5899944891972     
   3921.67773607992        2549.78890154287        1935.26285593300     
   4223.88896806372        4598.96435619224        2376.58222913854     
   4152.63969400577        892.319584051558        1898.61940585977     
   1528.42248351165        94.8975735168486        2571.28120659274     
   70.7673458959393        1897.35117385446        2663.55776729863     
   7869.34577338852        3926.26873593912        942.634575141968     
   3892.21247915670        1475.00455144827        755.316707958631     
 ------
  0.000000000000000E+000  0.000000000000000E+000  0.000000000000000E+000
  0.000000000000000E+000  0.000000000000000E+000
  0.000000000000000E+000  0.000000000000000E+000  0.000000000000000E+000
  0.000000000000000E+000  0.000000000000000E+000
