           3           8           8           8
   4.00000000000000        7.91500000000000       -5.20000000000000     
   1100000000.00000        75175006.0000000     
      129664         579       99550
   22057902.7500000     
   32051016.7500000        35785480.5000000        34281461.7500000     
   33407080.2500000        32291104.0000000        32866490.5000000     
   36301107.7500000        33716306.7500000        31928644.0000000     
   32793287.5000000        28006234.0000000        32888739.5000000     
   33758830.0000000        31747354.7500000        38025274.2500000     
   33673015.2500000        33488089.7500000        35355591.5000000     
   33620572.0000000        34236865.0000000        34013629.0000000     
   33115279.0000000        32268681.0000000        32122306.7500000     
   28200389.0000000        32075298.0000000        32776694.7500000     
   32291931.0000000        34148887.2500000        31037446.5000000     
   35879950.2500000        29014412.0000000        30614202.7500000     
   33099200.5000000        31666695.5000000        33047989.7500000     
   31073465.0000000        35532964.5000000        34673098.7500000     
   32838067.2500000        33659271.2500000        36864860.2500000     
   38833135.5000000        37211901.2500000        34032145.0000000     
   34476793.2500000        35473117.2500000        31775862.0000000     
   33617572.5000000        29901247.0000000        30762755.0000000     
   32277679.2500000        30286370.2500000        31399307.5000000     
   28468443.2500000        32773708.7500000        31307719.7500000     
   33307098.7500000        38868245.0000000        32060811.7500000     
   32408738.0000000        32561956.0000000        36797929.2500000     
   34900394.7500000        32370464.2500000        34361138.2500000     
   33492173.7500000        26270008.5000000        27663408.7500000     
   32941930.7500000        36020491.0000000        37232379.5000000     
   34366984.7500000        35594668.0000000        32980281.0000000     
   33416098.0000000        37755890.7500000        37359656.5000000     
   32030272.7500000        29742532.0000000        33290405.2500000     
   32065959.2500000        35790865.0000000        34638312.5000000     
   33683229.7500000        36864280.0000000        33467429.2500000     
   32531616.7500000        29265502.0000000        28801726.5000000     
   29521343.2500000        33644967.7500000        34655890.5000000     
   28709139.0000000        32733322.7500000        30338939.5000000     
   28973977.7500000        34787881.2500000        30856426.0000000     
   33447009.5000000        34480350.0000000        34081123.5000000     
   30631815.5000000        30630102.0000000        29539421.2500000     
   28688850.0000000        32747681.5000000        34032003.0000000     
   34504863.7500000        32884256.2500000        35169691.0000000     
   35511051.2500000        31251447.5000000        30471890.5000000     
   33532725.5000000        32574993.2500000        29312417.5000000     
   33926272.5000000        36094038.5000000        32970797.5000000     
   31847090.7500000        27664300.5000000        31758714.0000000     
   35030721.5000000        33917279.7500000        36858316.5000000     
   34015364.7500000        30496125.2500000        30063901.2500000     
   34919621.5000000        31499662.0000000        32343272.0000000     
   30916499.2500000        33642098.2500000        29999915.5000000     
   30778474.0000000        29461522.5000000        31933497.7500000     
   28542506.5000000        33198227.7500000        30813814.5000000     
   35449841.5000000        26082874.5000000        30517405.0000000     
   35022352.7500000        30211827.5000000        30865594.7500000     
   33840673.2500000        33509050.0000000        33105743.2500000     
   33266814.2500000        31437835.7500000        34302086.0000000     
   32680290.2500000        33590407.7500000        31671020.5000000     
   33787932.0000000        34175199.2500000        35230277.5000000     
   31835942.0000000        38020254.0000000        33205586.7500000     
   28261000.2500000        30664704.5000000        34522414.0000000     
   36776308.5000000        33768380.2500000        31590061.5000000     
   32372449.7500000        35987741.7500000        34395605.5000000     
   32493836.5000000        37240734.5000000        34197272.5000000     
   31913130.5000000        30073119.5000000        28729213.5000000     
   30186645.0000000        34714371.0000000        32926145.0000000     
   32291575.7500000        34301413.0000000        37532540.7500000     
   37982597.7500000        34746112.2500000        36141079.7500000     
   30142722.7500000        29241316.0000000        31166633.5000000     
   30716735.5000000        29979733.5000000        32389764.2500000     
   36768658.0000000        37528989.0000000        35652139.7500000     
   34594210.5000000        33875030.0000000        35134294.0000000     
   32342179.0000000        30141672.7500000        34069522.2500000     
   34657589.0000000        31800487.0000000        33048674.0000000     
   36382150.5000000        29056751.7500000        28381426.7500000     
   29534153.7500000        29467612.2500000        29749373.5000000     
   33554636.0000000        31819001.2500000        27748109.5000000     
   33504657.0000000        36798643.5000000        33945769.0000000     
   33231727.7500000        35125152.7500000        34466311.2500000     
   34723838.7500000        31434344.2500000        33310291.5000000     
   28873731.2500000        29365827.2500000        32998989.5000000     
   33774445.5000000        32383280.2500000        34368511.7500000     
   33708321.7500000        32945378.0000000        32156258.0000000     
   27517051.2500000        26860336.5000000        31064132.0000000     
   33728276.5000000        31640490.7500000        26933286.2500000     
   27422725.2500000        30009434.0000000        34196064.0000000     
   36054017.0000000        32852879.2500000        31408758.5000000     
   27674558.2500000        33096509.0000000        29394149.0000000     
   28917405.2500000        34287813.0000000        35340696.2500000     
   31126344.2500000        28527370.5000000        30896058.7500000     
   34366747.0000000        31908988.0000000        31715117.7500000     
   37551926.5000000        31328349.2500000        32313743.5000000     
   30945460.2500000        33881182.7500000        31172102.7500000     
   29693973.7500000        28578964.0000000        30244219.7500000     
   30367457.0000000        31226905.5000000        32249399.2500000     
   34234410.5000000        32521758.0000000        32234705.0000000     
   31331025.0000000        31325585.7500000        35079880.2500000     
   32638992.0000000        33072289.7500000        34607602.0000000     
   31824382.5000000        33283575.0000000        32742374.0000000     
   30936825.7500000        30486170.0000000        27836220.5000000     
   32650156.5000000        33251393.0000000        32468192.2500000     
   29759697.5000000        29621398.7500000        31164559.5000000     
   26749661.5000000        29211973.0000000        30079352.0000000     
   32077117.7500000        31488249.2500000        33778882.0000000     
   30632361.2500000        31547001.0000000        31044840.2500000     
   35980501.2500000        38310669.5000000        37884581.5000000     
   33508067.7500000        32128438.2500000        28842134.5000000     
   30003642.5000000        30148031.0000000        32056431.5000000     
   29977075.2500000        31253802.7500000        27827463.0000000     
   29950228.7500000        30323850.2500000        33114896.7500000     
   35638240.5000000        31864528.5000000        30101536.7500000     
   30795758.0000000        35451077.0000000        35264634.7500000     
   32417466.0000000        30938922.0000000        31775455.2500000     
   34672174.0000000        33139564.7500000        31837586.5000000     
   31331562.7500000        34104037.0000000        32313283.2500000     
   27909575.2500000        31644490.2500000        31920397.2500000     
   35870634.2500000        39580128.2500000        33222400.0000000     
   34133491.2500000        33402336.0000000        32596278.7500000     
   35804264.2500000        32452090.7500000        34429250.7500000     
   34156595.2500000        30233815.2500000        33467421.5000000     
   35732601.5000000        33280096.7500000        31485304.7500000     
   29619886.2500000        27577444.5000000        30973439.5000000     
   32367380.2500000        25768019.7500000        27661280.2500000     
   31311429.0000000        30389221.0000000        30042752.7500000     
   31193138.7500000        30764976.7500000        34297732.2500000     
   37669659.2500000        34598156.2500000        32916914.0000000     
   31222624.0000000        29330986.5000000        31275873.5000000     
   28628437.7500000        28428804.0000000        33445018.2500000     
   32709638.5000000        35310746.7500000        30997326.7500000     
   32232118.7500000        33108920.7500000        28466977.0000000     
   36990777.7500000        29023523.5000000        33087229.2500000     
   35498556.2500000        33972148.0000000        31394719.2500000     
   33183597.0000000        36198519.7500000        36131377.7500000     
   31594771.7500000        29423101.2500000        27817874.5000000     
   30325149.5000000        33593211.0000000        31097114.0000000     
   33997347.0000000        33614737.0000000        27872697.0000000     
   29316652.5000000        33930060.0000000        36983058.7500000     
   32397129.0000000        30684037.7500000        30800266.2500000     
   32471016.0000000        32871852.7500000        31824217.0000000     
   35326445.5000000        37010726.5000000        33561926.0000000     
   38715620.7500000        32134482.7500000        28865145.2500000     
   31125911.5000000        32560966.2500000        29838706.7500000     
   27978640.2500000        34473765.2500000        29598827.7500000     
   31968848.0000000        32093535.2500000        32228413.7500000     
   32502725.7500000        34105726.7500000        28295543.7500000     
   31450073.7500000        34629950.7500000        34222860.5000000     
   34041958.5000000        34348745.5000000        33587249.5000000     
   32525722.0000000        29102983.5000000        27358237.7500000     
   28298836.5000000        31646811.5000000        29152605.7500000     
   28947699.5000000        31562258.0000000        36300679.0000000     
   35308192.7500000        32081176.5000000        30133314.0000000     
   29420231.2500000        31474861.0000000        33931141.2500000     
   31806616.5000000        31462207.5000000        32698327.0000000     
   30803158.0000000        32419253.2500000        33259008.7500000     
   30984439.7500000        31428893.2500000        32762598.2500000     
   32985559.0000000        31229381.0000000        26590248.0000000     
   28358904.7500000        30298087.7500000        31585671.7500000     
   32774441.0000000        32990758.5000000        34804123.7500000     
   33532160.0000000        38511827.5000000        37354560.2500000     
   37126941.2500000        34028685.7500000        29038042.0000000     
   29481038.7500000        31174524.5000000        29637090.5000000     
   30944693.0000000        27692653.5000000        35834603.5000000     
   33154490.7500000        32921275.0000000        32789297.5000000     
   29463001.0000000        30933485.2500000        27025401.0000000     
   28637299.2500000        30032042.7500000        31003178.2500000     
   29967992.7500000        38737075.0000000        38277793.0000000     
   31437333.0000000        32304789.7500000        35083090.7500000     
   30555385.7500000        35818655.0000000        33027189.0000000     
   33388984.5000000        32118297.2500000        30909627.5000000     
   33328356.5000000        30351031.0000000        31576969.7500000     
   35073388.2500000        32601843.0000000        34162443.0000000     
   26381581.5000000        29433860.0000000        27475531.2500000     
   26306355.5000000        30923757.7500000        31385064.2500000     
   26145146.7500000        29046586.0000000        32177553.0000000     
   34835414.5000000        32360441.5000000        30424200.5000000     
   29828736.7500000        30526285.0000000        26330376.0000000     
   30092173.5000000        29174206.2500000        29158672.0000000     
   29772102.5000000        30786729.2500000        32656236.2500000     
   30105636.0000000        26752629.0000000        26961185.2500000     
   29805227.0000000        29729886.7500000        31067154.2500000     
   31977935.5000000        30481854.7500000        33038387.2500000     
   31722361.5000000        30312442.7500000        34787423.7500000     
   32106080.5000000        32479762.0000000        33273649.0000000     
   31222828.0000000        32899022.2500000        32283315.7500000     
   30240350.5000000        29597879.2500000        28657513.7500000     
   30262396.0000000        35517458.2500000        32696983.2500000     
   33931000.7500000        32018624.0000000        31248608.0000000     
   29451201.0000000        30848685.5000000        33879643.0000000     
   32698043.5000000        32986865.0000000        34091095.5000000     
   35503089.2500000        35164416.0000000        31507940.5000000     
   33688287.2500000        36607230.2500000        33623145.5000000     
   30366933.0000000        30607795.7500000        31046474.2500000     
   33438065.0000000        32600202.5000000        36555073.0000000     
   33130065.7500000        31409263.2500000        36232365.5000000     
   34450054.0000000        31683703.2500000        34905611.5000000     
   31528851.7500000        31740303.5000000        29785784.0000000     
   28018031.5000000        35082846.5000000        28449117.2500000     
   25676519.2500000        32818403.2500000        30495093.7500000     
   33043289.7500000        30667655.0000000        31392928.5000000     
   12511636.3520690     
   18000339.9517969        18736576.3939882        17148899.8316460     
   17452715.4759585        17637727.8106883        17799296.2904023     
   19163510.9041065        18156444.6635828        17371146.1615939     
   17261746.9399231        16802638.6501410        17842175.4926564     
   18486965.7570858        17465481.1376934        18842088.7532240     
   18443004.1473836        17706166.1200977        18507400.0849173     
   18339381.9260970        18134039.6429665        18852994.3385042     
   17416054.1760176        18126092.1543793        17510884.6303370     
   17047966.6220073        17764642.5606741        18165605.8889677     
   17836028.1685571        18544712.7094572        17240629.7157872     
   17977284.1737738        16819353.7198081        18091180.1380530     
   18180785.7009550        17367464.8203660        18196003.8433666     
   18193366.3469697        18027444.0775058        17996153.8237112     
   17248172.4395467        18045779.1300725        19043625.5950464     
   19073388.9199092        18204637.8953517        17157782.2058792     
   17838724.4208559        19015993.7396140        17812510.0188925     
   17418607.5943875        17008835.1226288        17702372.3035739     
   18312344.0481553        17972356.5489676        18064247.2777576     
   17167675.2325691        18014342.2024144        16815185.4652188     
   18072981.3106578        19533774.9272231        18215902.2484009     
   18320038.7270681        17796690.7816603        18910894.6973088     
   18453233.3325407        17114709.3552238        17561106.8619339     
   16850301.2370195        16401096.3796020        16558264.6875138     
   17677179.0861269        17353548.7619276        18263379.9555802     
   17995247.1920493        19379107.3300501        18275486.2152034     
   17968939.0400623        18651683.7802921        18306046.0917923     
   17191950.3228195        17937173.8825253        18326982.0491602     
   17791857.1954250        18018740.0527163        17429626.7879440     
   17170891.3742427        18368621.0183023        17393161.9012570     
   17026492.1563965        16328786.8971783        16606078.4920515     
   17191009.7841752        18769411.5484530        18571316.9580545     
   16516119.1263086        17860624.8154346        17207105.1988374     
   16116297.2638730        18286097.8232779        17027458.1962490     
   17450600.9191224        19145380.5453802        18230634.6850995     
   17513398.8045244        16696263.0298146        17062208.7934473     
   17074181.7026052        17477374.9819114        18497822.4126525     
   17697630.0892577        17628811.7571796        18041322.3364943     
   18163994.5354673        16699984.3167852        16940358.1994946     
   17689889.2998850        17915715.1896705        17332623.2437459     
   18192320.9295091        18013093.0506071        17831130.2308534     
   17248000.0227988        17065706.6800410        17554720.2809809     
   17015869.5819666        17801909.7333028        19256452.8834310     
   18291635.4043671        17648603.6038624        17101170.3102985     
   18047585.9203563        17140287.0546178        17906218.9855817     
   17035097.4480687        18041888.2698160        17309888.0480563     
   16516086.9638482        16840108.9807280        17558826.2678934     
   16790655.3713224        17925358.4644989        17691347.2926761     
   18847048.1600626        16958150.8219704        16699989.4321063     
   17886042.6252945        16760938.2148541        17017167.7545424     
   18540061.7384010        17570988.1782749        18131377.3477233     
   17643168.9240136        17406761.1166523        18475778.2451224     
   18502099.4188341        18989116.9803766        17292226.8913535     
   18500675.8006183        19636412.1636813        19101482.5082348     
   17079794.3344539        18037310.7479895        18268963.7411911     
   16932349.8421713        17370433.2574327        18355678.0553610     
   18481469.4589249        17435345.3484519        17252818.6717819     
   17806132.1667689        18198207.8888277        16667381.8444625     
   17724075.2552116        18034947.5975739        17163059.9141417     
   17488823.3260572        16547778.9072052        17023345.4352079     
   17668832.5914177        18966325.7657110        17346753.9208719     
   18086790.2858768        18946771.6523892        17267437.6856668     
   18086524.1495255        18244246.1509333        18468339.0036206     
   16962865.9192581        17106198.1658161        17448757.9919959     
   16497864.5373642        16810077.8043998        18265817.7142130     
   18173008.3535696        18658528.0684576        17553793.9963458     
   18365857.6268698        19228180.2774787        18108117.0968395     
   17650059.9163622        16538735.8279617        18351516.3270235     
   18196848.3703198        18200469.2287226        18547325.2125303     
   18634401.0153824        16902326.9859103        16683289.9687196     
   17984182.3901877        17575599.6047724        17766094.5355630     
   18320919.4166637        17328459.1521313        16811192.3391384     
   18191371.5096062        19011631.8114179        17241076.8918748     
   17885982.4348718        17991633.9864274        17866838.3015402     
   18413108.9195993        17807778.7857801        18209967.7949155     
   17831028.7749432        16933339.3744602        17681772.8487542     
   18371144.2326085        17196715.3586694        17385470.4937205     
   17860192.9142821        18113787.7124990        18398261.4745074     
   17154170.1956049        16837003.4257063        17276870.5588596     
   17455359.7604979        17909589.2904315        16221431.0254818     
   16673924.3702663        17226083.9867604        18699584.1610569     
   18226603.0429902        18144093.3176453        16959971.0732024     
   15849743.1867193        17961650.4408211        17002027.6333245     
   17042958.1176401        18417344.0695640        18206076.3147688     
   17470460.6636031        16404629.2387556        18265823.2262965     
   18548821.9294203        18152434.6928776        17596718.1288525     
   19296588.2127383        18201700.4327908        17891037.2115711     
   17887203.8314021        19405537.5960883        17512988.5831198     
   16632822.5751887        16328645.3916742        16919765.3336187     
   16652978.2856291        16737731.9068866        18105869.5708056     
   17388498.9807227        18029088.5942741        17717596.0691926     
   17799983.7398317        17542044.6149515        19143964.3607186     
   17913364.3681878        17993441.6758169        18499283.5820351     
   17529275.7263425        18490167.2369496        17285237.5331429     
   16961882.5851493        17187326.0275051        17057172.3354108     
   17737592.4209612        18076083.7226101        17926388.9847707     
   16462853.2220971        17434048.2705060        18491342.2234240     
   16745480.0597942        17780133.9032041        17466485.1198773     
   17213621.3201079        18094637.1153179        18010296.1624998     
   17312710.8782002        18067330.5096968        18510335.6619760     
   19444283.3283957        18729537.1159946        18906334.3588383     
   17135949.7240479        18106889.4799150        17202324.7456722     
   17348927.8697397        17718390.8166400        18064498.0326376     
   16686929.0014277        17409223.8284229        16845101.4030751     
   17155305.0176124        17047505.2947091        18228137.3560754     
   18530781.2062434        17848594.7727214        17180552.4627373     
   17683699.1109747        19059651.4817161        19025422.3891126     
   18140376.1568229        17586518.1310687        17863105.1527847     
   18155928.0206534        17160253.4078683        18124445.3293117     
   17859959.4766058        18032820.2385859        17852080.6388565     
   16954367.1203373        17581908.9251849        16479434.1057240     
   18193125.7338567        18974133.4638702        18193441.0568126     
   18128290.6831863        18477525.8609408        18051476.8817062     
   18505109.1590999        18631611.0375335        18112486.4123846     
   17915501.2873574        17095685.1832798        17729118.4458767     
   19318271.7998761        17602691.9787363        17989840.2400215     
   16749148.7845406        16393468.9547630        16979990.5652065     
   17433314.5714959        16482059.2605211        15819307.2825982     
   17968836.0962049        17317854.7250691        17602781.4326560     
   16560781.9861893        18089854.2996300        17853979.6586060     
   19315616.0652150        17889681.7003719        17764552.3983491     
   18195072.6541869        17676906.1730803        18627882.4886699     
   17241949.1685220        17655283.2272384        18387039.1284070     
   17289509.4846948        17442573.2138064        16502797.4597919     
   17824830.8223343        19127057.1746679        17221480.0092630     
   18151388.9469849        16829246.5813623        17812827.6744672     
   18049891.7020125        18080399.8488591        17357301.8118074     
   18791632.9403452        19113196.5508198        19415116.9389334     
   17573763.9677869        16876586.3405319        16558606.9028836     
   17592803.1143029        17422903.0810302        17435535.1326587     
   17777522.0763415        18124536.8389797        16776909.0757411     
   15916897.2069750        17402306.2332542        18542659.1997024     
   17939909.4527140        17034616.1436528        16788627.1580870     
   17614851.6303662        17396573.0761676        17767581.8250292     
   18245998.5981629        17953729.3737713        18099709.4717022     
   18253121.9849484        17528343.4872938        17163546.6755349     
   17566550.4447964        18212259.2308495        16734882.4060721     
   16303934.9656261        18138352.8758520        16162078.0221346     
   18003221.1648238        18074359.5390481        18138814.9939618     
   17081602.1740266        18214438.4862499        17536420.0623014     
   18180351.2204244        18581156.6175491        17758644.1262144     
   18445923.1355727        17707631.9567733        17570417.8253513     
   17326059.9896907        16767260.4394107        16627787.8576699     
   16417665.6840525        17220542.0286203        16915183.0188412     
   17171270.6748768        17594655.2130211        17772019.7492007     
   17249068.3453009        16884983.3488183        17971979.2494977     
   17494826.7916407        16219655.1617472        18272218.2343226     
   18173563.7667917        17780323.2366445        17486958.4417536     
   17527415.7680999        17171684.7885592        18478229.9482759     
   17884154.9456191        18418288.9223858        17727405.6552048     
   17897078.1557691        17589544.2209308        16901238.5913485     
   16918457.1948474        17537084.9224879        17742324.2158734     
   18348025.8264210        18361329.6083467        18010605.8170979     
   17748747.2258734        17953686.3894592        19158389.3211722     
   18810256.5732957        18143123.2217055        16891810.4099088     
   17536075.6563361        17880577.5779849        16917463.1804138     
   17266671.3135178        18084039.7409894        18460042.2009039     
   17502598.0452435        17609501.2001778        17768434.6637481     
   17179177.9057064        17073596.7833973        17189344.4794876     
   16681590.0857973        17681947.8955387        17485935.4849063     
   16606692.5533960        19209405.9828048        18994130.9533139     
   17268720.7387431        17298648.0635738        17715434.1020906     
   17281393.8073460        19962484.8323634        17815128.6462669     
   18419458.6960031        18135027.3017118        16249625.0491679     
   16883077.0795976        17985839.4296790        17668672.0638529     
   18331374.9658759        17633521.2279670        18009918.7446948     
   16898258.4283309        18384186.1535978        16531129.8428104     
   17064486.4988553        17780606.8605507        17868544.5094167     
   17095044.1555058        17051254.8777261        18316527.7767281     
   18070775.0284354        17772321.4333568        17089666.6433062     
   16764964.0054662        17749628.6603030        17250699.0658399     
   16491071.0347868        16815514.8584680        16775517.3187866     
   16801752.2050357        17498092.2054959        17883183.4695870     
   18265343.7734033        17399101.9789128        16056167.8812554     
   17593620.6761364        17868034.6359741        18213199.0349927     
   17727169.1273674        18029031.9730128        18169886.1608476     
   17083164.8680728        16885239.3460923        18418008.0101905     
   17865639.7128891        18343538.3188760        18104090.8942937     
   17784882.6650138        17324647.3364126        17998607.7398623     
   17980476.2939224        17299051.6185187        17839097.2324684     
   17267132.8672782        18581121.6794915        17958005.7847618     
   17100742.8005966        17610045.7152585        18159388.4021494     
   17213274.0724832        17516138.3730260        17984414.7831562     
   17571935.2892255        17713178.3336723        16604716.6938477     
   17709005.6293309        18470840.8345944        17142951.1603872     
   18608938.1958939        18388420.0097676        16937836.3212621     
   17398883.4889129        16876034.8107322        17454830.7964552     
   18466773.6778960        17526705.7833526        18453103.4153287     
   18186828.8882218        16918355.5448017        17912988.4227229     
   18106013.6221478        17686555.5870160        18782519.1590563     
   17072787.5700036        17039969.8339033        17744710.4703242     
   17557250.2143365        18777418.2052256        17007053.3697633     
   17436865.0888031        18680936.4666935        18104228.3695395     
   18509386.9023649        17103670.6639033        17539566.6605076     
   17087.2377063092     
   24716.4503798388        26816.6596594582        24749.5369241070     
   24940.4377744174        24591.4263162262        25264.0671103086     
   27432.5877365421        25664.2399024676        24399.6766972218     
   23883.1632670734        21764.0626665523        25142.1624380755     
   26122.1510092899        24629.4496354181        27394.2887519093     
   25818.7044542659        25718.8887732132        26494.8421051002     
   25596.2061632355        25776.9160324361        26118.2219988624     
   25288.7203121269        25279.7697368872        24942.6455892920     
   22799.8800721513        24789.1226735107        25549.5522130860     
   24679.9290200357        26081.0136046289        24260.6488809229     
   26008.3159904670        22863.0868683934        24597.2788532933     
   25080.9029828310        24300.4279939832        25657.6731851090     
   24422.3512361197        26078.3991228570        26739.3583159406     
   25019.0980565859        26031.7659836691        27101.7053214750     
   28119.3633218167        27226.7828418016        25344.3980254789     
   25488.9599341942        26788.7506567031        24869.2242837163     
   24989.7682871537        22890.4072807934        24088.8299346949     
   24709.0286697133        24101.1326029533        24176.4995946317     
   22715.6672198921        24964.1856235387        23879.0315162427     
   25680.4247376413        28457.0590505758        24619.7257206499     
   25035.1306224433        25364.9587658902        26972.2633775335     
   26491.3051633281        23988.6154021640        24924.7522723149     
   24705.2546601823        21365.1578957559        22245.1490760297     
   25293.3439156590        26249.9448034324        27058.9582796606     
   25708.6655530257        27117.7280587775        25604.3736352633     
   25620.3491844099        26855.7021082943        26716.4123447436     
   24353.5877954936        23786.8287558761        26013.1804822038     
   24863.5936413577        26323.5390448582        25228.9309931064     
   25462.3271919611        26918.7429702088        25258.0177828414     
   24439.0566756896        23100.3792201224        22956.9660363514     
   23391.3347012955        25592.6658316545        26616.0392048225     
   22787.8214941224        24811.3022199984        24029.8893057784     
   22427.4979782116        26156.3663916283        23952.6454583563     
   25334.4442454877        26480.1879592830        25896.8633175411     
   23961.5636359437        23224.5589760996        23210.4639806648     
   22335.1694666901        24827.3576480251        25734.9691307320     
   25579.6425415293        24845.2188729926        26004.0197497299     
   26351.4788827446        23753.1985815235        23852.1708380176     
   24829.6112001395        25413.0355170461        23386.1229029714     
   25556.2072680217        26268.6185250793        25519.6706052942     
   24381.8406747792        22834.6205489267        24625.9598824900     
   25603.8107162301        25217.6654685811        26671.4970236079     
   25354.1095984981        24134.9010911876        23952.5294452192     
   25754.2227315334        24180.9687733609        25093.9905075499     
   24186.0913425018        25474.3261724224        23887.3883778276     
   23946.8916948381        23648.8956576827        24071.0210412119     
   22585.8590151510        25082.1954435625        24090.3812790034     
   26792.9342886263        22175.2447134341        23557.9038947673     
   26135.5747452531        22975.0669658217        23783.2273555100     
   26043.2125274055        25081.9993917310        25856.5683701379     
   24915.0831769766        24252.4331129689        26073.3577997058     
   25204.7000888023        25973.2348824327        24411.1196370531     
   26014.2153553410        26304.2838491293        26902.2086649016     
   23969.2491846834        27404.4635844991        25954.6394173173     
   22712.1545640425        24296.9633660617        26114.4998748241     
   26963.1103666785        24983.3384692962        24462.1823761984     
   24756.3027418446        26060.0695898445        24976.5818153546     
   24886.1717411857        27144.2460988866        25539.8027413565     
   24636.5462109063        22906.2653018626        23100.0388965878     
   23771.8348597334        26359.5966617688        25114.6666831637     
   24820.5079628897        26331.8693875253        26474.5478541665     
   26695.9432348475        25663.9741447299        26511.3090223267     
   23158.8113096295        23028.1486796106        24301.7646617256     
   22796.1052931093        23431.0257251549        25346.7147060306     
   27044.0424676287        27474.2308009257        26268.6878527600     
   26738.4103245420        27170.7746886850        26236.6912862434     
   24702.2073442382        23271.5356431057        26378.6147661757     
   26363.1962575718        24786.4294130168        25429.7163530983     
   26754.0541793017        23516.9197858544        22791.1221675076     
   23603.9175396019        23339.6998623539        23685.0413710875     
   25549.3475928665        24419.3832239062        22475.5254137689     
   26543.7230325718        26945.4519975124        25022.8715956597     
   25060.8824613028        25216.2969660260        25748.6970234645     
   25901.9543636302        24807.0261554813        25616.7392961787     
   23907.2580153768        23185.8586612845        25072.1441496820     
   25800.8855570045        24442.5116073495        25554.5248892536     
   25745.2480832265        25321.4064597322        25633.5574251833     
   22993.2947853083        22216.3874931207        23988.7008581457     
   25337.7563675254        24489.2490609149        22362.4073652512     
   22430.2443035544        23979.0129609515        26355.4167664818     
   26626.3580569433        25631.8301238867        23688.2591836067     
   21730.7318029980        25632.3198367025        22834.8454379659     
   23091.5069120480        26021.1738611202        26327.3999040377     
   24031.5712555326        22258.3350569183        24711.0011038788     
   25920.3492916102        25231.6129166438        25113.3448831369     
   27906.3775865457        24931.3098299952        25016.5430780738     
   24143.8616066877        26561.9561142970        24271.9627522753     
   22904.6520818877        22339.5170552384        23041.9049331725     
   23392.2799573552        23322.0027660296        24857.4045291027     
   25453.7851445194        25171.9397576523        24764.7008980376     
   24731.0145893156        24524.4868797489        26541.5775690617     
   24367.6877087237        25696.1799643989        26613.7748478477     
   24266.2538073379        25068.7016938333        24379.2058066565     
   23400.2903739645        23551.4755675585        22385.2439192178     
   24797.8218020400        25111.0106839531        24919.8714730346     
   22794.4358465290        23748.8002448493        24432.8074079440     
   22214.7822993839        23524.5273561267        23310.7520913340     
   24575.0449156667        24809.4874267909        25312.7845619947     
   24178.2161325808        25101.4149126513        24998.0601404382     
   27335.9994650269        27465.0351724533        27366.8403544385     
   24952.6454234617        25149.2352103143        22923.7977536655     
   23756.4934197410        24233.3316293003        24969.7532695001     
   23407.8063518289        24274.4242384838        22591.3672835882     
   23579.0573572663        23623.6829860885        25254.0528007066     
   26808.7375301042        24860.9894847332        23304.9548131290     
   23846.1426902204        27215.7615469046        26625.1481878388     
   25008.9777890873        24189.8958489054        24653.0689021693     
   25483.7457825791        24516.4250829511        24501.0368338246     
   23939.5540870959        25455.9503476164        25065.6136573238     
   22324.0600516668        24072.0321511143        23524.1123723007     
   26633.6786054735        28583.5528577561        25179.5364739441     
   25769.3774554730        26235.1968519624        25278.4609687808     
   27175.5398918830        25412.6764154854        25503.3979841838     
   25823.8548880117        23774.8112944470        25298.1441822482     
   27212.4259215756        24846.6552546957        24518.6384294233     
   23365.6126065125        22234.3030239988        23902.6100563497     
   24909.1315720709        21353.4137162576        22199.8528813496     
   24318.9156352886        23657.2707416953        24266.0370030396     
   23490.5411382354        25007.8524037674        25636.4312300718     
   27998.5027808055        25484.1400400947        25023.3989134792     
   24265.9955766408        23732.6144121159        25208.6426661562     
   23051.8062420414        23154.1716353510        25489.8746042585     
   24489.1237434526        25961.9689608876        23522.6273178144     
   24732.8331419439        26193.0133135697        23186.7292240835     
   27035.2911253052        22762.7286387648        25439.7678609017     
   25989.2225910571        25989.9342435662        24487.6886862969     
   25608.5012423005        27440.9732690701        27483.7321367915     
   24019.9453425171        22912.5883568499        21916.4977645793     
   23528.8661433317        25133.7583100170        23956.2649679301     
   25058.1664191936        25556.5834580897        21998.7849704971     
   22623.2479351108        25226.1877063880        26879.3846167332     
   25108.7578089402        23608.9116650624        23844.4684940230     
   24618.2602434658        24820.7458160199        24923.1037290192     
   26344.0358939328        26945.7897511637        25812.2992476260     
   27611.4990226561        24525.9096341035        23204.8970333005     
   24478.3475331766        25188.5876865079        23727.9787539297     
   21986.2447552207        25550.4891994417        23099.2193984443     
   25022.0083907824        24991.6729716156        24687.5203858447     
   24548.1908791126        25789.1323430766        23012.5509323878     
   24654.1568950800        25746.6385258410        25530.9704063339     
   25919.9625588750        25885.4158976728        25738.5405362696     
   24927.2999603474        22702.0236278368        22008.4621670157     
   21888.1213384090        24584.2886468711        23366.4703360097     
   23291.1715467453        24550.2196844863        26582.8524282110     
   25147.6480568736        24016.9326094929        23325.9273865925     
   23581.2937259289        23230.2574976590        25569.0744980769     
   25020.9969548903        24619.3402971919        24455.2665088630     
   23996.6655875171        24709.2440000392        25860.2917787551     
   24591.7906918830        25227.7132251046        25773.8753213527     
   25281.1473732870        24370.7950235335        22194.1551146812     
   23306.5367341616        23865.4123242342        24173.5614849341     
   25576.5590701832        25466.5421279737        26489.3403059013     
   25401.5238047463        26770.1953984773        27162.2331916721     
   27110.4396853069        25790.2059713943        23236.0604448633     
   23255.4057492697        24333.7587673790        22976.5266405844     
   23694.5656919144        23153.6057448604        26578.9515774405     
   24787.6507843927        24905.5200316310        24718.7262773925     
   23481.5616243418        24117.3387691092        21957.4931393562     
   22339.8547423459        24269.3445196888        24325.0616911203     
   23551.7063211469        28593.8383048216        28242.5713048504     
   24081.8452784040        25261.1130636618        26555.0616713077     
   24228.5331266296        27391.9572368544        25549.2992592935     
   25502.9743349339        24666.6917579844        23473.5218910535     
   24635.3164169713        24083.4873561968        24494.8003704940     
   26552.6862029055        24504.6532864747        25671.4153190700     
   22066.4205026443        23851.5665627466        22230.7591626693     
   22150.5402505230        24442.8401702242        24456.3546129841     
   21933.3831015799        23538.6312183509        24580.2244230655     
   26015.5380926719        25609.4336120318        23503.5590102187     
   23141.8008426471        23994.7460437527        22382.9024684367     
   22926.5996931483        22994.4955511150        23127.9234544787     
   23157.3614076624        23817.3814935836        24606.8223785633     
   24535.9984056297        22336.1488967572        21930.3658184431     
   23306.3587952543        23751.1296594427        24218.0654790173     
   25357.1005834274        24434.3651275416        25512.6742462411     
   23878.6511543031        22955.6690804322        25965.1595961719     
   24688.6148730640        25486.2270302796        25047.7404463213     
   24365.6530580345        24279.5491553108        24977.9229352744     
   24167.2556900371        23336.2949720009        23658.2824333002     
   23637.8633430474        26528.7238748264        24742.7341668827     
   24931.0056784313        24323.5196916885        24870.9692604123     
   23080.3499089021        24153.6252094573        25455.6385201494     
   25131.9797214949        25230.5834548460        25213.9490351674     
   26273.8646605822        26725.0466627712        24398.6778698577     
   25937.5897210171        27307.1950828213        25326.7495634009     
   23434.0346213916        23640.1149177897        24110.2463849551     
   25548.8279215513        25013.1212813541        27183.9405671384     
   25415.5796335988        24164.8382771824        26499.5208491272     
   26319.5018602591        24563.4873907415        26349.0909105585     
   23870.5897833039        24483.1400180663        24323.2609049488     
   22997.1130172898        26561.3450728429        22422.3426399689     
   22063.4579230050        25666.0512734666        24680.2619237372     
   25391.3687154601        24259.0629191978        24211.6539348791     
   409865.000000000     
   17489.3315285380        22400.7713410770        8712.75387643554     
   6191.97366829398        14266.7222972615        23215.1559546826     
   15463.2674884653        30548.6441137502        20619.4020978275     
   14761.7026803314        11699.5987779261        24518.5602609333     
   16234.0883326887        13919.1844534081        21653.3388087513     
   20572.0970440297        15306.1441116082        23586.3357568348     
   18237.6729604674        12202.5795912295        24176.6766181035     
   17777.6640749438        20018.6617341153        30305.3655093329     
   16490.7679219621        23411.8376015051        16307.3392995951     
   15705.0453516763        22163.0306830828        12887.9321668956     
   23709.2591439489        10254.2581730819        17777.6006633435     
   25107.1784403948        24338.3550615797        17262.2968623886     
   22089.4837953752        12983.6625460959        12799.5152589258     
   15083.7384922781        14866.9236623714        29693.5069783742     
   36529.2669183604        14125.7371726719        11879.0536066766     
   20612.6910367994        19539.1537815101        19423.2902192255     
   27976.3208431931        26565.4867174932        15569.4713503094     
   33614.3941831708        27512.3064582527        22181.5151645600     
   16600.4065788206        23652.2838211106        12186.3673587617     
   18287.4616352757        29243.2000676910        25011.9553539966     
   15996.1891456939        17646.5711599955        15690.1964686142     
   21100.7278496403        19384.4928884633        16397.7325357731     
   19045.9806290477        10639.7055852938        13749.9283237003     
   24127.6911568987        17067.5175635740        17116.5241619790     
   19283.7952672422        19917.8901326939        23832.4573146641     
   21802.5780099754        12289.2315429919        16654.9933980489     
   15236.1799793156        25193.4182167554        19561.4535276033     
   23049.6728151906        15630.0717029628        21243.1503038359     
   12028.9374925034        20777.4660800885        16365.5405800384     
   11204.1322392541        11749.9053141365        16404.1688132000     
   22479.2326278051        22948.5101755675        23618.0521255675     
   10608.5176465634        23898.8915345419        16964.0298319412     
   13148.2367859841        16487.9672429504        16936.5514718263     
   18632.4418779183        26172.6729910505        17049.8045898999     
   26547.9428414199        12346.1011798297        13996.5466057316     
   14982.9034792564        21515.1226573733        29833.0547733577     
   16150.3744517386        15395.8503887833        25182.9447341116     
   20259.1079537208        19554.5310945744        16175.2740734428     
   29680.1271307182        10155.8645066704        28799.9318446374     
   26280.3247511007        19522.7301770414        21872.6055538682     
   17402.4999105749        10994.4723515774        14838.7055002534     
   9421.17770599807        17879.3023015688        31572.1073420302     
   30864.7509410722        26673.1596147435        19745.4951287729     
   21791.2484707280        18685.4222699399        11822.8603602416     
   20192.6314594428        16208.0895765800        14526.9740733498     
   9359.59447354054        13940.1948302960        16758.8615992833     
   12878.5261128562        13311.3419904662        20646.2780477399     
   17245.9472381202        9742.57940194213        4670.17981073005     
   15071.2147012258        12011.7635174315        12931.8235628791     
   20567.6688006112        17166.2177193868        16331.2983158952     
   19846.9114147971        12428.8744553758        23088.2164995518     
   35734.6138810373        26775.8969757731        18332.2619308630     
   31061.2106472937        31761.6763210230        34201.0466030241     
   25975.2515422249        20774.4223232758        32803.2858355788     
   13823.6337404085        22402.0818474824        27757.4979792780     
   18095.2399376718        16434.6275185274        10987.1905861469     
   25133.7373323058        14278.5485607109        6210.77520777261     
   15015.3279441920        22859.7445037963        7494.97636774296     
   13303.5317950335        20608.3050677811        16131.6257552602     
   19477.9193128540        21144.0062668213        22190.6041605981     
   30675.6469804813        25543.2071724182        10638.5219020888     
   7651.08515899579        20433.9443042519        15229.8282506891     
   13130.3864205095        16643.2622519998        22987.4766039305     
   11619.1928687899        21512.7024479632        18607.2146296128     
   31465.7555197855        20728.6285792843        17846.4762298315     
   19203.4950441064        12725.3870982158        23782.6157968556     
   20107.2371710857        11956.4368962002        16128.7933704484     
   25510.0851798797        19266.4099201695        21972.0877860843     
   15790.9786386357        20125.7322211630        10643.4785755096     
   25349.6961056089        13469.4271099273        32149.5650798451     
   27365.3817804383        27877.9694511818        12762.9584713729     
   8811.70767864935        11075.8611405177        17918.8711401343     
   16260.2878921983        13608.4676121087        14855.4884371236     
   11604.1643195270        24167.3445442645        15357.0319208210     
   12949.0715181512        15885.1765708296        11397.4636398626     
   19339.2909860743        33766.2015542056        17696.4549522041     
   14881.8359570338        33565.7786229675        31991.4165487837     
   15221.2993904534        11896.0056411475        10048.2761582205     
   15205.2456869863        20170.9658293522        11520.8626139787     
   24244.4530501870        9361.22203794735        21623.6516112271     
   22322.9230331514        13925.7792598357        7286.67982947190     
   14336.5596063535        23091.1122959639        8366.10379498590     
   24099.2087797796        16521.9558606925        22724.4558546306     
   9986.62951416271        17447.6066955635        17077.7162626167     
   31613.8004692046        16484.4267619356        16068.8377023977     
   22043.2461701818        19165.7968477487        21491.8294628759     
   18073.7645423820        24777.5332364162        17766.8523970985     
   12772.4490742126        15394.4024905773        22399.4396974714     
   25555.8789238712        13989.1168799006        20411.9087731598     
   26545.5437692098        11729.8778170527        18863.1649854832     
   21971.8869826834        16291.9725551308        16638.6860481807     
   18910.8927832828        16394.8050335608        21549.8088027183     
   27175.9396246460        15608.6914250734        17098.5046989036     
   5973.31990197960        9180.92172119335        10413.0408201459     
   15224.0366578648        19165.1204573459        19880.9740127395     
   22536.6412632451        21772.3095394488        22284.6224265912     
   15688.0087684051        20754.2997087916        22332.2551069904     
   23235.3736865671        23830.7134956568        13846.0603097023     
   13623.9506111735        16248.0600219472        21396.0885150755     
   12660.2316789433        17616.5457672700        12983.8527808967     
   24396.7043024237        16824.5665857580        11061.5829618580     
   34245.9737218120        17849.2134972430        20528.9982930495     
   17820.8790805245        16810.5948964996        12847.5706833268     
   18139.3321370562        21461.2122285478        26920.6550905785     
   27310.7104124096        14656.2914634906        14597.8048308460     
   21946.6491657779        20270.8919427701        23231.2836383500     
   20404.9969087309        16169.2922458178        15063.0346047915     
   19196.8368260785        10743.5526493281        30115.9867651409     
   15342.4789585601        14712.1042403240        14353.1523084229     
   13459.4503514856        14819.5340597733        5989.02484164528     
   16997.1940988799        23033.2492107219        18537.8740447228     
   22459.3213853218        20490.8879212901        22631.7692322430     
   10163.8437997038        21038.1828745788        20348.4337612944     
   15619.0697903168        13515.6964409208        32022.8898397153     
   23478.2823899830        26202.0219933733        12021.1907086710     
   9759.29892721205        16951.5588838891        9779.42154169620     
   25063.0545352102        16568.7641902883        9534.45196127177     
   19531.1639198766        24386.6641323817        16726.6485063485     
   10607.4819237590        25716.2574295419        24656.7869809113     
   20811.1270712293        13528.8543479758        22381.5364889965     
   25325.5785603081        24569.0676005445        16473.6573584906     
   19634.0175355068        25776.9846053958        36752.0952816922     
   27923.8583125737        9793.78426915626        15220.8026662513     
   25309.0281326389        25368.3919590871        17007.7732675242     
   16378.2651744917        6586.15074414238        14981.2970520497     
   13640.5433132429        9570.00473182045        9101.71006386210     
   24049.4095363713        10133.4696431768        37744.9307070441     
   9053.12620945893        20913.5896486578        10198.6039252492     
   18706.4115096276        17930.8453639843        23312.0594484878     
   11203.8680242530        20229.1354039955        16547.1302659978     
   14386.9189855641        20028.9555505583        28828.6255937574     
   37997.7844631015        16379.3220344961        15297.6680943727     
   20234.7684678190        11343.5954854374        10307.9995043066     
   24421.3291405266        21408.1578563260        17485.5691069222     
   30137.1662396295        27882.2920085999        28183.3385808589     
   17394.0661677396        42202.8613230866        10706.4357259728     
   23488.5550692259        24085.2476591212        6448.57927736707     
   12051.4063361973        18008.9684555110        14132.7864289014     
   7657.62712242315        21273.1334221613        18133.8153278331     
   17059.9821517425        24628.4419955928        14814.2391911511     
   11894.0187443392        16161.7885397864        17356.8541269840     
   21337.5384708307        11989.1150075368        8656.45494400011     
   9836.50255053490        20367.0450659722        23601.1000910966     
   21066.1051158956        20044.0580800215        20258.3575831177     
   24044.5374117510        13685.4915692308        14618.3501893319     
   21224.4227445576        15653.0795452590        27398.7785565779     
   16422.7695492778        17899.1501324518        14404.6848022384     
   10777.1185230684        19817.9111762758        30669.4537808554     
   13948.6919847315        14613.2878299108        14170.8862320607     
   10182.5819275822        19260.3224065440        18008.0701245073     
   19102.4063846836        25903.3744933244        10746.8289153418     
   15244.8990743521        22428.0806035912        27178.2118736555     
   13217.8838602754        20422.1920210028        33948.3725131674     
   21744.7994735338        21221.7911631466        14550.1193074466     
   22042.8445633801        33850.3910221577        17017.4012621644     
   15392.1196729677        26813.9545045323        24585.8188316145     
   10043.2772103996        21688.7964618996        14937.7332826676     
   16194.3186907224        17485.9284393238        22262.8299733001     
   11710.1251035701        17893.6438918288        17304.9940065671     
   8261.23157674734        17980.5494899922        19496.0021875296     
   20881.7887311248        6124.68339181258        13493.2064600267     
   14640.5548180248        32798.5405341590        22154.3221566463     
   21621.3687936176        29637.2925947391        9048.35977083900     
   12786.9703306734        22219.7417909199        15544.4343368047     
   22296.7446108419        16451.0828287962        21786.6616983088     
   14062.9596884094        25024.4263020487        10621.5381618178     
   13174.3835024935        25023.2743246439        19166.9065507534     
   15607.2752326675        15740.3761816241        26951.4942655074     
   19282.6538584374        23720.2399193948        18186.6371908540     
   16539.0875613642        30302.6493791215        16498.8634695960     
   9974.82438791335        12549.4093388799        12131.8862255339     
   11999.0917659786        33489.4733306484        24829.5730230339     
   12956.7654589834        17575.0428748964        7430.22255527217     
   17563.2060428469        10620.0268520115        24073.4108270717     
   11879.3178216777        20929.0937849226        27026.2988166203     
   23857.5366025689        17047.3526746897        25885.4290104493     
   37142.3091325240        13718.8249337702        11765.1875098004     
   22825.5128082532        13932.3634976632        20523.4286408262     
   17172.4109190127        17037.3019360477        16903.4083420877     
   23535.1308896207        40072.9396503795        17947.7128496549     
   12690.1408170684        22400.7607724769        20094.4068906320     
   13344.3477284042        13064.2481214329        11968.3265712499     
   26246.1564671578        20226.3347249838        10822.1301906567     
   15318.5939224603        14457.4855280592        17979.5666101881     
   15513.6902792761        21290.9520818358        6785.02009117402     
   17252.6371619482        11665.6735717842        20564.4876519979     
   23812.8208557819        17314.9919022089        31184.4827982092     
   23423.8435311553        10740.6885587161        15873.4348561805     
   31900.8013720048        17744.0347896031        19408.2616699627     
   15126.9429292588        16131.3192658590        14041.2623525186     
   14012.8856614000        17481.3416669046        19958.4418510635     
   14570.5061369319        22151.1832824332        23109.1951706395     
   15727.2816861693        12824.9538792322        24852.1792585284     
 ------
  0.000000000000000E+000  0.000000000000000E+000  0.000000000000000E+000
  0.000000000000000E+000  0.000000000000000E+000
  0.000000000000000E+000  0.000000000000000E+000  0.000000000000000E+000
  0.000000000000000E+000  0.000000000000000E+000
