           3           8           8           8
   5.00000000000000        7.91500000000000       -5.20000000000000     
   1720000000.00000        110103137.000000     
      162112         679       29089
   3644847.80000005     
   22736475.9999998        23481525.0000001        21424755.6000000     
   19999886.7999998        21597815.9999999        21524197.2000000     
   20184302.0000001        21692429.7999999        20490790.7999999     
   21170895.0000001        21802022.3999999        24788840.6000000     
   24134289.4000001        20327502.6000002        21608225.0000001     
   20318395.0000000        18985983.9999999        20665531.1999999     
   20715373.2000000        21346264.4000001        20831255.8000000     
   22052352.1999999        23989809.6000007        23183976.5999998     
   24005160.6000002        21897640.3999998        23965097.4000003     
   22847812.7999999        20031991.7999999        15673086.1999998     
   21572800.4000005        22223547.5999995        21167925.7999994     
   23851391.0000007        23710453.5999993        20963302.7999998     
   18906071.3999997        22545263.1999995        20750164.0000001     
   23412232.2000002        20392041.8000002        19195368.8000007     
   21345140.7999994        22617760.9999999        19422614.3999999     
   18999716.7999993        22395471.6000004        22071637.5999996     
   20434874.0000000        22402503.9999996        24134628.7999998     
   20336048.9999996        21979598.4000006        20979487.5999998     
   20369549.0000005        22568235.6000004        21303996.0000000     
   21750719.6000002        18664923.0000005        22193724.9999996     
   21630235.8000004        22418204.8000001        22584594.5999990     
   22369178.9999990        24668359.8000003        24564985.9999991     
   23770884.5999989        19733426.1999999        20467973.2000008     
   24129722.3999994        21071739.4000002        20774785.6000000     
   19290405.5999994        18957497.4000024        20845114.8000017     
   23546276.9999990        24772492.3999992        22964033.7999996     
   23872760.5999994        24111074.3999992        23213656.3999991     
   22887001.6000006        25118906.1999993        23443839.6000007     
   20589685.7999995        19913816.3999996        18258584.5999988     
   19626558.0000002        23078856.6000009        18336683.8000002     
   21839976.0000009        23146247.7999970        25001026.1999999     
   20788411.9999999        20982139.0000012        22244148.0000012     
   23333928.9999994        26280719.4000003        21338052.5999997     
   20446121.2000016        19857930.7999995        17818523.6000001     
   21134963.2000008        23387035.4000021        22263579.5999982     
   20288834.8000003        24584566.8000012        21818135.8000025     
   21186265.1999988        21815779.7999998        21768262.1999994     
   22756993.6000017        23422964.3999999        24033056.9999989     
   22664360.9999981        22336888.2000003        20777356.8000000     
   21740266.6000006        21197116.2000017        24187946.4000001     
   23486516.8000008        22097276.2000002        21390211.0000011     
   20165518.3999991        19781303.0000002        22682676.9999993     
   22459383.2000019        21953555.4000021        21858424.2000011     
   21809828.2000002        23367394.3999980        18760706.4000025     
   23626916.4000013        21382938.7999999        21289889.6000022     
   20667069.3999989        20574701.8000016        21035075.7999974     
   20956191.6000003        22348956.3999997        21294184.7999975     
   21643022.6000009        23085831.2000028        22887404.2000019     
   21442259.4000030        19689299.7999992        20863443.3999982     
   21293469.0000071        24163840.1999979        21064601.7999958     
   23806544.1999968        23732022.0000028        21030324.2000015     
   23642963.2000043        21901179.6000004        21598765.5999965     
   21170713.9999992        25622486.8000004        20336962.3999996     
   21633540.8000029        20689045.6000008        19029758.0000010     
   21141908.4000028        19228180.6000031        19824830.1999984     
   21392626.3999980        20587963.1999999        21111608.8000017     
   21312367.8000017        20406978.4000022        24711215.9999963     
   23323543.6000037        22295256.0000014        23763471.5999977     
   23114392.0000024        18014778.4000009        20465863.5999999     
   22094388.1999970        21020044.8000037        21904282.7999978     
   20200614.7999996        22596849.7999975        21139786.6000008     
   23266742.6000002        22765233.7999969        23333967.3999996     
   19200890.8000011        21543777.2000016        23093829.9999941     
   21832939.8000013        25549258.0000037        20814160.5999982     
   21622807.1999945        20531034.5999993        22184391.6000002     
   19482818.7999991        22028152.6000003        20876939.9999968     
   22683239.5999994        20349606.7999985        20222776.3999970     
   21467596.4000013        23288614.7999961        22827620.5999984     
   23691753.3999991        20817093.1999997        20624701.2000011     
   22478423.3999981        21622377.1999997        20727519.4000019     
   24445189.2000042        20192129.3999950        20771157.8000020     
   23035749.7999984        23524265.2000000        20703159.1999994     
   20457193.2000024        22890256.4000046        18289327.2000003     
   20700288.2000025        23940678.4000031        20450911.4000036     
   23163651.2000015        20357817.1999993        19064938.8000030     
   21486783.1999990        22858439.0000006        21780159.6000057     
   19151833.7999957        21796419.4000000        21523832.6000030     
   19521679.4000021        20909266.6000020        17665603.7999973     
   22777525.7999983        21975088.4000001        22911508.0000015     
   20354002.2000020        22947707.9999976        21971424.4000000     
   19432188.9999987        19088628.4000026        19687571.0000012     
   19102059.6000026        18247550.5999997        22532757.3999944     
   20219851.4000004        21013043.3999984        22922580.8000057     
   19054524.2000009        20229174.9999954        20930862.8000030     
   20331612.5999943        23702077.7999924        23367808.2000004     
   22433693.6000082        20995671.8000028        21559508.6000016     
   23501802.2000018        22085350.8000025        26387908.1999934     
   26810136.2000003        21806879.7999958        23883220.5999880     
   19615508.9999995        24324131.7999932        24165975.0000042     
   21088910.0000037        22331371.7999957        19569194.3999957     
   20239847.3999991        21244222.7999993        21099326.0000004     
   23339691.6000115        22771551.7999975        20058045.3999969     
   18892061.5999992        19181926.8000039        22677306.8000015     
   22216472.4000039        21745616.5999972        21381761.1999981     
   21456983.0000093        19865370.2000036        22704418.7999992     
   21088511.1999964        23047402.0000006        24920787.5999988     
   22801884.2000068        19282126.7999968        22017071.4000022     
   21474693.3999993        21790544.9999938        22586788.9999982     
   25477675.6000044        21255208.6000036        20937778.6000021     
   23813118.7999964        21450295.4000021        22112709.1999916     
   22299387.3999988        21197592.1999889        24111509.4000044     
   26401062.5999928        24278454.1999966        20655206.0000050     
   17308975.1999935        20362395.7999988        20219102.0000075     
   23373317.9999967        21125470.0000028        24454749.2000022     
   21437565.7999990        20565029.8000066        20280700.6000016     
   20641896.9999985        20787554.3999971        23472539.5999976     
   21078352.4000070        22074842.4000001        22187149.2000066     
   19847328.6000008        19329725.8000028        21558419.2000053     
   19564796.9999988        21636180.5999937        23046251.3999979     
   20026335.6000028        22552288.1999958        21214701.4000016     
   21598106.7999988        23479221.1999944        21290508.5999963     
   21655030.7999909        18597803.0000036        21684439.8000083     
   20706015.0000014        24715874.2000042        23943894.4000028     
   21869876.7999999        18085123.8000061        20303860.6000043     
   21836299.0000000        21546627.6000064        21516020.2000037     
   23727736.5999941        20664552.6000015        22067167.2000048     
   19621481.6000043        24534068.9999981        23352435.7999993     
   21166096.9999965        23071159.2000086        20230052.2000019     
   22383643.5999990        21289134.8000032        21271728.3999879     
   20113807.7999920        25161017.6000017        22082705.5999975     
   21038574.1999962        20440353.5999978        21155312.3999997     
   20329372.3999949        20169483.7999984        19456579.3999991     
   21752961.0000137        19746549.2000026        20519109.2000064     
   22500522.3999943        19380981.1999973        21480763.5999972     
   20846474.5999989        21805676.8000025        24607775.6000083     
   22722604.5999967        21906252.9999929        23873399.7999978     
   19824535.7999986        23015703.0000048        23570483.5999993     
   20714972.6000029        23319738.5999975        24192033.1999951     
   21277350.9999952        24054739.2000069        22889541.0000024     
   21124723.5999939        22075987.0000047        19926894.4000033     
   20913425.1999987        19157690.9999987        21330879.1999942     
   18826193.8000062        21956942.6000106        23315925.1999972     
   22150369.8000042        23450667.9999908        19643104.3999986     
   21656292.3999991        23772671.3999983        21715816.1999895     
   20437418.6000034        20398960.7999968        23685801.7999927     
   27163797.7999966        20717603.7999962        21399450.6000027     
   21014889.9999996        20679891.7999972        21091268.3999978     
   22764603.3999965        22466606.8000050        24316812.9999920     
   21226537.8000048        21404789.0000023        22707981.5999923     
   19652294.1999954        18890981.5999985        18595008.0000014     
   22009555.7999987        19955869.1999983        20595654.5999944     
   20746599.7999967        19306700.5999975        20927351.3999939     
   22815816.9999978        17684735.3999961        20838949.6000046     
   22384699.4000035        15824127.6000031        20126473.9999958     
   20376425.7999927        21306128.7999963        23308367.6000040     
   23732556.7999986        20439558.7999960        22163336.5999904     
   22254531.2000031        22865329.5999951        22926858.6000087     
   21339810.4000034        19582743.4000061        20714026.7999970     
   20359225.0000002        22659747.7999969        21991201.1999986     
   22924101.1999941        23875550.4000002        24377346.2000027     
   21438185.7999965        21966839.7999931        22746811.1999942     
   24121098.0000002        21772960.4000037        19752981.2000027     
   21169673.5999991        18948520.2000001        20778315.3999932     
   22942872.8000023        19954493.9999936        22572915.3999996     
   20834054.7999979        24633508.2000031        22266308.5999949     
   24878455.3999929        22407487.5999983        23587269.5999943     
   22435744.7999984        21621717.1999966        22668141.7999963     
   23198443.9999961        22580089.4000020        19878867.2000031     
   21103116.4000047        20520055.0000022        22447304.6000070     
   22815944.2000016        21347038.1999977        22275348.7999986     
   22932289.1999930        22300181.4000065        21535059.1999954     
   21823296.1999955        22789850.5999883        22116480.3999988     
   18750286.4000014        17027637.8000071        18919502.4000049     
   19037362.0000050        21297153.0000023        23304795.4000017     
   22035441.7999969        22186145.5999949        20881428.0000031     
   20988210.8000016        22521954.0000036        25468056.0000040     
   23825257.0000065        21756763.3999977        21055676.6000050     
   19659963.1999988        20607704.6000094        21894343.9999980     
   24035711.8000039        21802717.8000145        22535117.8000051     
   21346725.9999859        23715914.3999749        25153554.8000130     
   21751065.9999891        20402418.3999986        19290311.8000091     
   22615764.4000028        19734631.3999870        20403171.4000062     
   23285524.5999909        22819964.2000029        19020875.0000146     
   22799728.2000054        20313131.1999927        20153451.8000011     
   20107218.4000123        22626264.3999949        22212441.2000134     
   19440536.7999951        20252595.1999964        21744053.2000115     
   22417523.3999892        21757469.6000135        20795508.7999996     
   21067352.4000175        21483767.1999985        23480266.0000015     
   21310515.7999964        22816981.6000125        22427606.8000015     
   24697844.7999864        23494802.4000019        24651950.6000058     
   24656411.8000114        21017178.4000088        21161197.5999786     
   22827981.0000031        23395846.9999922        21611515.7999888     
   17959419.2000021        20703857.3999994        21443360.0000008     
   19328137.3999983        19501069.4000039        24187847.0000013     
   23474025.2000059        22520029.1999945        22162210.5999971     
   20738005.4000005        20969136.5999765        21179222.3999978     
   20846233.4000045        23641548.7999992        20495824.2000000     
   23135946.0000227        24597927.7999934        21305879.5999859     
   20143058.3999899        20024357.8000040        20212961.0000044     
   21411916.2000140        23974638.1999874        23714369.5999967     
   21891793.1999959        21955201.0000074        23709649.7999956     
   22045481.5999793        20526570.6000090        19262812.4000122     
   21489602.1999798        18233184.6000110        20942851.5999984     
   23859025.6000208        25064284.0000120        22065738.9999934     
   20558916.8000147        21687811.0000124        20553689.9999951     
   21836468.3999818        23712279.6000107        20769135.3999847     
   21474905.7999886        22411543.1999853        22620078.0000159     
   21200618.7999807        21187446.5999957        22721149.5999917     
   22829282.9999819        26623145.2000204        22335918.2000039     
   20610613.1999984        20100800.7999946        22629336.2000148     
   20390003.1999896        21622342.6000167        20509172.7999865     
   20578933.4000036        22614387.2000091        26514019.1999995     
   24651166.8000186        19361131.9999938        19339612.7999977     
   21929616.7999895        22022865.6000065        22212661.0000052     
   23554945.3999845        20025792.5999829        22857725.9999823     
   21360160.0000001        21133070.7999869        17784655.9999907     
   22545532.9999878        22134789.9999982        19957665.6000054     
   22141593.2000051        24247179.9999991        20861321.1999852     
   21925730.0000002        23249267.9999952        24869770.8000022     
   24247046.6000089        23252652.0000068        23476242.9999996     
   23236434.8000129        21382116.9999968        18849293.7999919     
   22047678.5999971        20096018.5999924        25885039.1999944     
   24718307.0000082        22105544.9999787        21257732.8000209     
   23528806.8000020        21564668.6000065        20565179.9999998     
   19324343.3999961        24030927.3999911        24196353.9999978     
   23075214.2000004        21256462.9999900        20121640.7999977     
   18647032.7999980        21000525.8000096        20160078.2000095     
   21889040.7999812        23583364.1999926        26084221.5999907     
   19327533.3999991        19072491.4000074        21035982.2000009     
   25686569.0000008        22026991.5999900        20423116.3999920     
   20930282.1999958        19458714.7999928        22066558.0000020     
   22274664.1999799        21988669.2000026        22336384.7999883     
   23048973.6000134        20182425.5999925        23016480.0000041     
   21823946.2000032        19892478.4000085        21850844.6000147     
   19837901.1999932        22334475.3999960        19673810.1999835     
   22700122.0000000        23792476.1999921        22939332.3999879     
   18772183.7999909     
   2929424.84652150     
   18050532.4823042        17563178.5371495        18053147.7866748     
   17655048.2097398        18330892.1224330        17998703.7233808     
   17706612.3005297        17348661.2085876        17896181.5887950     
   17501324.7831310        17473715.3828480        18191730.3665446     
   18424041.8121993        17760515.5420644        17927563.2951557     
   17426295.7911678        17034013.7293007        17520824.6530004     
   17284173.0415557        17370286.7014519        17660682.4003977     
   18296296.3761230        17856955.3752605        17921453.4697030     
   19170216.0220342        17946196.0183237        18093742.9138460     
   17954432.4830526        17898034.4651108        16513457.7512724     
   17768671.6460207        17273794.5439200        18029369.6598749     
   18804673.2704153        18142220.4104654        17640319.6090027     
   16932616.9685480        18865033.6564380        17693399.1582428     
   18816758.8074714        17319305.9992074        17473126.3101786     
   17696332.0650533        18497266.9398495        17204483.5994327     
   17228756.0613668        17772781.6063866        17814330.8146005     
   17787824.3530058        18427233.4057383        18588628.6362064     
   17505566.5551590        18512972.0917017        17773403.1679183     
   17858010.5956142        17675731.7796753        17473540.5803461     
   17749706.4211652        17228906.6631089        17864457.3648955     
   17769566.4768242        17812283.6089444        17755190.4490861     
   17779525.9045327        18492555.0102204        18662249.2536032     
   18446765.6090002        16917257.4197574        17284889.2551963     
   18377272.4858833        18061683.3341378        17010037.9782856     
   17153360.6616149        17236777.1667320        17996839.0999234     
   18431462.5673057        19190053.6101223        18123680.0140128     
   18669269.7590481        18842157.3736040        18187151.8713008     
   17860861.5138489        18508361.9739840        18321034.0985159     
   16787107.8769983        17423241.6303644        16818061.5354780     
   17404471.1580664        18386424.5848700        16402223.0318654     
   18048062.3191271        18301134.0122524        19464419.3441660     
   17656392.2829913        17483204.5305821        18281808.3378721     
   18298965.8573309        18412059.9344789        17557460.6573702     
   17468686.2181718        17085781.3641525        16575362.1525247     
   17413406.4015309        18875519.6975970        17568393.1717067     
   17380598.1902152        18510715.7045655        17866999.8646222     
   17029820.1731243        18152928.2422639        17597423.4860150     
   18683727.4021543        17511118.5917209        17386318.5124920     
   18212127.2680757        18114559.0345741        17278813.7249318     
   17392770.9161296        17361698.9512708        18323515.8963180     
   18580426.9504092        18252600.6950305        17762936.6688203     
   16847950.0622562        16819898.3958007        17911496.5781338     
   18061238.2426680        17834232.3624990        18002495.2668671     
   17619374.0125464        17972415.4951046        17172269.3133225     
   18699443.4457846        17843292.1904234        17676665.8729167     
   16803343.9797159        17677672.1162420        17116657.6650032     
   17864313.5728195        18116719.0079852        18235896.2827145     
   17369228.1409960        18159218.8677157        18508381.7252045     
   17830705.2714017        16550368.0170707        17638707.5088367     
   17860914.5505813        18180358.7291832        17528598.0084138     
   17886528.7830345        18096096.4345447        17662080.9499775     
   18459752.5059074        17799444.9076182        18137391.3162755     
   17403934.7353765        18281024.2141232        17586674.2511207     
   17246979.1412741        17690951.6809517        17161137.3602177     
   17308153.6844587        16948318.2640827        17412873.8825808     
   17257529.8201170        17591559.6240669        17456956.1821398     
   17985907.5264335        17636665.5371846        18084296.1155187     
   18155935.1955465        18208609.7029364        18413228.4944021     
   18685185.3378531        16708972.8168706        17848031.2606355     
   18323771.3759567        17341405.6593559        17812975.6550582     
   17156866.0597055        17934579.0095649        17571752.9077195     
   18415568.9092627        18109078.4764470        18509830.0151215     
   16979365.4081183        17619311.5480049        17996939.0503500     
   17662757.2649485        18482064.6100163        17189730.8686236     
   17514336.7108376        17744638.7403083        18781623.3700839     
   17225262.5656322        17714869.8645996        17858906.7990780     
   18757110.1123892        17926473.4436263        17293168.4297575     
   17553853.7532242        18569992.1861355        18029736.6372175     
   18488518.2422057        17583424.7298833        16935363.3733627     
   18354290.4490875        17699796.8705202        17747709.7628188     
   18687418.4969486        17473676.5940983        17847914.4104761     
   18640898.5155273        18489734.0977606        17562623.3822915     
   18505435.2782014        18079356.2122924        17154946.8498159     
   18786258.2167646        18068630.6202515        17574554.7514208     
   18662128.6296614        17541477.6558594        17071598.1725068     
   17764072.6765897        18290398.2745715        17861440.6967232     
   17044153.6499659        18288145.7690004        17689683.3320291     
   17005673.6737469        17430660.7844742        16818465.6319520     
   18187857.9992434        18113715.7664540        18027990.5587105     
   18041886.5986228        17647571.0869869        17755293.0690653     
   16884270.8344824        16603120.4951931        17293546.6445788     
   17001303.6182255        16896056.8957514        17777573.3581224     
   17223251.8401107        16930588.9606053        18402078.8725819     
   16961564.5596328        17508155.7110924        17736417.3175044     
   17322841.4371005        18215215.3834828        18872491.5856188     
   17727638.0797720        17295234.3152579        17854442.9575213     
   18483215.2875229        17541650.3753596        19040154.7290113     
   19348112.8812565        17635055.1520231        18258447.2438777     
   17589302.4616472        18625698.2428135        18721028.9163477     
   17669659.3088347        18017457.2180950        16542498.1132661     
   16939317.8407221        17328603.8783742        17811647.7829129     
   17724316.0736718        17762676.2958781        16930654.6594586     
   16965481.2870621        17310826.5799917        17753767.7829191     
   18225426.4523470        17401554.9571279        17460147.2819252     
   17894657.6491065        17409620.3516576        17649270.3468780     
   17331606.1605614        17985250.4190776        18729879.7673676     
   18725258.5795716        17519062.0089826        18347685.8772400     
   18003782.4066450        17415928.2327001        17954089.6177117     
   19059288.6386150        17972067.0158242        17619018.8386838     
   19012446.1485605        17772300.6569052        17947060.0525149     
   17726791.0101321        18135296.1797153        18206928.0302874     
   18870105.2549032        18763905.0100508        17971836.7383385     
   16857971.6807237        17771100.8334239        17743399.6145043     
   18044863.8335322        17166025.1233897        17964840.2531542     
   18178740.1080561        17836534.2731064        17230541.0651281     
   17286964.1517952        16942794.1094335        18636855.7356053     
   17364451.5548306        17298382.8859050        17424618.3660211     
   17524165.3447832        17368911.4591138        17499724.8725006     
   17256879.6246027        17907445.1775806        17990635.8243870     
   17151666.3836184        17338264.3855291        17944484.4069140     
   17938370.8232475        17570290.7621902        17974517.5515416     
   18059654.1047872        16486597.6210825        17923512.6299958     
   17400039.5798132        18533734.7078505        17895605.7596072     
   17787846.9055785        17259133.1041926        17754990.7521432     
   17560922.3982190        17146306.3848158        17573317.8959888     
   17869565.6636398        16967390.5444316        17573471.5254334     
   16987989.9411606        17919196.5161868        18536693.7298394     
   17870179.0645253        18429720.7778577        17516127.4258100     
   17437433.8398899        17566845.7977562        17212363.9329062     
   17257220.6786762        19033840.5074369        18014550.3398463     
   17382150.2801176        16838266.2353611        17928644.0811050     
   17636413.1019197        17707482.7433502        16772342.7556005     
   18185073.8520978        17092024.0441803        16845461.8748376     
   17552486.9620459        16822496.7751005        17520775.2774343     
   17086664.3926627        18215101.5274020        18864827.7423107     
   17590330.6932665        17796922.0063556        18461158.8956937     
   17658244.3580750        18353437.7625581        18382336.5016209     
   18220421.9603723        19130063.7930317        18347995.3578102     
   17760076.5064297        19152157.0916057        17310346.4047832     
   17956511.2677493        18092966.2340380        17082816.7115508     
   17812414.7896985        17529851.6932191        17618338.0328808     
   16960492.5740899        18353930.4867567        17534425.2368648     
   18289012.5243125        18277785.7621123        16855504.4337211     
   18172685.6010916        18803569.3229406        18097230.4970232     
   17050516.8663649        17654140.8913552        18340980.5100761     
   18779970.8005677        17447415.3012764        17775785.6285221     
   17639947.8109451        17646951.5061533        17671135.7659830     
   18326508.9391550        17794367.0964137        18786840.2697996     
   17992729.1224192        17520908.2265442        18044595.7463495     
   17372169.7219067        16688624.0518384        16931113.8532562     
   18076523.7888096        17453879.0926743        18180225.9834330     
   17665515.3968886        17313058.6191698        17346242.2123087     
   18406007.9204700        16826200.5534533        17823168.9546422     
   17748637.2204016        15730025.6155081        17808867.3045599     
   17512443.2028984        17262696.9528398        18629749.2464020     
   17684044.7283376        18060706.0191058        17181876.0359180     
   18229715.2937490        18115828.2244506        17865126.8771037     
   18107782.0761084        16758030.7647969        17413574.9958520     
   17166189.9851472        18905727.8691972        17567689.9589255     
   17726461.5408576        18549489.4564458        19068490.4789250     
   17945482.2556228        17836733.6654043        17701527.0795755     
   18731487.4084173        17826990.3610942        17415530.5915736     
   17933166.7618626        17118431.4347737        17355979.5826153     
   18308539.7451049        17112648.2514182        17635460.2558344     
   17090099.7893358        18391714.1814394        18258928.1350005     
   18103931.4060360        18270257.3845552        18671942.1079340     
   16994992.7847050        17987089.2129689        18266799.7421202     
   18112073.1044577        18109924.4202652        17215868.3091500     
   17405975.8868177        17400007.8423213        18564632.8610200     
   18532672.9770548        17707623.0171440        17687054.0374679     
   18578750.1613325        18082692.4780240        17298049.7416220     
   17888375.5791477        18215350.8392967        17959387.9428100     
   17415298.9565369        16219689.0340310        16722955.8240281     
   16909054.2091217        17092714.5319052        17882835.1146206     
   17774768.3038025        17612642.8157067        17482550.7463044     
   17555309.3660488        18137140.2129058        18083162.6551396     
   18192462.0461582        18152935.7282725        17776003.0093542     
   16913992.7539172        17755662.1686246        18327034.2860890     
   18134619.3481258        17550355.5009644        18325643.4812271     
   16599367.1143969        17403337.6898963        18449383.1500219     
   18053006.6837864        17448092.4676427        16981152.1355760     
   18274814.9689206        17707822.4169542        17466092.1132227     
   18426757.9912032        18150954.2296499        17118747.9741150     
   18178195.5170745        17602096.1656568        17428734.2179839     
   17262409.0298383        17909182.7531402        17835168.4384024     
   17229945.3921269        17979526.3025902        18439827.1381507     
   18201373.8139937        17456490.5654966        17790969.7024252     
   17498442.1578102        17611083.1279844        18521050.4039927     
   17478682.8904569        18231666.3954700        18228189.7552500     
   18240014.8007020        17709727.8561867        18685021.8757994     
   18087324.0026585        17714980.2521697        18266606.8245063     
   18003734.5291368        18017225.3144810        17834553.3956553     
   17326672.5559664        17880315.7111634        17755074.4506375     
   17540783.5295388        17172504.5643444        18252949.0762007     
   17291846.6460652        18327067.9592054        17678818.7863972     
   17519185.1023687        17342107.7518520        17792784.9986445     
   17935719.2690441        18515986.0033055        17527575.2924419     
   18698287.4646479        18542864.3688988        17559688.3748481     
   16944873.9183656        16899020.1230336        17893371.9477525     
   17748004.8313041        18455623.9890378        18166312.4032614     
   17410974.5350886        17606387.8952738        18374516.8960408     
   18056815.0495696        17117703.4774704        17383234.1269432     
   17805630.6784976        16611667.9475040        17842238.7666797     
   17578039.2071493        18929077.2752290        18239231.1011453     
   17438220.0542392        17697669.4258818        17371515.5293094     
   17860801.6949034        18131827.0805577        17563847.0561846     
   17722797.1473884        18333998.5194407        18119846.1935329     
   17631611.8441662        17175707.5821043        18205456.8041179     
   17821786.3292293        19311430.5339793        17437077.1198645     
   17380296.1618160        17612055.6517055        18104999.0608796     
   17886473.6980796        17551513.1316403        17928468.3178406     
   17795046.6409623        18696145.7793942        18854809.3597504     
   18707605.8236680        16404750.6283549        17598823.6546454     
   17871911.8068517        18006748.6221192        17861382.9293980     
   19040366.6733547        17077045.7486968        18560787.9727631     
   17934402.6217309        16891258.6810629        17263504.5512150     
   17841058.6436652        17765108.3841431        17006503.0315662     
   18037783.4129732        18229132.2308111        17701809.8829059     
   18319262.4149186        18234641.0883326        18846747.5890776     
   18248625.0553198        18282119.0413609        17936914.2795759     
   18641317.1806478        17348274.3129049        16451306.9997395     
   17679457.2429297        17249493.5600358        18655768.6077771     
   18058306.6836333        17826604.3087067        17684669.9795958     
   18302114.9483305        17947498.6553527        17230296.8737953     
   17244128.0616255        18948747.8406940        18624761.3944578     
   18851692.7441707        17307377.1939601        17068881.1803847     
   16736393.3340013        17846138.8694579        17725291.2139044     
   17398561.8932307        18369423.4211210        19346749.1612428     
   17182263.3218793        17343567.5582009        17201164.0962292     
   18902364.1486623        18221616.3683445        18389486.3295982     
   17740500.2590033        17058265.6373916        17849912.0354703     
   18495135.6445165        18611402.7002355        17730731.6823643     
   18065554.5970838        17373831.1781338        18344736.5467067     
   17689723.4489691        17591597.5873906        18002044.5081560     
   17706245.0340215        18053342.2320784        17855663.6092722     
   17355552.2984798        18226673.1778568        17201641.5632936     
   16835535.7719392     
   3306.61183914448     
   21114.3070069648        21136.4732035063        20538.4438687044     
   20071.7428389100        20748.4399902255        20862.7537674376     
   19959.3196890586        20255.7854412304        20468.4059754066     
   20129.2134869174        20288.6624458144        22177.1863639018     
   21638.0555935235        20111.0024654695        20779.8712342680     
   19960.3446714749        19373.1663756754        20361.9216611013     
   19898.7968413746        20289.5939958223        20206.4098242151     
   20948.9071917501        21401.9284923914        21431.4151508584     
   22041.0474764317        20569.6514766705        21570.0910064062     
   20941.6846325588        20094.5693888537        17645.0822975957     
   20758.8124239845        20057.4525748001        20564.1814949337     
   21665.9194543545        21602.4172742806        19945.5693941129     
   18812.1410437418        21413.3463601945        19955.0476809111     
   21728.8640921562        20008.1864683330        19622.8057939244     
   20677.9442065825        21377.2258847386        19334.6858728978     
   18922.2807585230        20879.1751726106        20782.9835814993     
   20281.3222986828        21445.8815519384        21699.1547649956     
   19765.6153821300        21009.2551618685        20313.6690347528     
   20192.6932365474        20654.9102729552        20300.1601586469     
   20396.7402880054        19079.4637434998        21281.6779721594     
   20593.2810837779        20967.3841576048        20971.9633454310     
   20782.3734877200        22479.2013843406        22109.3223479208     
   22072.9049564716        19123.2588867217        19972.9315162451     
   21784.9303311241        20678.7430417380        20057.1574090030     
   19280.0601112812        19276.3257701022        19962.5553440009     
   21914.4095309084        22412.5514310733        21337.8112496175     
   22024.3421973303        22083.2734334418        21640.9759658931     
   21159.5305043022        22470.9605662286        21558.3062263465     
   19688.3562038476        19275.2236425236        18469.5146320598     
   19877.9373098950        21536.6599483756        18553.1894912747     
   21025.6582992722        21323.0357421375        22801.5609148989     
   19913.1100081288        20006.8656781599        20718.6595659703     
   21251.9758193686        23036.5841094384        20578.6012677631     
   20109.6618322584        19498.7379446906        18595.2561029071     
   20384.5722862887        21356.5586354509        20464.6899698088     
   19915.6958732979        22346.3126026720        21177.1718689677     
   20020.6193571314        20795.8915348258        20405.8847252985     
   21356.9393810113        21112.9317130889        21419.8733992182     
   21489.8822205581        20940.8902651306        20106.5549761248     
   20307.0420824394        20149.7394446360        21438.4986889905     
   21634.5513408567        21159.2736424085        20413.5595278777     
   19490.1850120940        19427.0878313038        20886.9141308868     
   20883.8886933050        20623.5939928812        20625.4410685156     
   20407.3643363617        21467.4074021530        18879.6337813741     
   21901.3811859532        20422.7217914478        20188.4805742483     
   19768.0993886608        20293.6120578914        20056.5023596384     
   20274.4794932532        21100.2866220691        20738.9895645418     
   20295.3502906351        21433.5299814863        21346.2959421982     
   20420.8634934655        18847.5839559431        19915.5196413773     
   20353.0645449094        21988.0122851733        20019.2234939140     
   22328.2917393726        21397.4362631964        20342.1445636885     
   22174.5703738596        20638.2438756695        20889.0769545384     
   19666.3964070476        22545.8391278239        19726.7347761694     
   20479.4879291800        19934.4259859611        19256.3786549609     
   20287.9538192783        19374.5356479742        19647.4980295890     
   20292.5578698943        19869.9075672073        19769.5745301705     
   20268.4336580994        19949.0827074896        21781.7195917226     
   21367.2413478073        20970.4211640645        21537.5481052594     
   21779.8842863493        18901.9616173612        19939.1809703522     
   21172.6397337521        19661.9975137095        20680.5850336754     
   19950.7681416486        20970.7870645861        19880.1674478342     
   21812.7429608204        21513.3949247093        21469.1175886283     
   19136.3317177786        20417.2502518124        21322.3218058764     
   20677.8769805989        22962.6634977166        19930.0974218940     
   20261.2927387595        20187.5840064450        21213.6814883449     
   19407.5075889689        20812.7770809855        20165.0427403363     
   21541.1526940078        19876.2271405282        19865.1773321713     
   20258.8170396077        21570.6661643551        21061.6464050421     
   21459.3061945654        20079.1996029600        19928.0679568915     
   21215.1931424391        20152.7906096903        20042.1277512427     
   21869.5195621328        19672.8468788706        20218.8095736093     
   21835.9288977597        21541.7182934283        20281.7764606652     
   20742.3782007490        21340.4114194916        19194.9662997310     
   20576.4309936852        21764.1837389085        20167.6426609010     
   21843.4591307407        20029.0748502106        19197.6117361629     
   20334.1894512988        21708.5758584650        20754.3488987598     
   19191.3946540055        20819.9391828954        20346.1271242054     
   19430.4674871050        19889.8160925304        18678.8152755056     
   21453.0016161036        20620.2729202861        21406.0584379390     
   20121.6468499435        21095.0483638654        20562.4378659443     
   19076.2184683278        18728.3735439950        19616.4329887529     
   19386.4095489639        18851.2808950668        21099.6417202630     
   19631.8300804630        19612.1917872447        21154.2103573666     
   18874.7287546520        19261.7556362703        20017.1807291110     
   19603.6759102937        21278.6929802973        22060.5714805517     
   20672.7300186505        20405.3855863649        20548.1416930440     
   21710.9118294413        20593.1004793468        23027.3154565272     
   23841.2739640748        20262.9364687637        21755.0808647474     
   19312.4614180899        21744.9235430755        21730.2575247746     
   20384.1842063385        20968.4909051032        19099.7202147087     
   19204.8521890964        20103.8291136323        20834.9954166430     
   21213.4411205035        20924.2303384052        19282.1787238218     
   19050.9900813322        19130.3029966988        20942.3263009342     
   21313.7761087237        20023.1096334249        20199.7987707259     
   20667.0217586565        19635.6831784710        20727.8044976539     
   19924.9931696302        21343.5362805899        21913.6926967771     
   21733.9097961828        19282.7563556714        20810.9657946681     
   20900.5745290599        20236.5222993415        20995.0297263866     
   22746.5625718330        20543.1688845240        20315.1579393659     
   22350.4011967734        20448.4215017812        20627.2239791147     
   20776.5006857999        20398.4663969696        21705.0740268763     
   23362.4353619527        22168.4478014216        20142.2391879560     
   18394.7393708614        20056.5166048160        19680.9484912051     
   21571.3405117603        19788.3219992897        21608.1445394254     
   21140.6416283836        19805.6740653760        19816.5766928340     
   19872.5464192862        19639.0668935682        21554.8623553664     
   20076.1699973259        20517.3064710247        20821.7014939738     
   19652.4386053887        19538.9861124788        20201.4288870309     
   19401.7633566076        20645.7729972085        21331.0448716404     
   19336.9792821594        20905.0824022348        20233.6710328596     
   20794.6355730670        21418.5168877478        20356.6219035783     
   20662.2940315041        18687.9747618653        20609.5589061212     
   19722.8785866387        22260.1929022986        21578.0506879684     
   20755.7694148955        18977.0288251384        19871.2261899437     
   20638.2969942736        20483.2750890304        19867.5772848610     
   21506.7743145318        19974.3278539791        20727.0147940399     
   19386.6335139729        21737.7208529008        21762.1204040932     
   20137.3867423857        21931.6289386190        19560.5738802244     
   20826.9983217922        20218.3093719753        20321.1526708286     
   19344.9183466898        22767.5331426149        20682.7293208444     
   20258.1625231168        19834.2519838776        20716.3832011300     
   19912.6246945323        20189.5122138967        19039.2254888753     
   20889.7500353146        19799.6443220728        19639.9775116230     
   20844.7893654787        19203.4335541237        20327.1297061053     
   19970.6234400749        20724.4314694726        21960.3620534143     
   20970.2475622094        20386.1156895467        22287.3009780053     
   19663.1976264942        21264.8674256288        21850.9478058668     
   20167.0797680727        21681.6707499043        22420.5654863378     
   20923.0838471334        22295.8607018609        20941.3405482314     
   20173.4508177426        20699.8667793373        19883.7831803385     
   20155.3364384969        19638.6261831292        20861.4756158256     
   19272.2972032028        20602.2474115084        21075.8735591683     
   20934.3061639228        21392.9709595292        19380.7193316028     
   20818.2128885627        21981.2301308463        20480.9524124951     
   19501.5755626232        19634.6370937147        21509.6535662646     
   23066.9120970638        19605.1701259221        20383.6758812330     
   20189.7310055520        20118.5490836659        20440.8302785040     
   21516.1924148838        21039.7863549598        22589.6091439639     
   20902.6097675584        20408.8273646188        21335.6472778979     
   19481.4415922985        18607.3676536291        18817.0130791067     
   21072.1328194953        19836.9711878855        20336.9935476739     
   20221.2980613186        19384.7935738888        20156.4450264454     
   21045.3400361916        18473.2618369407        20111.3390911357     
   20469.1847072531        17358.8869495316        20303.9780561686     
   19763.0580031287        20377.9523496715        21763.4931216986     
   21482.0569971166        19977.8648355075        20086.5913806261     
   20852.7542179267        21194.8698857532        21377.3746374996     
   20869.0826835754        19315.1916391166        20115.8581454477     
   19829.3300562732        21549.3198940087        20600.3465190488     
   21091.4046121366        22157.3928849367        22639.0301083878     
   20386.6048009810        20621.2877058307        20999.1427832266     
   21995.2930172598        20581.1947990550        19472.7751057912     
   20431.8001771834        19138.9801426812        20112.4662330684     
   21007.5136718140        19151.9485823581        20638.0797378946     
   19741.8588933407        21913.8146238973        21105.7286988802     
   22024.9733661918        21237.9038184164        22105.0317461235     
   20346.3544654762        20705.9256874807        20991.1230184897     
   21300.4502779730        21022.7070380977        19238.2098527910     
   20023.9186519797        19987.2049893423        21285.6730344357     
   21614.5015982457        20502.2941600215        20728.4305001628     
   21356.0176155228        20873.0023734770        20164.8274678810     
   20322.4054405474        21392.3546615993        20821.4160509140     
   19304.0501816553        17930.5686318556        18868.2079373721     
   18783.6072697506        19960.0270434622        21601.9951851081     
   20492.8426040323        20703.8495079080        20218.5122060693     
   19789.1104924454        20982.2157434532        22491.5860005098     
   21264.7668113921        20904.1039219673        20226.8915093601     
   19423.8295539947        20126.8315228137        21183.2802894823     
   21796.8412408405        20728.3006408373        21273.4002620323     
   19651.6496940092        21565.9106194369        22332.6521377179     
   20709.5511249326        19810.3341928012        19257.4019473718     
   21284.5010391173        19732.4098892544        19451.7094147950     
   21571.4651934945        20977.6606190421        18903.9546061671     
   21404.7548368214        19854.9457008756        19762.0737789747     
   19609.7667152570        20937.7229063734        20797.6335959479     
   19248.2328895547        20250.5812292485        20584.0616940526     
   21428.8537987219        20078.6956746544        20135.3980112571     
   20017.6680780360        20128.0962395252        21995.3114667086     
   20312.3635892823        21147.5307304422        20691.4170221429     
   22146.2323330903        21007.5493470664        22117.8377502219     
   22250.8013331251        19939.3041911895        20699.9134468364     
   21082.1611283856        21300.4842279891        20715.9308376811     
   18951.7561877232        20326.0434541300        20421.0879640392     
   19579.1620867002        19583.3594930395        22092.0298924682     
   21216.6672409039        21226.9477247883        21016.8228444825     
   20067.5968065547        20016.2802786140        20306.7904660498     
   19962.8696464315        21672.2299094793        20063.4098435477     
   21455.9853418553        21995.0147701743        20220.1762185393     
   19841.8401518008        19323.9560216875        19856.4640535026     
   20466.7578742071        22417.1632778377        21533.0134094265     
   20320.6730488292        20188.8075391006        21676.2708053102     
   20665.1900709497        19729.4251176142        19323.6432855416     
   20527.5655166098        18856.2381466362        20233.4608152739     
   21287.3475827109        22689.8162097660        21146.7137652390     
   19991.1772197568        20770.5674843020        20155.4181282363     
   21294.5794712803        21649.3731719071        20143.3060473707     
   20195.6975560540        21350.6001026506        21187.8341060609     
   20269.1063951115        19867.9739693437        20933.4121455670     
   20847.3964077957        23761.1108330241        20805.1344569648     
   20008.2664863814        19392.9085476028        21400.3745914259     
   20131.7429052247        20248.7101503410        20298.1797365554     
   20196.6747116629        21399.1191961666        23117.6422474056     
   22237.5208519008        18701.4031145952        19549.7282890738     
   20753.4952457191        21024.4958569776        20859.8418621689     
   21837.8716690621        19563.2662953403        21585.2719403584     
   20309.1165464023        20110.2758044126        18438.1301374851     
   20952.2817689321        20705.4847074087        19506.9493569488     
   21107.3137592200        22066.5869645865        20134.9266312663     
   20931.1938409150        21405.9664603141        22584.7881884375     
   22311.4136048331        21520.1960807055        21857.5869668752     
   21389.3650908653        20661.0116291261        18742.8463703913     
   20739.0979936473        19361.6432692896        22471.5112286587     
   21921.0848867741        21139.9430687457        20461.0041052809     
   21567.3454470815        20860.2562969287        20298.1606649779     
   18764.8229174761        22349.5552131563        22348.3218173127     
   21691.7923964533        20517.8480767356        19811.6239627645     
   18716.0406373012        20828.3487312768        19767.9221326928     
   20425.7317072849        21798.2298964052        23196.6499453621     
   19305.9059065193        19269.1685580029        20101.1601555020     
   23093.5236083787        21608.0451127792        20523.0060120871     
   19914.7014404597        19102.9904347390        21027.8173927658     
   20953.6680546726        21541.7378444167        20742.5820326493     
   21187.4338233920        19534.6714691935        21578.6357942329     
   20750.6786321637        19887.0016572091        20642.8818044817     
   19774.6047650719        20831.9808754451        19542.5192478172     
   20897.4618589900        21355.9084218498        20894.3771493310     
   18826.8399979533     
   412314.000000000     
   15101.1259530708        20491.4332610524        26181.4322467672     
   18986.9972722010        18086.7639204364        21594.2201738241     
   15118.7712877046        19674.9116765178        19043.1714951559     
   20502.0441354967        19246.0209769642        20027.4801739922     
   20759.0048495313        16035.5931140986        21575.1797839844     
   22513.7813813495        12267.8871983426        20263.9293490610     
   15419.0294424003        15627.2562279110        21740.2359520347     
   26626.9367855902        26506.6830268473        32914.7803386051     
   21310.8971438392        22890.9958541270        26935.2017116793     
   16965.6299179879        15441.2742317733        11122.4792353127     
   18862.7020808012        13215.5270624655        22227.8880678340     
   21175.3146875923        23553.1144194559        17257.2556401675     
   14618.0732920108        20879.2924277943        17359.0354860331     
   29041.9041700893        17774.4998360905        13550.1712142650     
   19231.0304746615        21912.8423279565        24525.1550673608     
   23472.9452469606        23362.3638709782        28889.9023368136     
   18225.5254115766        19221.2650882207        26987.2330434169     
   17539.1836149465        21043.6045664015        15698.4463178087     
   14927.3781683442        23144.1772367858        19151.7659743301     
   16161.6046461456        21938.1055095021        26330.4748720304     
   18887.1874133836        23836.3275360003        17256.1142313627     
   19786.8796528260        24067.6699635277        16244.1327301707     
   25915.9743782970        22937.1933186402        17138.6928574317     
   20050.5197220885        23775.5961327063        18597.2188476910     
   15920.7082041782        14893.2373627615        20316.5187028809     
   20938.4258587616        11795.3270434064        20039.9342122842     
   20938.2144867607        21891.7474022683        26225.5498107916     
   20757.3561479244        15039.2362312120        19445.8774312400     
   20704.0481293015        29341.5873929425        13353.5529790427     
   19972.1429841608        24398.6024229916        13882.7777399759     
   23381.1675241768        15176.9408623479        20695.1113211041     
   23546.4266093479        13874.8977917829        19468.7817012558     
   18863.4630200044        31811.2916707905        22353.3331229186     
   20960.3831822134        19547.0823452632        17211.7514758172     
   19044.9047455632        21471.8696048324        18849.6900204268     
   15316.9198562133        21833.9498423466        20695.5171553458     
   15199.5407566824        17237.5304050450        18863.1501894431     
   18554.6823462331        21779.9992528410        17354.9433240960     
   30068.9099931041        20014.9415868997        23001.8139667504     
   18366.2061604850        17314.2668962459        18693.8919460153     
   15753.2085757978        24776.0959068102        24452.9588467389     
   14049.8292597145        20755.4791645566        16242.7630396050     
   20526.7154754399        16192.2366765137        17024.6027062346     
   20982.2136824647        25560.8863265721        14339.2144386846     
   21712.5039455187        13724.5023857140        14082.3044539303     
   15662.5215325385        18260.2242392418        16480.2775295583     
   18591.2666121461        25834.3256017956        19512.8062615999     
   18104.4599843504        12719.6398935118        23169.6687000924     
   27757.6924415189        22140.7013449094        17396.3976009093     
   27808.6330937319        23081.5265757238        19463.5819500340     
   20012.6503144102        18259.4210256384        24089.2637271380     
   18462.9553527295        30377.9612230365        19505.5604294096     
   31194.6265405316        21483.9178088828        20138.4842939764     
   22370.8431794718        22248.7293471211        18391.7737177119     
   24015.8500037910        16498.2526045134        18165.2421169245     
   18961.7848199356        19066.8197946148        22274.7450129899     
   18135.5654880004        17868.2475459226        17925.3602605614     
   22700.0170238884        23840.0307734557        16850.4237226262     
   22488.4843802838        16093.0271141788        21195.4542118365     
   23010.7000456676        20377.8757672975        21925.2118174482     
   16411.2265243095        13481.5936822982        22495.3412879924     
   29510.3975277284        26034.6470744733        34896.4520310522     
   14752.4805199328        29015.7785907800        24335.3683752072     
   21351.6581204897        10902.9736398347        24371.6144459187     
   19315.3340834941        17900.2069924562        17848.3532131994     
   18509.9813954862        25596.4137324807        22854.7666931755     
   22278.0931454839        17763.6691347652        19493.3938570387     
   23704.6850538497        23865.2601354812        17578.8116376722     
   21423.8374313515        15370.5407053975        17070.4619755463     
   13433.5361441772        18188.4338528615        18662.3806081235     
   23315.7352075832        20890.2668620802        19386.3297111510     
   24440.8852780484        29458.3070118306        17395.4506543454     
   25200.5477943452        23848.5025632512        14270.3240761565     
   22540.8708169828        16524.7417436642        16801.1909561803     
   18073.1769282195        25099.2667864017        18635.2996273703     
   21031.0321597889        21268.5720143822        19314.4294113303     
   18990.8357877371        16990.1913444906        23545.5642115843     
   17334.3303265698        17642.1302342570        14832.4129557871     
   19898.6954412936        25699.4702652317        21728.0947443039     
   15305.8946926472        24289.0863618936        23059.5607973919     
   13493.2698716270        16328.4194292432        22866.0370482626     
   18343.9782808720        11969.2862001339        17107.3506171406     
   16101.2959868534        15707.6367724072        22360.4436770283     
   14344.9722119887        17497.0783123704        19302.1360157589     
   18498.6941306390        22632.1581567246        12597.2724147601     
   14621.8695331467        14301.7593201280        23447.6482458948     
   29075.8589683113        24182.9522528098        18587.0053526083     
   31860.2369713151        11524.6778785946        16366.4072052421     
   14353.5708249847        18077.1084474360        18590.2858460620     
   17193.2014690196        19539.5997764319        18062.2109488137     
   20964.5345283108        12235.6571956478        14536.7627107107     
   24674.6627110261        18944.3931317028        16555.9148863546     
   13448.3829135193        12304.8434789772        22954.8471081540     
   18179.7676008253        18243.0185583698        23800.6902166512     
   25777.2297969168        15042.5589990659        17398.5028660382     
   15949.8944500603        19505.6703428500        16131.2008975385     
   19655.2033511554        22227.7274251133        28604.8883308217     
   18560.5838524978        9521.93662509943        25184.9654504401     
   29834.0587903619        26663.4026831827        30854.8587314308     
   22446.6834533889        19565.5731679005        23988.5661059169     
   18718.4702822781        18097.3578851207        23267.5254816216     
   20950.1950517708        26946.2522398855        18380.4103589444     
   17257.3740084880        13489.0339767293        27693.1817068491     
   24335.3176459270        23444.3339329210        25714.7905078557     
   17788.2221063879        18980.6814768146        14570.6075954923     
   11566.5210798896        16074.4940171413        21505.1902870518     
   25233.9952997651        25248.1487689443        17212.8675199818     
   17055.6321159643        9990.10869729726        15062.7154330702     
   21640.2231760964        21197.5172025651        19415.8879717546     
   13208.5940608365        11803.1308976791        20159.4946708642     
   17049.7982487399        15999.3385885070        23680.4280030283     
   31381.8006747544        15053.4911589516        25267.7640906263     
   19004.7356105152        29682.5135206082        17716.4993590480     
   14671.8125095155        20459.1778937175        15806.8125152219     
   24811.3443016776        18799.0621987751        22082.6163190665     
   25516.8194918278        19648.2196202462        14976.9068555914     
   12311.9793977270        20900.0491582811        21252.4147386347     
   21839.1326838083        24642.0691484897        16874.4271270465     
   13671.9637611743        20879.1571497138        25284.6907604571     
   13594.0013123682        20683.6126842560        21367.3250131952     
   21094.1901136530        15814.1936254928        21037.8637028575     
   16460.6960273964        24008.1560629588        25703.0635892467     
   18928.0413937145        14680.9860543539        16132.5452234641     
   17020.2568978964        14146.2571665177        16301.7781022518     
   13249.4818606875        20679.3936991184        26440.8195113719     
   12149.7471596086        16520.5227585266        17997.3704738225     
   20610.9852647523        25056.8740179044        24253.2207607836     
   14310.4847563245        22005.1865277027        22089.8283317366     
   19191.2079896950        17649.1055102861        18616.5805229720     
   19128.4051407924        14958.1962060731        17940.0717518229     
   24499.2662246926        19802.8255565727        28191.1910506917     
   16645.3336976085        20252.6336293337        25481.0553492783     
   18725.9274864693        22310.8135312208        20496.9712074755     
   20465.1470390224        15556.9961748172        17752.9990761606     
   22811.8412672360        19317.2702510222        22638.0850276294     
   19996.3408508220        8154.73179410197        24185.1674313790     
   19344.7993404173        16010.0001922316        21100.4382699991     
   26893.2655067039        28396.4163537899        23780.2463167257     
   18108.2815901263        18744.6719555076        24540.1878440637     
   23263.3487708841        12325.7608521846        12017.3014638547     
   21561.1108636056        24895.9015569112        18147.6644213310     
   15650.1604979268        17794.2588907331        13480.0464392517     
   32499.5949995888        9391.67228839468        23056.0266575371     
   18571.0256293415        10556.0276375839        25649.7724803838     
   15786.8505434584        18902.9642195296        23001.1122117075     
   24470.1729824909        18374.4496685194        23608.5023385675     
   22030.0776945268        16376.2233209631        20721.4482724143     
   27860.3938693083        13040.7562372547        18367.0178289683     
   15821.2365405622        21848.5345104076        30625.7230275926     
   22178.4862037874        20077.2878722805        18549.5248694116     
   19760.2721453547        15566.1866294157        19112.8481615273     
   23116.2169485088        20853.8178742478        16822.5057087494     
   23474.1542948057        21551.5653040457        17381.7791133282     
   23174.7585378737        13751.1944419856        14904.4400788083     
   13735.7642859211        27743.1500478580        17008.2763328863     
   21688.1285263768        16087.6582653564        22860.8203872808     
   16984.7633115079        21791.8614495306        19436.0444057589     
   19153.5584088976        27329.9600605301        18815.4731209237     
   25778.1598337207        11690.9092749698        20657.2419134258     
   28991.8428253999        20378.0364100182        18558.4363129688     
   19898.4840692927        24541.4222565489        15930.9977931812     
   17874.7070742696        17091.5146268344        19803.8993263372     
   23453.9809510413        10503.4044642438        12721.0011291975     
   19426.9469548408        18184.1049542834        22298.3594929287     
   30479.0393138592        19835.3514800687        15711.8473026648     
   19195.0549601111        12878.3633564155        27713.6678811748     
   21314.5665617746        20592.8918214766        20651.3404071611     
   20474.3459485009        19045.0146590036        20020.7162699639     
   22458.2328195172        22183.2378463673        17166.7546042690     
   17089.2233543448        20598.9877899821        29289.9534405666     
   19255.5665365241        18471.6807889260        17802.2402974865     
   19958.8096383450        15650.7354297692        15447.5054783593     
   19514.3873241665        15464.9732605124        14418.4873938961     
   20459.1017997972        16047.3031229476        17661.4665448978     
   20282.1073411370        25369.3748388912        18669.4911622333     
   14956.6574179067        16994.9345321905        24103.4510158373     
   23738.4453898309        20564.9399880798        22283.5549979868     
   18322.0716867004        19264.9599082434        25683.5243614850     
   18540.5965160942        23083.7332994130        26753.6838922002     
   19839.6211944866        25876.4731787719        26009.2486148471     
   18779.5314258934        27514.8429222633        23235.9549595696     
   20945.9760666332        19213.9854365103        20009.6150124775     
   16256.4853099024        19241.7597174264        19515.4610939310     
   28404.8627789452        20849.4551561496        23149.7828222492     
   10438.9613686143        17361.3183036426        26538.1605452189     
   16271.4842670851        22871.6088142059        13029.1138674460     
   20362.1919648319        15305.4804035254        14843.5903071939     
   27459.3619994713        22542.2235977885        21942.1638519191     
   21365.4395749473        14422.4020033525        28572.8697001278     
   24069.1411126538        16343.3592022657        28144.2749213755     
   22837.0621743815        20427.2353569439        23646.4224755261     
   20428.1146644676        15097.5833583360        17295.9705358494     
   23319.5990877594        21144.2091839422        15325.1126349675     
   24172.8233065274        21562.3199114507        25715.0779737769     
   17266.5052789262        19696.0404217261        16483.6679364524     
   30303.2369932840        15819.1397303135        21849.7097387325     
   14670.0454395881        15477.3342951241        19081.7257481172     
   18721.9621477327        17889.3762911309        23951.8803814435     
   23158.4490742855        21090.0810419558        19033.8542173570     
   14790.8741301734        17224.0617811487        29187.2266481370     
   12500.1258431538        26846.0619114665        25096.8825102317     
   19190.1173101704        23871.3391942267        20679.0808685571     
   23892.6877663159        12083.3509866909        19595.1567931443     
   18511.7146458934        23084.9423472581        15900.9576044156     
   25061.0760932820        16825.6931985227        13327.8670534953     
   17999.8223890328        23712.9370167642        15103.0790303590     
   18554.6485267130        24235.7529786306        16277.4026831099     
   26539.1244015430        26311.8234066724        20934.9593579471     
   16715.5345665421        22055.0534101512        30447.9591748492     
   16909.9798975952        22101.0310477835        18136.1488747229     
   22082.1935750647        19926.9178308516        14473.0213701242     
   17032.7109361885        19931.7962966320        21372.2964826560     
   20257.2161743129        11836.6206774991        23897.3886796156     
   26400.1853579219        19090.6879209546        20954.8959650705     
   13814.0142006483        21966.0827075391        26468.2217775665     
   21529.7094391543        13095.1718451622        22361.4328979924     
   14805.2136067134        21220.0325480993        23635.6763230012     
   21105.8155737016        20636.6796451798        21890.3269824223     
   15453.9988262265        14395.9974130021        23106.7221182291     
   22398.9049263091        15892.4181755799        14992.4638348564     
   31301.4370400183        20824.8176357265        23384.6002054712     
   25062.1921374466        25952.0175318878        18847.2550149766     
   28052.6071120322        16252.3001442849        26305.0256831240     
   19274.4040092429        17604.9794913816        21594.4991848652     
   13391.9296795232        25903.5541595251        19916.7550650491     
   16941.4489610868        25259.6558606724        25358.5864119661     
   12543.1273630136     
 ------
  0.000000000000000E+000  0.000000000000000E+000  0.000000000000000E+000
  0.000000000000000E+000  0.000000000000000E+000
  0.000000000000000E+000  0.000000000000000E+000  0.000000000000000E+000
  0.000000000000000E+000  0.000000000000000E+000
