           3           8           8           8
   4.50000000000000        7.91500000000000       -5.20000000000000     
   825000000.000000        43055190.0000000     
       72928         590       27670
   5804228.66666548     
   13363853.3333334        14102147.9999998        14097627.5555555     
   15040016.6666666        14280119.7777779        13708392.2222222     
   14196407.1111112        15348367.7777776        15369242.2222222     
   13750548.4444444        14293853.9999999        14827835.3333333     
   15425080.2222221        15382563.5555555        17417856.0000002     
   14752554.6666665        14893040.8888888        16207043.7777776     
   14847569.5555557        16566881.5555556        16370967.3333334     
   13002383.1111111        14220658.2222221        16004289.7777776     
   17797294.0000001        14357814.4444443        14490891.9999999     
   16424916.2222220        16428600.8888889        15513588.2222222     
   15574027.7777777        14143606.2222223        14766034.4444447     
   14016639.7777779        15690336.4444445        16128318.0000000     
   13912749.1111111        13191250.0000002        13349292.2222221     
   13963702.8888889        14716776.6666663        16264530.2222220     
   16620015.5555557        19128533.7777772        16678305.1111113     
   14576044.8888892        16452353.1111110        16729636.0000000     
   15445530.4444443        17358428.4444447        15399487.3333333     
   14845179.5555556        14553462.2222222        15016188.2222219     
   15414011.7777777        14390341.1111112        14906220.8888888     
   14630234.4444445        13914110.8888890        13647122.0000001     
   15284673.1111112        17154291.3333334        15669981.5555559     
   15236898.8888882        15358119.9999999        14056480.8888886     
   13608614.8888888        15963709.5555556        14475601.3333335     
   13893485.3333336        16337352.2222221        17913273.5555549     
   16948327.3333330        15117513.3333335        15136413.3333330     
   14369166.2222224        14658618.2222221        14553809.9999995     
   14833071.3333327        16192589.1111109        16698247.7777783     
   17085251.3333334        13766752.8888885        14278494.6666669     
   13333577.1111120        14863364.6666659        16188217.1111113     
   16329476.0000000        15320990.8888892        15135946.4444450     
   13452277.5555552        13794978.6666661        13237984.4444450     
   13440948.0000001        14058083.7777780        16023329.9999997     
   13328926.4444445        14473181.3333333        15031524.0000001     
   13522529.1111116        15605378.6666662        16925712.8888897     
   14209762.8888882        13582194.8888887        14999399.7777781     
   13254492.8888894        14155242.2222232        14036814.2222219     
   16243376.4444448        16327441.3333330        14446085.9999995     
   15317646.8888884        14139290.0000001        14121882.6666662     
   15641459.3333328        14229671.3333323        13930807.5555560     
   12845510.2222225        13388925.5555559        11685747.3333334     
   15780289.7777776        16129666.0000009        18317964.8888890     
   14968761.3333340        14595701.9999999        15339983.5555557     
   15181520.2222215        15860883.1111107        16989507.3333331     
   15143201.5555544        14297567.3333333        13503061.1111118     
   12387559.3333329        12943061.3333320        12751486.2222243     
   12201427.1111110        13187576.8888886        13592885.5555545     
   14115700.4444442        14349076.8888881        14231652.2222204     
   14362721.5555557        12958202.2222235        11964078.2222221     
   14227415.7777776        15188222.8888898        14356350.8888902     
   12675217.9999991        15647710.4444451        13405191.7777772     
   12896290.4444453        16611415.1111100        13903441.7777797     
   16350941.3333335        15529507.3333340        15386691.7777793     
   16312064.8888885        14683277.1111089        16012844.4444438     
   16372768.8888891        15083167.7777771        14912495.3333344     
   15123287.1111125        16328550.2222221        15430720.6666672     
   15747001.9999988        14171226.6666664        15524455.1111128     
   14740784.6666660        14076960.4444457        14970499.7777784     
   15823961.3333335        15490246.2222219        15871416.8888890     
   15090565.5555553        15355357.7777800        14093696.4444438     
   13125828.2222232        12971461.1111112        13344517.7777781     
   13847886.2222219        13970132.4444440        14294203.7777782     
   14569299.5555559        16321922.8888878        16599594.4444417     
   15935475.3333335        14857222.6666668        13745876.4444428     
   14341280.0000013        14472966.6666660        12776433.5555562     
   14950184.2222223        14119044.2222227        16430886.6666679     
   14437845.1111100        13401674.2222224        12381483.1111129     
   14092920.8888893        14412765.1111116        16399195.7777770     
   14759273.7777759        13510141.3333338        14810699.7777793     
   14812880.2222237        15258096.2222230        15137954.4444459     
   15678846.6666668        15505228.8888890        13111839.7777772     
   15367211.1111115        13521516.8888889        14487502.4444445     
   14472193.5555550        15443200.0000014        16897845.1111112     
   15133229.1111111        16806374.4444441        13625065.3333335     
   15748618.8888901        15164457.3333346        14162802.2222235     
   15187133.3333321        13725200.2222217        13287826.4444441     
   15285867.9999988        13416681.9999999        13616096.8888877     
   13575696.2222222        14612123.5555552        15861083.7777774     
   13716054.6666663        15037500.4444437        15743643.1111100     
   14113103.7777764        14653309.3333320        15873535.3333323     
   17554181.1111112        17963610.6666681        15924147.7777786     
   13962520.2222218        14831760.8888895        14444147.9999985     
   14701861.3333331        14633636.2222211        17664842.2222218     
   13786418.4444451        13496909.1111108        14476306.8888888     
   13660205.7777781        13677920.4444443        14088881.5555569     
   15341550.4444427        14197426.8888884        13694721.5555566     
   15730332.8888905        12997722.2222215        14758281.7777767     
   11637370.4444489        13537268.4444485        14340438.8888880     
   12506863.7777761        12812630.4444457        13987542.4444454     
   12426859.1111075        13156533.3333372        13309027.3333314     
   11738338.4444440        14002498.2222240        14847591.5555554     
   13105052.8888866        13128228.8888898        13956092.8888846     
   13860726.4444433        14817718.4444464        17631730.4444443     
   13834893.9999955        13586309.1111121        15381283.3333324     
   13870228.2222246        13526455.1111102        11976339.3333337     
   17212511.3333350        15603715.1111136        13814491.3333338     
   11835772.2222227        12512845.9999997        15223380.2222233     
   13473187.5555538        11917392.6666689        14375622.4444509     
   16739216.4444442        15133886.4444459        13469797.5555587     
   13630983.7777764        14397048.4444439        11982709.7777780     
   12890730.6666642        15499100.4444458        15617712.0000002     
   14875582.0000033        14985602.4444461        15939556.4444486     
   16121243.7777811        14530966.8888911        14624653.9999985     
   13874048.4444462        13055728.2222231        13103370.0000054     
   14284415.3333345        14623349.7777763        13290292.2222245     
   14047830.6666655        14748383.7777775        13430620.2222218     
   13898541.5555544        14625962.4444468        14311905.7777794     
   12015323.7777797        13144731.5555570        14314998.4444460     
   15734650.8888910        15796332.6666694        15511958.6666632     
   15679800.6666631        14947235.1111139        13894067.3333374     
   13231891.7777792        14807037.7777759        14981808.8888901     
   13177505.7777773        14994598.2222192        12607632.8888907     
   10734144.6666662        11378179.5555528        15179433.7777774     
   13942885.5555566        13726736.8888926        14201592.2222181     
   14959554.6666672        14531410.2222221        17410618.2222207     
   13712621.1111114        14867641.1111121        15711109.1111125     
   14530673.3333308        15819700.6666661        14723896.8888915     
   15789223.5555560        11530850.0000008        13206786.8888858     
   14860959.7777799        16674854.6666709        15608117.1111071     
   14600308.4444429        14579255.5555532        12851441.7777769     
   14764609.3333329        15723815.5555513        15477158.4444456     
   13694806.8888922        13274592.4444447        13354248.0000024     
   13568656.6666665        14604401.9999985        14313289.3333361     
   15636360.2222211        13143106.6666686        13221612.8888923     
   13476664.8888882        14032567.5555562        14680352.6666666     
   11785433.1111114        15134015.5555533        13918096.6666639     
   14734785.7777762        14629292.2222196        15276178.8888874     
   13524536.0000028        14204383.1111100        14802780.4444482     
   15659746.0000035        13391562.8888869        15247494.4444440     
   15396140.4444467        14220628.8888879        15589380.2222269     
   14673839.7777781        13728381.7777761        14909560.8888881     
   14250376.0000009        16024981.3333298        13271353.9999995     
   14454498.2222274        14523185.5555572        14985248.6666638     
   14035392.4444440        13869862.8888868        12749686.8888885     
   13538955.7777789        16793409.7777763        17045635.3333354     
   16213520.4444424        15113791.1111165        16422277.7777792     
   15353891.7777790        14488908.6666686        16121085.1111139     
   15282579.3333338        16002771.5555572        16448169.3333328     
   15527880.6666661        15914095.7777767        16404129.5555550     
   15373008.4444463        14445893.7777809        14030580.4444479     
   16092821.7777770        13736355.9999979        11414548.2222215     
   15370355.5555560        15130995.7777800        14581593.5555544     
   15694169.9999991        14824319.1111087        13221606.4444423     
   14325026.6666659        13232525.9999989        13671806.8888878     
   14722705.9999987        16469661.3333289        16022821.9999984     
   14735268.2222211        15510720.2222197        14235536.0000011     
   16414281.3333307        14908229.3333298        13149355.5555570     
   15286577.1111110        15758504.4444440        13381182.4444483     
   14945730.2222249        14573842.6666662        13113308.6666646     
   14757886.8888885        13596655.5555537        12415396.2222207     
   14112354.2222204        16511840.2222214        17361593.5555565     
   14980750.2222228        12048804.8888879        11942894.4444438     
   12804934.0000019        15251341.3333317        12172241.7777793     
   13991315.5555544        13811263.3333304        17038610.8888898     
   16129451.7777748        13259964.4444449        15863687.3333307     
   13046775.7777802        13628095.1111082        14681675.3333338     
   16943811.3333366        12407560.0000042        14320809.3333335     
   15513915.1111082        14369172.0000027        12382623.7777778     
   13805257.9999971        12836662.8888879        12998593.5555568     
   12742858.2222234        13361368.2222245        12845124.6666664     
   15621746.8888924        14382666.6666662        15220341.5555534     
   15633784.8888892        12772854.2222230        14734036.4444425     
   13201150.4444440        14006914.4444436        13691455.1111120     
   13204634.2222212        15448963.1111130        17222727.1111092     
   14963943.1111140        15168716.2222174        14111327.7777799     
   13677853.5555573        16068031.7777737        17567991.7777798     
   14501753.9999998        13331428.0000001        13731490.4444469     
   14879018.2222230        15352616.8888882        13407245.3333350     
   16145502.6666608        15196375.5555542        14019572.0000002     
   14174155.7777781        13709466.0000020        14454818.8888910     
   12854644.6666624        14719978.6666670        15345459.9999985     
   14591244.6666609        16207880.6666601        13324914.2222256     
   13858263.7777815        13135855.9999932        14076422.2222207     
   14876071.3333361        15369992.4444408        13829223.5555572     
   15371668.8888870        15027373.9999993        15561879.5555543     
   13955718.6666694        15097846.2222244        13807934.0000035     
   12432590.2222189        14135182.4444539        14994156.2222154     
   14352853.5555561        14663459.9999954        13377758.8888877     
   14797399.1111054        16986606.8888860        12561620.2222245     
   14020851.1111039        12700573.1111053        13166307.7777747     
   13985162.8888824        13513467.5555508        15424972.8888947     
   16325764.6666675        15301706.2222205        15407727.7777813     
   15386046.4444401        15674534.0000083        13287268.8888885     
   13217031.3333303        12814667.3333422        14567078.6666664     
   14562718.4444512        15888993.1111162        15493134.6666739     
   14073344.6666612        13137381.5555626        12453367.5555546     
   13292747.3333332        12917467.3333369        14933749.3333281     
   17335146.2222204        17307688.4444423        15910907.1111121     
   15501237.7777749        15286500.2222152        17544174.8888967     
   13949160.2222177        13186966.6666690        13132236.6666659     
   13799485.1111212        15105225.5555526        15287183.5555628     
   15434379.9999958        15376352.2222238        14407788.8888921     
   14910099.3333344        16201727.7777754        14806590.0000032     
   15387219.5555526        15830568.8888945        18230635.9999962     
   14777303.7777793        14026847.7777663        15397314.2222220     
   16070908.6666669        16254711.7777755        15555173.7777824     
   14099024.8888878        11425668.4444453        11363082.2222184     
   14620949.1111131        15331053.1111126     
   3442984.49126903     
   9532517.62602468        9385083.48428384        9308609.52836397     
   9771035.74549708        9225981.51373284        9687736.25486355     
   9268552.19303506        9497674.08226421        9678837.51857539     
   9044834.89545668        8844282.71114269        9366751.37140558     
   9966210.39557128        9882813.56779635        10015377.1028700     
   9512630.25289394        9103951.87051734        9782325.46550558     
   9104664.70069517        9469067.26742413        9776174.99083159     
   9306083.72893652        8705202.71063305        9875906.99368429     
   10739806.3901774        9417727.57675656        9226295.94186866     
   9117237.54720172        9412331.68407878        9779048.73355828     
   9809135.78819397        9445839.68197726        9550688.51082438     
   8783444.29710622        9537911.91617492        9829103.02302570     
   9885262.93548709        8875685.92418037        9112349.23875541     
   8954401.80900368        9589552.41932381        9575214.86650052     
   9735907.73774794        10369201.5843584        9956255.46814467     
   9084315.24256470        9653261.56362458        9839573.67085875     
   9611907.33061785        10218369.9733004        9667192.04087406     
   8948900.74698905        9266820.54605752        9379440.91040155     
   9504559.98530599        9327109.66415520        9133734.83520363     
   9072606.08062662        9180360.08729219        9411773.87452636     
   9920769.50470628        10209269.2600316        10030389.6205673     
   9069062.94576668        9342607.48256242        9501493.89524404     
   9420756.02006432        10102494.9952071        9372710.63981421     
   9066501.18868694        9450003.41311489        9587304.13485269     
   10027950.2306313        9539999.73523547        9359464.24823885     
   9221957.10004136        9293529.16403616        9104950.31289806     
   9541974.28662205        9398232.73930461        9807435.21722863     
   10003528.1178938        9259039.42160599        9434934.16245639     
   9119347.27811421        9059299.23366822        10213140.4791676     
   9846819.51220618        9522838.60045824        9246589.32704718     
   9174715.70178489        8937622.14179485        9084076.43569037     
   9218211.88553183        9378065.98011914        9527562.32153423     
   9485644.54761607        9633831.87932172        9163258.87557638     
   9136065.74605409        9331809.22965626        9981318.53078353     
   9109256.26509258        9154335.60559012        9468833.12452221     
   9184899.68575639        9716976.76270621        9415370.36930586     
   9636624.43605782        9904161.77139391        9894356.35574298     
   9782902.21273218        9255742.26401147        9696075.55494107     
   9683500.83218109        9157228.57288361        9761441.32107438     
   9472524.88467875        9468140.26694191        8651292.30601572     
   9850292.29073536        9699578.41102063        10481756.6002223     
   9788368.78315768        9208456.38415010        9522022.20981610     
   9529679.95130504        10034458.8851842        9915603.93081669     
   9123598.40438188        9076766.60406420        9143946.33306786     
   8986281.18101640        9044112.80067789        8943719.35167569     
   8456565.46138582        9197431.95369102        8994632.74175011     
   9208291.70103445        9170781.65765737        8975014.21201417     
   9253885.01714787        8910427.66724774        8506553.90859433     
   8974839.00344978        9786882.08112461        9369002.06968099     
   8919677.54914292        10071438.4582580        9015986.49289886     
   9105722.35699904        10267612.4112559        9707493.24759039     
   9883015.41456535        9204187.50777540        9508256.40329430     
   10139767.2488901        9073795.51778414        9754559.93851947     
   9873899.89156429        9512572.55872149        9185709.64443620     
   9420297.08454449        9770135.22254134        9824932.41359856     
   10219451.5137243        9361564.74073460        9650509.68860697     
   9659818.73015387        9407188.63207089        9004740.84476567     
   9688234.85064830        9496739.26442404        9665640.82283898     
   9851100.19000366        9623749.10295657        9419741.70423066     
   9174749.17562608        9309012.43319827        8856831.03372094     
   8786105.65363355        9313894.04544477        9007344.96173700     
   9141606.35431318        10118960.1461367        10214855.4516508     
   9733289.56614024        9759428.97889454        9513560.47901595     
   8862012.30875594        9075582.07912397        8435203.08073933     
   9487064.35479715        9411429.97147110        9824340.97359815     
   9426914.56789294        8939007.06933146        9268736.74536865     
   9171973.11992499        9396143.90089626        9616231.14076992     
   9893308.75254394        9111464.98792719        9432453.92531462     
   9306677.04735428        9440494.34740621        9773858.84406221     
   9447493.71157782        9347562.65285722        8673633.72439838     
   9840565.44751116        9230279.54464193        9625385.37142864     
   9509988.36537054        9399774.06170973        9785043.63234576     
   9730242.34979654        9739438.16683643        9297998.58397769     
   9550793.00958387        9228304.02990441        9325586.17617537     
   9787246.38090635        8674497.02928142        9139872.70827604     
   9425075.41617458        9460549.27043863        9404865.21325529     
   9389624.69463576        9021881.24335419        9453622.39405770     
   8913909.48099836        9612880.16477867        9850921.81176113     
   8884505.68830730        9501703.44163954        9550509.59697189     
   9696045.72786092        9662438.33283195        9951566.53019049     
   9171753.29589554        9054148.96731135        9305830.67485705     
   9341600.51047324        9264226.40887407        9420372.38636143     
   8902944.98300398        8896212.10440567        9240445.26862507     
   9094399.07946550        9148386.78305580        9327560.67669144     
   9962160.12582200        9214043.74741387        9356263.07543638     
   9775351.46681650        8677688.29855393        9459095.39196175     
   9038490.84751669        9278877.29687064        9359081.81594401     
   8525306.52382788        9553977.83462530        9778770.76750541     
   8247884.45136179        9154323.77520652        9230412.09745094     
   9109340.29127643        9410079.53906009        9458081.81382301     
   8904187.15705182        9246657.68607553        9159389.28649619     
   9369474.28639498        9242762.03160162        10171209.2224322     
   9209115.59827853        9204715.98488650        9561430.84558412     
   9154407.90581138        9186141.22311938        8662566.79989055     
   10164062.1251425        9547957.48046196        9339253.61067270     
   9202875.87138310        9469478.45882347        9632085.40661547     
   8878455.94015126        8754381.14266147        9386294.85625186     
   10378841.8828816        9874775.74950719        9471175.11583020     
   9392367.46608312        9093715.57377411        8851197.09879268     
   9252402.41380657        9196046.03791093        9832662.33994951     
   9356972.13419117        9778366.11458242        9550533.77220132     
   9499611.41051210        9289803.27920858        9407967.81923924     
   9465854.98719530        8801888.08315586        8835100.43207842     
   9551643.80205961        10097852.0486851        8697916.74335811     
   9771322.64662817        9531640.23762298        8789182.92368801     
   9163203.38555474        9868277.44088295        8880148.25132582     
   8761263.07717140        8936487.08554164        9098234.50045138     
   9713626.22093873        9264105.80792223        9632898.16570939     
   9781304.39302545        9353772.37246890        9503229.44359960     
   8909302.77391813        9723505.90546757        9612287.92874828     
   9206762.76477314        9662334.76173645        8888181.01599606     
   8551456.04203731        8534558.47812726        9689783.32723255     
   9087862.35848526        9004336.71351220        8908988.06523667     
   9647715.59061444        9303455.19901828        9903270.76146057     
   9353147.16172718        9534461.30275496        9489286.59151913     
   9642026.94213125        9592260.43195570        9219337.35863930     
   9600951.30243681        9248414.31113192        9575359.98484873     
   9461714.82275203        10113410.9271378        8917042.13341639     
   9058154.16391829        8906212.34042224        9042986.50155427     
   9398881.54330142        9532291.92605793        9715787.95869611     
   8694622.37722266        8791670.91334218        9008285.69987936     
   9392230.23961723        9521463.88906173        9304196.17844833     
   10208012.7069454        8851372.00795862        9298882.30295546     
   9012880.76018443        9546256.26203147        9392001.71615181     
   8886075.42606251        9775218.46061715        8958696.90917186     
   9394020.20456699        9338737.53053825        9774385.56046650     
   9393331.25502500        9323862.43679252        9449324.51287643     
   9426562.31591451        9224741.66582270        10037494.1167757     
   10176590.1639312        8981680.68777422        9392612.03307512     
   9055567.26903714        9021215.94861778        9400635.47376763     
   9089394.06814153        9638385.50920284        9046308.95903582     
   9565464.90262967        9633021.06390587        9505077.29600327     
   9413749.59277670        9409960.65101868        8857463.16521036     
   8951920.68384822        9381426.22533220        9855282.41496366     
   9603071.76976169        9248854.30513610        9620418.16617083     
   9287756.38983411        9466501.44830443        9793077.55325704     
   9430513.48231254        9790758.15913317        9774499.13611469     
   9572313.32441542        10182601.4642025        9811393.37966718     
   9881314.12344623        9833298.28571097        8987242.34178994     
   9779549.72470251        9274440.87825926        8353323.28403570     
   9519085.59662974        9614199.71577715        8887547.05740703     
   9771662.34923098        9035107.86428657        9298609.09930974     
   9238091.34984869        9324274.38999711        9304931.49121550     
   9588952.33510259        9867757.36439203        9561120.72190558     
   9392647.21323043        9562982.77569639        9489151.09162631     
   10160475.6826022        9970255.18211894        9128945.00450958     
   9159416.31428253        9419283.71105743        9397986.23024495     
   9569462.55840261        9297953.95192072        9022458.47101844     
   9594282.70084205        9301929.56673898        9490997.23965011     
   9370995.38546832        9527957.65003813        9835063.31222369     
   9723730.34186251        9051253.42810754        9087455.70774984     
   9478626.60151337        9596974.33598735        8597613.48297590     
   8989737.66202340        8944916.63495913        10066486.0389839     
   9300738.37149262        8891338.90205724        9554150.95410427     
   9222736.15322284        9352475.07886587        9498152.43839740     
   9924671.66316644        8764641.34706697        9600070.42131649     
   9638461.80556452        8925962.68531681        8802297.68688317     
   9436512.65620307        9138473.11885691        9286028.83587816     
   8804398.33134246        9190235.87796760        9167496.49736083     
   9868090.31862036        9211774.93341166        9229591.77562678     
   9752271.60604257        9143028.34825285        9744788.99265818     
   8861535.39808343        9323962.50441954        9274271.93529463     
   9077587.97335989        9511822.52398285        9697448.55404469     
   9703819.06898453        9796895.56384998        9523587.94947416     
   9166865.49440725        10278361.0289286        10249794.2933836     
   9647917.28420724        8943284.95583811        8964845.62097894     
   9697187.26249057        9671341.05776754        9331404.66956629     
   9720626.38651562        9443692.73648095        9342254.84998400     
   9394785.18276404        8943551.43432724        9236706.88159394     
   8642158.95682089        9487178.02843128        9574494.45978398     
   9627449.25529454        9779188.35183117        9026386.59045385     
   9144310.75111123        8635751.49849272        9393466.75748718     
   9330630.47675205        9489801.39894699        8901359.63809967     
   9943611.74102842        9637465.68240647        9454990.56513925     
   8894182.09204140        9286154.97477253        9483424.27060504     
   8829023.61909096        9198804.16096134        9883867.08393512     
   9617868.24095299        9619735.89098210        9334561.43288166     
   9350327.51576931        10336397.5912039        9184369.88579165     
   9451366.74578791        9160536.72324496        9350336.21204017     
   9142121.90238131        9134648.10658019        9374823.57388194     
   9872636.17878596        9430820.44451924        9588729.11433386     
   9531212.35160652        9381931.78144122        9466238.35554344     
   8803153.29508496        8932713.26576897        9597360.78745206     
   9506672.64946927        9391611.33840670        9357145.57517728     
   9216434.39704834        9191599.36589009        8998370.02440251     
   9384927.88489025        9006290.46695669        9679331.94575110     
   9852525.99147874        10329713.5830750        10044925.4565178     
   9579158.84349801        10013371.3803751        9951582.19175690     
   9517037.23010289        9301449.84414862        8978359.26889146     
   9133651.19228864        9655434.68352136        9779265.30741573     
   9823990.65657303        9889320.31855432        9212014.44956443     
   9601348.65126450        9913950.72458270        9653618.27376431     
   9190810.80296727        9458113.72678614        9953627.92938577     
   9419715.41004638        9283261.01388930        9322428.20245169     
   10315165.4994748        9882087.46488270        9793204.56793378     
   9361403.32720622        8798669.56671637        8690329.45257385     
   9332342.96826901        9215587.40475880     
   4706.45754188864     
   11529.5215072275        11934.4709864024        11970.5471768726     
   12649.9999347593        11708.0512022176        11912.1706065776     
   11842.0874790588        12577.9261992827        12623.6464779290     
   11034.0650830748        11999.9502199637        12200.3626507296     
   12580.1369635911        12781.1608864350        13530.9612550855     
   12050.1560693524        11928.5490270085        12529.1742497962     
   12288.2247503027        12838.8391710477        12947.5366053143     
   11639.1943290621        11119.0995760328        12930.5871481715     
   14256.7441994115        12141.1481935550        12187.9856100634     
   12986.1924883016        13066.9668549215        12861.8217823284     
   12614.7294269478        11898.1861472272        12522.9046661182     
   11771.8704756020        12422.8252454111        13005.6371709486     
   11925.0960091933        11688.4047273776        11460.8717218005     
   11358.9408928264        12101.4036728626        13403.4118311606     
   13286.4167713425        14443.9184495960        13207.4813930984     
   12028.2669778813        13224.4244233532        12940.6743962965     
   12396.2291512536        14017.2336073023        12509.3750584371     
   11937.9975984305        11896.1690186855        12495.5672686459     
   12844.0779321050        12270.2143906750        12121.7005749105     
   12007.1176222932        11819.9978076555        11561.7064523393     
   12384.7405664407        13377.2322894658        12846.8276299340     
   12158.3777429832        12469.2424328570        11981.2645650328     
   11571.0839420247        13220.1222577285        11508.6590957460     
   11307.6721626505        13031.8780394048        14046.7492560892     
   13791.2873760672        12280.1738540865        12295.6427560359     
   11817.6538501956        12051.3374273228        11892.7128816929     
   12497.1690326946        12904.5913977363        13461.4011072213     
   12933.9262306670        11720.9755836410        11981.1856641702     
   11700.4470100414        12014.0013035065        13111.6329993677     
   12711.9960228727        12543.2310514718        12156.0049079564     
   11306.9350176282        11435.6172252510        11284.2186606919     
   11671.5247626835        12068.4554271454        12689.1384804042     
   11729.8136375796        12186.6210682763        12203.7525666196     
   11552.1245567672        12475.8046812615        13239.9212807261     
   11950.4584797129        11566.0557463014        12117.9900799924     
   11530.0140651292        12000.6439293206        11976.1859995763     
   12961.1675450655        13057.1664768754        11943.1365447039     
   12405.2857330871        12015.5083130787        12306.9855863118     
   12423.9978650737        11814.8714728598        11997.8293981223     
   11367.1566341598        11587.3517886577        10746.5429797449     
   12671.3997354892        13087.6412334652        13954.8805583583     
   12431.1200549117        12059.1629726442        12305.8554714135     
   12324.1104738533        12642.1665265691        13049.7971630361     
   12108.7322117800        11828.1158974443        11579.3349610240     
   11274.3466593605        11305.3942713477        11187.4511813296     
   10923.0651678164        11512.7734117944        11549.4925886753     
   12086.5978708674        11704.7329340847        11452.6197152417     
   12142.5976750022        11068.9898909598        10597.8496211703     
   11932.3140278287        12511.6639686653        12236.9293266370     
   11045.1477359943        12585.0851706457        11122.3450342977     
   11091.7925784341        13632.8011149319        11705.2346985428     
   13122.0024303064        12259.0809411163        12422.9770607321     
   13115.0730092885        12110.8142771514        12806.9092290937     
   12670.8878027919        12683.4723931242        12218.4000542386     
   12411.9837427249        13145.8189489057        12758.4545668482     
   13382.5891603292        11791.6768656941        12764.7144157742     
   12352.2540757042        12112.7397491577        12368.8419184842     
   12472.8383697125        12929.7348368604        12961.4774348589     
   12360.6595640442        12467.3807674267        11969.5739909656     
   11524.3754978766        11256.1561588213        11327.4215021658     
   11345.4313441392        11683.7165301141        11749.7516352446     
   11976.6044128233        13252.5725854361        13296.3508639892     
   12701.9581770945        12332.5300945090        11967.9166884517     
   11610.2663808152        11982.9007841420        11095.7457261215     
   12253.0078650881        11968.9850569560        12930.0924772597     
   12204.6897043756        11180.4260508139        11219.0660870407     
   12016.7423259184        12102.3087497040        13321.2972020313     
   12478.4281774967        11390.1792120189        12250.0183821948     
   12189.9160964917        12452.7025182045        12429.5950410989     
   12473.6359175586        12457.3036427637        11324.0032823631     
   12342.2591345261        11422.5183312091        12040.1938748680     
   12252.1178652992        12256.9754511698        13405.4992839557     
   12308.9716098436        13354.5689005928        11845.5394707748     
   12635.1812722267        12100.2960647649        12034.3373393209     
   12686.1274804420        11361.0835884781        11331.3345383355     
   12351.9903792622        11574.6603665380        11547.3892890030     
   11686.7140736783        12077.3993848040        12816.4276829943     
   11690.1307317262        12804.1308790630        12639.3519119803     
   11984.5500827515        12326.5095176893        12993.8617328165     
   13723.5606531019        13799.5554480491        12764.8078889293     
   11569.5973038658        12009.0376038762        12055.4537171515     
   12027.3645418571        12132.8029950004        13380.3493619891     
   11455.8014823049        11223.0125422579        12049.7180818341     
   11623.1310535879        11962.7622488503        11697.9175455021     
   12551.0609041434        11948.2042392023        12041.5079440659     
   12927.2305554098        11045.9192232935        11939.4214307959     
   10594.8676911308        11733.0736593156        12172.9422752834     
   10942.4934970441        11426.7241625917        12074.6505781327     
   10666.6261102191        11361.6882725883        11593.3578712942     
   10789.3174381155        12092.6181163927        12190.9128217466     
   11249.3679216438        11485.3674648317        11947.5405797409     
   11788.8809939381        12170.6858368685        13785.9653211850     
   11477.8913971409        11644.8433005042        12590.2236004639     
   11567.9536207423        11737.5331312059        10802.5862824755     
   13157.9119244147        12462.2312994790        12035.8672344795     
   10957.9575751374        11719.1376421942        12150.9077277944     
   11466.2929157175        10847.9933527392        12198.1377069860     
   13654.0899451828        12241.2818148339        11366.6911902517     
   11398.8195832771        12126.2229722213        11066.3848042419     
   11102.6049208985        12109.2997183491        12730.2092115203     
   12157.9809726518        12351.8666755252        12750.4374980483     
   12609.3270932054        11964.2255495764        12070.2215730183     
   11880.0807560503        11288.2868866702        11540.5715437374     
   12373.8438288146        12403.5386855190        11212.5479504424     
   11951.0114028248        12407.1347977965        11215.9075290322     
   11768.4692775450        12338.4710635347        11608.1962173147     
   10848.6824670611        11585.1207735396        11826.8380696450     
   12945.7346155693        12937.7706778140        12306.1835234423     
   12697.2166284772        11975.5165463841        11873.1561919882     
   11161.1893798054        12234.6914871152        12519.0102247300     
   11566.6809749675        12273.8542326571        11064.2974218206     
   10076.8999899189        10299.9239778208        12541.6920789882     
   11627.4034429872        11470.3223685684        11978.9658594141     
   12416.7127688251        12131.2744042092        13613.0984710577     
   11996.4826661619        12403.8102299387        12531.4738366221     
   12251.5535661724        12503.5671512007        12122.2460137236     
   12613.9710946160        10877.0240726316        11603.9413549492     
   12093.0653594139        13359.3032971976        12264.7566233111     
   12102.4210045194        12176.5497036193        11291.0265670047     
   12223.8182257625        12403.3271976697        12501.5173920376     
   11371.6458481005        11322.6263690241        11549.1610175793     
   11607.9935906305        12241.2907358744        11467.8193070293     
   12783.8083357456        11541.5545760336        11364.5155323972     
   11574.9942664432        11830.2858391382        12207.0988999115     
   10583.6717798120        12120.8158544954        11621.9315858282     
   12429.6874415334        12085.8123168101        12644.4093150087     
   11665.5084373624        12141.6521144115        12136.1126538173     
   12620.2184657427        11567.8792977650        12938.5437350362     
   12979.3363522362        11846.2773532502        12370.5153298987     
   11808.3057086898        11424.6762450321        12032.6741222064     
   11620.2205340651        12976.9118723921        11699.7631851136     
   12319.8899459980        12205.4968334510        12274.1592320443     
   11602.4723693701        11839.2177654142        11095.2682050370     
   11471.3811740936        12808.7522115791        13297.9937847593     
   12759.1074103108        12561.2603588883        13155.9269464471     
   12600.9380561868        12095.6366181135        13041.9265416699     
   12297.7038197220        12785.6557070969        12815.5171445259     
   12311.7414731826        13078.3063749120        13411.7416953360     
   12449.1072021446        12215.5746000981        11648.8175697294     
   13040.0439448483        11945.7809141979        9987.21489344155     
   12501.9172558094        12482.9194222572        11752.4993261172     
   12994.1135476645        12073.2663632096        11343.3656374989     
   11745.0467659088        11769.9600892791        11810.3939917674     
   12273.3782003068        13207.9937789378        12447.7367622789     
   12258.0595946920        12545.3709898574        12070.0914576719     
   13415.4533320512        12578.6697145036        11081.1055428366     
   12530.8219836701        12668.4687948882        11721.2392549312     
   12377.3428061647        11968.4889093649        11691.5040083632     
   12394.4853282794        11679.3094447808        11198.8648451059     
   12043.5283544300        13129.7444643104        13287.7766705508     
   12556.0872277378        10877.0208595114        10707.2216717179     
   11323.6191651949        12303.4876595866        10603.5915994532     
   11900.7232662544        11779.4493153171        13172.8174517421     
   12432.5457755756        11339.0606018131        12612.2018141746     
   11248.2000438071        11826.3653155298        12339.4656903355     
   13408.4082379233        10772.1474092506        12026.5299302700     
   12624.3329958845        11585.5028187122        10731.9078200263     
   11699.0147612629        11163.2991970673        11732.8030781074     
   10849.1074538170        11442.2029558412        11190.5744645423     
   12921.4728116647        11721.0597661310        12102.2367505892     
   12612.8348404931        11314.3960588154        12455.4539213997     
   11123.1227793438        11620.7872122552        11608.4003589026     
   11618.1270701749        12831.8245670497        13347.3828655612     
   12543.4327151065        12737.7199505982        12305.3299303551     
   11647.6683276620        12841.8202219093        13810.9920242450     
   12144.8619938530        11201.5460003018        11913.9699891343     
   12166.3038651101        12675.3239982606        11593.8564199758     
   12748.9682901154        12338.4614343026        11804.1232241846     
   11801.5931158815        11707.2329433211        11709.7050599008     
   10871.9517550041        11949.4610072788        12282.3873148689     
   12097.3506886810        13060.5817826720        11175.3587167243     
   11679.4519444973        10974.2434425489        11857.6180054727     
   12397.0278202983        12490.9910877730        11467.4045460503     
   12688.7203865847        12266.6086965985        12828.9840376606     
   11274.1871107596        11811.5119141418        11831.1650140356     
   11038.8985535668        11697.8619926133        12477.5184688024     
   11729.3915772626        12222.9351393505        11537.4190170015     
   12155.1710226095        13747.3401898107        11118.6704646138     
   11859.1070222943        11248.0909195408        11419.0636409298     
   11754.5495166151        11276.1078524307        12331.6007963054     
   13236.9407091716        12431.7854656341        12710.4174184545     
   12320.6123360466        12712.2666399565        11799.9541798757     
   11262.8630514873        10930.0656933955        12238.2721043027     
   12122.0902800300        12565.8439863336        12620.7949795189     
   11962.4384602997        11502.7095578208        10881.0839363358     
   11426.4774210992        11166.3870583799        12253.4228469437     
   13381.4425681781        13834.8313307123        12931.7410382407     
   12408.4349492934        12430.5970996728        13346.6384502692     
   11705.4909795013        11359.4052773206        11209.2357823887     
   11583.9846817766        12450.8995601661        12436.9445161839     
   12317.8247609900        12818.2306323721        11896.4729435020     
   12518.9054636523        13246.0374969272        12306.2287742527     
   12459.2296795758        12630.5462006293        13854.7896651381     
   12386.7429902630        11854.9029757824        12108.7145016962     
   13050.1022029478        13102.2188595308        13043.1268522151     
   11826.4655569277        10580.2254296274        10400.8947946494     
   12017.2002951884        12327.6195722436     
   809748.000000000     
   16200.8371683719        12881.4136892461        15810.6256661179     
   11757.0179819662        15131.8021367013        9488.69579452487     
   16160.8925573604        19273.3311789095        14607.6089688203     
   9883.67021253215        12285.1755491527        19231.1882990889     
   14932.5394028903        8069.86358716928        10724.4328775592     
   15476.5545672986        13173.9713270917        17281.3520482682     
   12006.9348415002        11782.8805205633        18775.7708831399     
   18193.5866325275        11796.3989343087        7693.35838488368     
   13776.1560661433        13302.1285198055        12141.8465439311     
   8892.78645532174        9765.04824563609        11368.3659353632     
   8086.21908288212        9084.17675638878        26998.6677989492     
   9042.83239301588        15839.8795510402        18797.4623475862     
   7527.56758170148        8907.77038160663        6814.44542227485     
   9826.94736180606        16268.8237981673        14510.3308768580     
   15191.9351223750        7554.38834003586        14091.4197540395     
   13099.0610899785        13444.2738418221        10344.8933127720     
   11658.4058978205        14712.2146234800        22331.9967634338     
   9514.37044689890        8612.01867796984        11721.2820223501     
   8079.84973992216        8583.59149242874        11165.4206315811     
   9424.15687692164        12152.4809041533        12590.4436899848     
   8838.37460513865        10908.1292377941        21561.7290092793     
   12608.7062308612        9385.34897755935        14525.3993519432     
   6743.57473895626        14505.0794569249        15761.5497846682     
   13383.8402381916        11901.2206581248        3468.25755068155     
   9566.03915822609        12557.9487677156        20757.4726373827     
   16676.9220688517        7927.00429750520        8311.07192026687     
   14519.9694400983        22533.7677783220        11528.8583470565     
   17662.9865444420        11747.2478983698        9595.64063266098     
   8231.29542997770        9661.62627418137        14901.7354566281     
   9756.20819884357        12106.1011900038        6638.56512891712     
   10060.9314696290        7955.01813335568        8482.17050924905     
   11452.4168372258        8672.08590346547        10421.6072576262     
   12943.3409883495        18045.0625732398        9658.05643594422     
   13929.8469965638        15954.2083177405        10629.3154771614     
   12321.2027324145        13972.4220146974        8751.15782041836     
   14792.7144757278        18606.7296482997        12508.1025527516     
   16114.6725465005        15225.4728131819        15062.8103156128     
   8720.74843522453        8751.58056442013        9797.14860683700     
   3831.60132304545        10630.4334001883        16743.5371292192     
   6304.61615614282        13156.9300466649        8334.75497867702     
   24386.8144413601        8847.32738366498        16048.4520472013     
   18665.2186295220        12103.4895715040        13512.5235123297     
   13285.2939142239        14106.8076357038        11423.4541759491     
   7416.10407990202        8122.17111165469        9314.91043255368     
   8737.54546356144        7516.74533525622        3186.53155359230     
   10646.2722087879        12609.7677880212        7967.79439652022     
   11084.5450068874        11383.4813820042        8632.91162596832     
   12011.4441108524        13753.5063819597        9727.71525312441     
   11562.2551231962        18634.9971305512        13088.9152339360     
   16103.5496820984        18759.8193428065        9286.44566976797     
   9149.77723115200        23987.2931767560        20046.0978198300     
   8373.31862594940        12046.8888468229        12095.3071264920     
   8041.69944234039        15185.7724542604        11659.0916825345     
   12510.1880898270        12234.6153665413        16379.0284622726     
   10667.3248600760        19531.5526095005        10025.7873516154     
   13517.3615825722        8747.64434804811        14898.8138258603     
   20048.4463976176        17249.2141098227        7765.10273913926     
   18253.2780855771        17067.2275142172        16738.9339167555     
   15446.8967269968        13642.7944250523        10162.5403390317     
   10351.1029524424        9115.96710532172        10375.6127102338     
   11953.9415323009        3862.13283428424        10918.2093336585     
   14859.4046905844        13758.0062570008        14106.5258063693     
   11079.3499528212        13947.6210332604        10519.9938783043     
   5657.01931699021        8962.53921561344        9950.26648427732     
   11999.1657461789        12695.4720886463        12786.4372035156     
   14207.3173707019        8822.52640222793        9836.60471366866     
   5877.06226706596        11014.0031244590        20783.4573020247     
   11017.1408243833        13497.9059641797        9484.48714312949     
   9327.16061429379        12802.4263210935        11146.3877571904     
   18365.1831200007        4150.14362553311        7559.14186147796     
   13037.1901567420        9743.56345603514        9924.69516932593     
   11332.9118050816        22917.6850921053        16145.1946634281     
   21216.1216963674        11357.7503637632        8338.02419895736     
   13157.2024816883        6046.57321746372        15160.7366150446     
   10559.2057330460        11272.7788194079        10903.4790537746     
   20045.0268683589        9859.90260532165        9045.31249115959     
   13442.1789104356        14379.3272078657        16915.0020963362     
   14133.1117069250        13667.3887316440        19758.0588456477     
   10688.7908610546        9006.68308370916        11318.4821431546     
   15113.9247625821        11895.7437747241        25006.2471356838     
   9180.12085616778        8423.96335736119        17220.9278389489     
   13953.6991525747        12501.1225795669        23796.8798840486     
   6506.50929707600        7374.98517999673        8688.59170815672     
   8801.40799076184        7350.56936531685        19023.1137014187     
   10064.8770803122        15216.0878963427        7949.06214008633     
   10962.9074661120        3632.64860150235        17289.2244810123     
   10733.2729243517        10108.4572897388        10925.0296035536     
   7182.51453314740        12712.1000193825        12283.9636830143     
   7537.24372218639        13210.6655064452        15111.2755668377     
   15265.9622942402        11208.3620278496        9100.41952036782     
   12288.1911230320        13498.1408219585        13951.2190544310     
   15240.5037110226        15288.4710637565        10426.9056491150     
   15196.8953186624        10579.0089409511        21469.6553656943     
   14883.6795905971        10228.5823464190        6769.86941586622     
   14134.4644877306        9864.43066329614        9068.24400467771     
   7247.57013786390        5109.34037123323        11100.1771406416     
   8895.83960644562        8092.04355579537        10282.8344933125     
   12175.4969664718        13853.9033852240        11778.0894218766     
   16036.9252274198        13507.8451453768        9042.99209630544     
   11967.5069176020        8709.88861153467        8286.15820709602     
   10813.0682032632        13205.2355946003        9899.05809419650     
   5344.75241435102        11868.9418050121        19467.3706757210     
   15334.4562168377        7206.63912418162        9720.00252366994     
   14356.1702308800        15917.0162398961        12334.3265850916     
   13929.3021265171        16694.2169956796        15695.8177895489     
   14838.5962913863        15716.4852740797        12199.0954760816     
   10983.8285970440        11825.3522012742        15517.9834794719     
   5675.22549199968        10351.4787248885        13484.0117779883     
   11324.0905469113        6600.10481906740        15452.1199639964     
   8270.01878053964        16853.3284436339        8207.87541227976     
   11385.7923825472        13250.8355809243        9585.42901644050     
   6897.66023044507        7801.95662178227        9748.61759543405     
   12773.3415337719        10167.6602386086        20094.1497213643     
   11910.5773920306        8317.94855602896        11396.8588810823     
   13294.0306235938        7503.49935653416        17399.2600475169     
   5268.56455092130        9969.93817182624        9077.18738889289     
   17715.6416584399        5169.45456828462        13156.5542742189     
   14798.1443875727        10212.0389644831        7163.35953271174     
   9132.38836121262        9224.94111466633        11219.2312458506     
   9308.18410576999        15519.0638252542        8954.52586820215     
   6768.67633835012        7797.10915722866        5447.04706846769     
   7997.20798473211        12268.0872971701        9663.82454299057     
   19592.5874490446        15967.6703656190        10926.3072298701     
   7246.82798728302        12861.8547334310        14047.7174185678     
   11891.7887697298        23262.6535918590        18375.2820044874     
   18439.5203041338        6765.15347166872        13079.7182033198     
   10948.6562960969        12603.6990630181        14475.1961531555     
   15397.5671991461        16551.0852709921        15824.3977262643     
   19634.1290929517        9542.90096986266        15877.4567956418     
   7540.94508077964        10206.6278412605        16277.6544506487     
   11979.1088918728        15703.1923238019        6023.26593149958     
   9064.07293052693        19592.1271277983        13197.9831863922     
   13351.0071207210        12981.1812736633        12840.6329845422     
   16151.0097420302        11660.8953902754        13970.3082946886     
   6851.88175220918        8879.81291162305        12585.4834936974     
   12858.2003463935        13176.4890024800        14572.3427247618     
   11818.0058499546        15719.3129617360        15792.0906902181     
   18569.3872614768        9491.81470582680        14064.2514061925     
   16308.6556774450        7344.97035587121        13438.2708769970     
   15388.7835182204        12340.6113792512        11853.8545413045     
   15945.4058481926        24167.4196987537        16138.9192635796     
   12048.4013309181        13635.1380614647        12848.3551083078     
   13242.0518999987        13704.7499070892        16333.2030124810     
   12920.9543448781        4842.30707678320        11013.0355104106     
   14812.3204030986        18584.4181593175        18716.1170073349     
   16906.2465983440        15946.3922508634        14140.8808022463     
   12605.8033887157        17079.2710211121        14999.3423494807     
   18620.9526353814        14270.7101823448        10375.3402752105     
   8187.73400917331        16275.5125477064        10757.5008528086     
   10732.2959159921        13355.0842517602        15222.5136051696     
   20293.4312437977        9621.08982156741        10804.1436076703     
   13015.9120419863        13261.4417582131        8716.04188533818     
   14431.3247200832        6823.36062355658        15382.0665857479     
   9571.95757425084        9977.58514110267        12595.1878171158     
   12438.6785933502        22108.8536906784        14058.7181569250     
   9659.06162723732        6713.73840674260        12783.3370808359     
   19834.4909611673        13637.6933140976        8015.77114356530     
   8050.35160290991        11216.4787126836        16655.5781939180     
   7718.99546001311        12678.9474953327        20857.1462786884     
   14355.3623201210        14005.4805956357        10306.6960436345     
   7491.36190652785        8284.19479606559        10913.5027837721     
   18872.7389628343        11426.5824815622        9416.29383848876     
   12550.9687945309        11292.0465515773        8351.93717377110     
   14604.1236793836        9452.64982264079        11426.6764246737     
   14410.3660119066        9973.25436366234        11556.7406625509     
   25002.9591267812        9920.67440415356        9978.84397879682     
   14756.2833370865        14577.0774575816        14387.6599618561     
   10568.0175969051        15769.1779653223        15615.6467381914     
   9650.93554809222        6297.08191860020        16851.5059472707     
   11197.8216107389        10714.2212613387        4064.51447939724     
   7958.97313835000        16355.5614730189        11448.7530558771     
   10541.6665541282        6850.98929264990        16531.6108639774     
   10485.3100815370        16814.9338939622        7692.14651874528     
   11014.1816163709        20429.6675441007        8430.61452965567     
   6464.01882774275        19628.2388598604        10159.1114154618     
   10461.2324620585        7304.88483019247        17700.5168174878     
   13770.1718899405        15622.4764023977        11884.4330240991     
   18668.4314839355        7742.93216482432        17480.3987129228     
   10999.2728445752        8029.84382166859        10498.5560602591     
   13996.0768901741        6678.04941868224        16471.8724393720     
   20464.9807597151        10998.4461451940        16482.9483322183     
   8571.93315229109        14201.7371498786        9862.68332142217     
   9958.77773017957        8833.05742502752        11515.4902422895     
   12032.6564654300        13378.9270134599        18453.2829699691     
   12098.0126881033        12721.4003874214        11188.5870028780     
   10436.9669563571        8853.38671435698        12812.7600633590     
   20995.0735549985        9800.03266036017        15216.2288110100     
   15100.2278569249        15902.7087040141        23032.9063183649     
   12762.2844295479        9220.19698753538        6541.82251269034     
   9977.50998661347        28593.9157753981        13333.3176328248     
   11126.7348582638        18083.4665172226        10231.3630625195     
   13164.2482150511        8521.05356310054        11479.9703518299     
   11727.6795482435        9211.52603834356        12418.5184016214     
   13251.4274225268        13034.6349041091        7065.13261532319     
   20237.9014705877        9202.70478017334        15662.8061801664     
   12139.3570514762        6302.69971666814        7584.35619260562     
   12126.4492679556        17638.7022501182     
 ------
  0.000000000000000E+000  0.000000000000000E+000  0.000000000000000E+000
  0.000000000000000E+000  0.000000000000000E+000
  0.000000000000000E+000  0.000000000000000E+000  0.000000000000000E+000
  0.000000000000000E+000  0.000000000000000E+000
