           3           8           8           8
   5.00000000000000        7.91500000000000       -5.20000000000000     
   680000000.000000        18145457.0000000     
       20264         895        9177
   2936867.00000030     
   4798666.99999998        4978524.39999999        5810246.60000000     
   5860778.39999997        5839947.60000012        5841421.99999994     
   5671189.39999996        5411171.20000004        5731789.39999999     
   5749627.39999988        5746071.40000007        5464128.20000000     
   5554014.00000000        5665241.19999997        5292149.60000006     
   5332603.60000003        5211151.00000006        5726033.00000006     
   5620064.00000015        5914554.00000000        5468899.79999998     
   5354381.79999996        5724447.80000002        5876037.79999990     
   5890651.40000001        6268723.19999987        5947755.39999992     
   5321574.60000006        5535127.60000001        5430838.20000004     
   4946789.40000004        5181483.40000013        5542645.99999993     
   5310132.99999999        5215052.19999995        5292666.79999991     
   5242267.40000001        5778257.60000000        5970683.60000007     
   5857982.39999995        5835342.39999997        6045712.79999993     
   6294087.00000002        6023450.60000002        5873076.39999992     
   5509852.20000005        5712722.40000006        5338116.59999995     
   5399324.20000002        5740212.39999997        5438573.20000004     
   5142848.00000001        5516370.99999997        5775103.19999996     
   5698435.00000010        5458185.60000006        5407367.19999999     
   5309254.39999986        4999886.59999992        4879595.00000000     
   5833314.39999995        6110447.60000002        6040382.39999994     
   5641776.20000004        6038149.40000011        5746953.40000002     
   5760812.19999999        5508407.20000005        5499480.40000004     
   5280061.20000004        5243567.40000002        6043936.39999999     
   6116171.60000004        5952052.59999996        5257523.99999987     
   5580681.60000001        5403204.40000002        5267571.60000002     
   5177740.59999993        5662239.40000001        5513666.99999999     
   5617983.40000000        5866704.20000005        5897920.60000001     
   5888743.40000003        5633663.19999993        5837175.99999998     
   6197698.99999987        5789914.79999997        5651906.39999996     
   5143545.00000000        5260852.79999992        5045813.19999993     
   5570510.80000004        5346305.99999999        5401869.60000007     
   5837119.40000009        5029674.59999999        5462130.00000002     
   5614847.99999997        5352283.00000003        5799838.00000006     
   6379187.59999995        6306341.60000005        6679080.20000000     
   6609095.20000000        5703392.60000004        5585644.40000005     
   5457627.60000008        5685382.59999999        5468192.79999991     
   5251196.40000001        5570273.00000000        5103013.99999999     
   5256557.80000014        5563621.80000003        5720089.19999988     
   5950264.40000002        5568903.00000003        5965761.79999995     
   6254894.39999989        6229649.20000005        5774586.40000009     
   6457495.19999996        6305200.60000007        6161157.59999996     
   5977096.00000014        5435451.59999991        5575870.19999976     
   6045063.80000023        6274621.79999993        5314040.99999972     
   5374704.79999994        5269689.59999996        5629624.20000002     
   5456419.60000010        5996344.80000002        5879540.99999975     
   5978614.40000014        5476496.40000018        5461521.19999985     
   5411782.59999998        5445345.20000023        5286657.39999974     
   5019973.00000012        5785144.20000015        5293883.00000015     
   4973173.59999990        5166501.00000033        5054782.60000011     
   5392534.19999996        4815974.80000015        5126965.40000006     
   5576126.80000021        5228095.40000004        5758548.39999978     
   5309480.40000006        5208963.39999997        5229314.59999986     
   5171678.40000008        5237046.20000007        5647313.80000027     
   5678183.40000005        5994336.80000002        5779676.80000029     
   5337563.59999970        5377921.20000010        6316655.40000010     
   6720118.79999998        5830008.99999982        5806650.60000006     
   5324445.20000005        5488030.59999978        5964337.19999975     
   5873889.20000000        5393652.60000028        5770015.59999971     
   5810608.39999967        6407548.60000006        6137212.59999993     
   5494601.00000026        5650656.99999975        5460263.40000010     
   5650587.19999984        5692761.40000006        6384633.60000041     
   5523983.19999994        5680868.39999969        5421145.20000001     
   5026786.59999993        4861633.60000014        4911468.19999996     
   5565983.40000013        5608843.20000009        5795976.79999986     
   5375019.39999990        5517120.40000013        5199225.79999996     
   5100416.20000020        5556522.20000001        5619362.19999988     
   5862042.59999980        5349927.20000008        4835922.19999996     
   5786628.40000021        5349614.60000006        6063565.00000002     
   6005439.99999980        6151932.80000001        5802893.80000026     
   5511362.80000008        5235573.60000027        5225927.79999999     
   5604692.40000004        6055684.20000013        5801671.60000004     
   4912047.79999971        4658911.80000023        5015738.79999997     
   5066981.40000016        5162049.39999989        5491198.00000014     
   6478643.39999983        6425862.40000011        6083026.99999995     
   5574117.79999971        5401059.60000006        6042722.40000001     
   6030666.39999959        6229651.39999999        5665924.20000008     
   5480480.00000019        5674725.19999978        5823011.39999978     
   5212724.59999989        5415152.59999990        5548691.79999996     
   5551917.59999994        5877260.80000000        5648670.40000001     
   5375655.60000015        5427067.79999996        5609640.59999972     
   5980099.59999989        5938431.40000025        5676342.59999979     
   5693185.40000025        5465741.20000000        4534378.59999993     
   5185432.00000019        5400304.99999975        5518209.40000036     
   5116102.39999990        5538967.40000027        5299417.79999978     
   5015179.20000005        5180530.39999976        5228080.99999981     
   5178944.99999990        5114013.20000035        5296899.40000021     
   5547620.40000018        5879318.99999905        5968561.19999962     
   5331246.79999983        6145248.60000008        5379707.40000005     
   5168778.20000009        5451800.60000007        5758007.20000020     
   5408344.59999973        5565620.40000031        5141998.39999975     
   5172654.80000009        5286406.20000011        5644472.20000043     
   6211502.19999999        6151012.19999957        5982177.99999996     
   5256688.80000072        4905963.80000033        5362115.99999971     
   5839564.00000050        5459697.20000045        5585644.00000066     
   5905151.19999988        5510215.00000024        5257715.19999967     
   5202529.79999970        5112671.00000028        5113607.60000018     
   5170150.99999982        5085048.80000055        5172880.79999994     
   5461526.40000021        5640691.20000032        5752118.00000033     
   6289524.99999986        5960647.79999876        6052152.20000020     
   5921616.19999990        5115352.00000059        5454490.99999981     
   5315959.40000036        5665149.99999944        5249522.40000001     
   5885311.40000051        5623082.80000029        6067806.99999950     
   5706061.99999982        4834839.59999966        5678304.19999976     
   5966679.40000005        6099256.00000006        6138360.20000008     
   5509632.99999994        5376673.80000010        5322718.39999980     
   4920397.80000020        4725117.39999965        4921360.39999974     
   5330043.59999948        5730616.39999989        5946305.79999984     
   5564229.59999957        5400268.39999935        5508431.99999993     
   5923781.00000077        5328157.79999944        5515512.20000020     
   5072770.40000044        5271963.79999999        5379302.40000020     
   5471119.60000004        5838258.59999968        5698732.19999972     
   5484093.00000045        5340269.59999986        5510490.19999939     
   6217608.79999986        6450642.40000021        6542174.00000027     
   6384756.99999955        5618874.59999954        5499080.40000050     
   5430973.60000043        6023362.59999949        5053042.59999975     
   5200391.40000023        5669282.60000044        5832681.60000038     
   6101374.59999968        5713610.19999969        5506547.79999993     
   5952749.39999937        5725251.00000056        5563174.39999961     
   6022866.60000002        6058246.40000024        6112374.60000005     
   5702034.39999977        5517718.60000044        4912143.80000039     
   5181457.19999973        5784803.40000005        5945676.80000000     
   6020402.00000000        6045407.00000017        6093376.39999948     
   5209153.59999958        5499970.80000010        5488586.40000018     
   5585847.19999979        4963222.59999979        5247467.00000026     
   5249293.20000000        5519097.39999996        5607543.79999989     
   5003010.20000004        5517299.80000002        5841339.60000002     
   5669803.00000026        5844898.00000031        6500005.40000025     
   6200104.20000022        6309279.60000058        5731718.80000039     
   5766427.60000057        6020894.19999983        6266871.20000071     
   5571925.59999986        5568211.80000014        5083200.80000047     
   4816309.00000005        5434920.99999985        5915858.19999994     
   5319377.80000006        5019059.20000009        4939332.00000002     
   5315584.80000014        5415476.39999988        5773145.39999964     
   5679111.39999996        5221759.00000000        4970756.39999996     
   5359932.60000005        5249906.99999999        5241333.19999991     
   5651761.80000048        5588988.40000019        5791771.80000014     
   5604662.80000019        5964057.40000024        6073957.39999926     
   5776479.79999981        5771707.60000006        6453275.39999988     
   6482927.40000075        6375414.19999984        6092900.20000006     
   5882627.00000050        6099983.79999994        5781496.79999965     
   6029452.39999961        6320062.00000031        5957197.20000012     
   5666199.80000005        5291213.99999959        5392458.20000086     
   5484184.39999939        5688768.20000045        5634276.99999996     
   6002013.00000020        5871682.99999982        6044925.79999988     
   5861122.00000018        5620383.00000062        6185045.40000044     
   5947650.60000014        6147034.40000022        5619468.19999985     
   5681191.39999999        5437905.19999939        5242554.40000020     
   5112800.79999958        5212114.00000017        5471490.39999951     
   5368744.20000021        5677839.00000059        5570992.40000020     
   5318406.19999965        5116239.79999954        5153101.39999995     
   5486420.79999962        5792355.80000014        5837562.19999949     
   5741233.59999940        5721782.39999979        5270041.80000062     
   5591115.59999951        5593357.19999996        6135745.59999980     
   6206362.59999973        6211981.59999897        5688824.00000032     
   5934928.19999943        5556726.39999982        5335209.40000053     
   5414457.00000007        5586846.19999971        5828739.60000064     
   5235507.20000016        5230880.79999982        5198201.00000037     
   5213117.59999962        5525257.80000010        5790431.20000042     
   5367295.80000009        5770834.20000024        5134948.40000013     
   5333862.60000051        5967546.00000001        5405576.99999969     
   5683349.60000041        5826615.39999992        5805785.20000079     
   5897574.79999979        5861269.19999960        5684050.00000018     
   5535484.39999959        5720426.19999995        5999874.19999990     
   5666702.99999983        5846554.80000027        6286192.40000054     
   6627961.59999904        6670034.80000094        6335623.20000001     
   6315059.00000011        6048105.19999996        5100996.99999903     
   5511718.40000156        5693621.19999840        5983648.00000150     
   5894436.99999912        5455535.20000085        6139366.99999947     
   6235187.59999912        5691157.19999767        5776716.99999901     
   5763957.20000050        5671619.99999915        5530408.39999983     
   5502876.20000019        5450983.20000107        5037526.60000060     
   5701997.99999975        5524275.00000002        5418011.39999947     
   5893694.20000018        5952858.19999969        5481958.40000048     
   5453661.80000058        5623050.39999980        6171473.59999942     
   5899982.40000022        5219931.19999938        5210483.79999983     
   5029015.79999923        4790548.99999967        5168382.60000012     
   5567338.00000102        5421527.00000044        5321904.59999890     
   5689842.80000009        5680663.80000011        5490232.99999914     
   5950762.79999884        5815575.99999963        5929691.60000036     
   6299175.19999982        5796619.39999995        5298105.59999939     
   5772463.40000070        5719019.59999961        5441291.40000098     
   5754786.59999975        5462546.79999998        5571522.99999952     
   5892176.59999991        5423071.39999910        6003648.19999941     
   5509995.79999951        5831752.99999746        5519627.59999898     
   5542438.19999859        5190620.39999988        5469528.19999927     
   5770952.99999743        5788494.40000018        5698174.80000141     
   6115626.19999919        5692143.20000075        5747641.80000030     
   6279690.99999965        6228527.39999946        6235184.79999873     
   5940620.39999981        5757986.20000052        5945847.00000007     
   6452896.20000049        5609169.19999936        5296950.79999999     
   5821241.40000072        5627578.99999875        5201126.00000000     
   5243730.80000036        5195414.60000097        5026583.59999978     
   5315780.19999908        5522455.40000014        5913890.79999956     
   5902783.80000177        6044262.59999941        5610972.99999937     
   4860493.79999983        5243783.79999899        5681856.39999908     
   5200272.79999963        5668525.20000090        5098964.19999980     
   5629078.99999906        5744772.00000012        5488596.59999993     
   5346322.59999863        5238635.40000033        5061257.99999976     
   5253893.20000135        5898145.00000061        5532217.60000269     
   5767470.19999874        5706472.99999950        5919366.00000064     
   5878182.19999888        6083669.39999888        5301511.79999960     
   5232944.20000038        6143430.59999917        5580340.79999973     
   5616155.20000036        5920045.79999880        5743824.60000013     
   5782737.60000061        6249262.60000165        5793530.19999989     
   5505105.20000072        5934750.00000051        5938234.79999998     
   5786402.80000015        5789224.80000000        5894863.79999932     
   5818561.40000029        5575899.19999978        5432794.59999941     
   5619044.99999900        5923023.59999977        5845792.19999960     
   5691277.19999960        5757748.80000091        5590404.39999973     
   5609838.39999877        5433779.00000042        5694176.60000114     
   5912131.80000102        5702013.99999892        4918878.60000021     
   4833765.19999881        4774852.59999870        5038808.80000037     
   5261209.39999923        5311456.80000081        5597878.79999917     
   6158970.00000095        6054064.39999844        6073039.00000022     
   6003930.80000116        5973938.99999998        5838577.00000260     
   6126180.00000116        5957254.00000069        5530125.80000048     
   5321441.60000106        5066969.40000003        5052061.40000033     
   5460024.99999998        5710661.40000089        5143846.19999972     
   5032367.79999930        5585386.00000013        5636486.80000070     
   5226682.80000039        5379003.60000081        5698209.99999921     
   5695574.20000125        5102105.00000039        5188203.40000043     
   5700379.80000007        5936711.19999934        5579462.80000050     
   5978932.39999929        5719717.80000082        5741266.80000069     
   5311171.99999935        5512782.40000081        5357964.79999970     
   5448164.60000206        5734856.00000017        5831748.19999985     
   5495491.40000021        5883981.20000018        5670855.39999926     
   5463479.60000001        5597622.40000033        5508349.20000020     
   5475888.60000075        5122500.99999977        5320404.60000101     
   4777070.60000021        5317461.79999938        5104653.60000023     
   4946769.39999984        5495087.59999944        5086678.40000071     
   5542721.39999967        6057389.99999845        5139197.60000033     
   5151117.99999830        5150145.79999882        5561908.19999964     
   5688131.99999873        5659081.99999850        5890952.60000033     
   6099981.79999990        6116098.40000049        5945065.39999999     
   5446129.80000056        5234921.00000105        6344049.60000000     
   6336100.80000056        5549880.20000086        5583773.99999888     
   5315923.19999993        5525055.39999905        5635429.00000028     
   5698910.99999981        5862306.80000027        6460851.40000081     
   6135083.40000059        5346028.59999947        5022932.99999999     
   5685605.19999931        5656580.79999928        5498361.19999967     
   5872097.39999895        6018285.20000082        5509694.39999965     
   5617302.20000030        5948720.19999979        5886969.00000169     
   5563476.39999979        5727038.80000003        5493406.59999947     
   5667634.60000133        5403083.40000085        5465378.59999859     
   6076466.80000030        6130258.60000007        5610039.60000029     
   5530956.19999951        5723810.00000024        5733997.00000076     
   5620463.59999963        5223868.40000115        5818191.79999944     
   5749619.99999847        5554270.59999960        5579015.00000116     
   5942501.60000012        6219493.80000018        6054904.79999804     
   5679012.39999904        5724571.00000135        5909199.39999897     
   6047014.59999848        6160693.79999913        6846666.79999918     
   7002050.40000114        6053072.19999931        4785732.60000148     
   4894824.40000013        5347717.20000033        4969171.80000137     
   5094542.60000108        5679066.60000085        6163852.60000016     
   5946389.59999888        5973886.20000018        5850491.79999951     
   5846158.60000015        6000903.00000073        5909694.39999938     
   5843832.79999908        5309291.60000075        5048814.39999905     
   6368301.39999774        5619414.00000063        5678604.40000003     
   5272978.39999926        5346365.79999899        5426798.99999843     
   5504588.19999949        5956129.60000151        5310715.40000048     
   4807648.00000129        4911632.99999953        5463357.39999865     
   5158049.20000074        5022156.00000077        5396330.80000028     
   5633014.99999814        5786683.40000029        5886142.00000151     
   6360937.20000093        6300467.20000065        6081569.20000034     
   5909960.20000208        5366161.40000074        5186990.79999890     
   4779443.79999995        4951314.79999919        5247362.00000117     
   5444041.20000089        5396699.00000020        5260851.59999983     
   5403801.20000063        5250609.99999944        5024969.39999957     
   5423169.80000009        5088414.20000030        5232447.79999902     
   4992217.79999857        5647784.80000070        5674179.79999961     
   6229499.00000035        5568731.19999995        5081489.80000006     
   5753780.00000134        5433972.40000088        5848140.40000079     
   6149234.40000129        6033020.80000002        5710013.19999928     
   5695808.60000035        5678083.79999814        5546737.39999978     
   5459230.59999894        5303202.80000068        5447046.40000062     
   5439486.59999971        5358667.19999926        5944720.20000032     
   6201102.19999959        5386582.19999910        5520896.19999935     
   5612348.39999918        5492880.79999922        5348484.39999986     
   5780359.40000203        6019752.60000092        5988894.20000114     
   5876028.59999914        6308672.40000059        5952533.80000133     
   5303322.60000044        5537289.39999849        5550048.79999972     
   5657886.39999977        5989542.99999972        5988001.99999968     
   5919650.59999958        6255901.80000138        6444561.59999924     
   6550441.39999959        6449318.40000004        5439142.39999834     
   5113229.00000039        5913179.80000126        5884334.19999990     
   5958296.80000149        5411429.00000037        5188636.20000103     
   5428847.59999972        5901526.79999916        5821057.39999989     
   5679733.99999856        5975450.20000138        5169479.99999883     
   5267997.59999899        5415366.00000012        5442009.60000031     
   5798942.19999994        5925366.19999797        5972830.99999979     
   6010535.39999975        6041029.99999912        4739990.20000060     
   4601573.99999936        4704092.00000026        4839423.00000012     
   5287562.20000020        5327880.00000118        5520206.39999897     
   5479521.00000089        5382449.99999945        5497724.99999995     
   5699723.20000163        6014493.59999930        6154212.79999886     
   5900069.40000126        6261004.20000009        5923068.39999961     
   5335586.39999938        5252471.00000010        5465937.19999892     
   6349007.20000020     
   1395909.89305339     
   3005073.04671230        2911481.43086567        3167753.75766045     
   3146992.38350605        3024095.29200640        3013256.54546600     
   3028969.49556328        3019663.08158507        2931373.07105134     
   3142434.96727457        3213513.74643016        2933381.35471794     
   3121523.27496636        2946831.86337834        2924329.18039916     
   2969354.53495678        2947273.27562751        2905862.82829091     
   2902714.44494152        2860954.48593195        3360190.35141118     
   2865260.95649351        2957311.09860622        2909330.61054237     
   2814334.74917362        2917328.39820463        3102122.96457389     
   3000298.47908519        2889070.75167256        2836380.82186188     
   2815533.31377047        2959582.45157987        3189811.93070667     
   3183423.47802056        2871987.46294901        3117563.35645931     
   3048812.95678955        2873242.70385814        3137937.14989894     
   3213628.69475600        3327249.00996844        3127572.90959863     
   3192437.23865244        2994321.81889879        2945641.08769708     
   2845051.79827700        2989199.89712773        3016368.02699201     
   2767559.52659500        3258973.35169758        2960130.57831739     
   2982571.89516461        2921999.45560275        2997574.20575922     
   2958769.80889605        3002218.66121210        2972173.26170519     
   2758027.24741758        2879524.64563741        3012372.18889341     
   3299315.71511756        3203699.11289211        3155927.74685464     
   3206622.10908490        3105092.45521047        3067140.00712020     
   3083483.62316989        2934352.61627265        2983736.74331304     
   3025117.18283038        2843371.17872710        2904692.21200345     
   3143161.70660776        3311494.91762354        2942351.65687985     
   2723755.48135934        2842572.08529069        2835017.90761602     
   2753545.86506507        2812788.22275089        2912780.91430386     
   3163219.80831092        3330409.91488027        3011156.37788979     
   2940826.93697100        2980299.81851979        2977262.50266631     
   3045551.83434692        3155448.59863497        3229995.71291330     
   3010676.35770748        2940063.74856257        3153609.30704807     
   3078040.27074897        2853031.56951735        2985278.63654335     
   2950350.06389310        2878962.89515819        2889737.30385334     
   2703866.83079023        2781253.84977599        2836407.78674155     
   3314594.81351266        3095383.86569582        2882940.40072723     
   2986462.50692822        2697348.14994535        2846695.99365619     
   2882517.68424881        3082847.60163113        3024028.57067664     
   2792617.41578854        2967423.30140964        2920541.61788293     
   3081890.99829059        3032697.73775377        2988582.00961076     
   2934955.24032876        2902142.97361985        3126107.60955122     
   3138829.81121488        3244965.48571577        3120674.57049558     
   3229657.61915221        3551850.45443782        3305480.80031832     
   3160371.46086735        2786955.22560621        2949512.04026819     
   3159805.38080022        3120591.90520636        2891569.51595128     
   3249287.65351896        2795997.57612862        2812077.29428216     
   3175401.11695263        2999558.83423238        3148777.20280439     
   3097904.70503501        3077588.88000304        2672342.95274201     
   3013049.51679206        3173466.61770790        2787585.03332790     
   2797487.12060840        3029417.03396930        3070340.44435898     
   2727426.68064453        2863543.97120493        3007408.63219644     
   3062448.99779179        2873085.17344312        2916000.55178318     
   3421866.56620784        2896632.58246803        3074942.05300895     
   2896260.37509672        2667479.13416099        2682429.40689453     
   2698455.04329798        2654171.41640416        2943919.94662130     
   2994776.69881276        2903406.45307665        2971851.53516078     
   2967111.24021492        2980800.50639703        2951967.59613179     
   3063972.99339642        2863707.48535860        2953459.02646657     
   3185408.24296633        3184397.96718375        3164886.82120420     
   2817774.41103571        3073572.91742099        3077168.59596908     
   3110956.73625280        2996471.95149931        2976590.61877987     
   2976013.52978849        2965847.83676521        3009542.64486349     
   3056894.52177096        3147243.33621197        3051552.20492806     
   2981097.86293517        3173975.47189690        3074318.33084150     
   2916663.23030409        2848946.76458368        2943246.97785173     
   3045679.55586235        3085867.90903087        3040564.91804843     
   2821500.22826917        3040459.86279872        2901945.98249948     
   2986421.27795016        3138714.35808599        3486081.09323155     
   3174935.23600648        3039348.27430836        2867552.39241160     
   3002462.66073731        2965733.63770339        3197035.87158939     
   3062834.34954843        3260578.39709622        3248541.89932036     
   2967598.38900556        2955068.47517387        2911847.89868581     
   2995797.02539967        3180366.15257276        3127255.41071939     
   2825121.40999541        2751732.26330793        2943900.40050959     
   2879807.48662569        2912372.68729941        2948515.31628228     
   3153619.14596020        3300069.19062900        2993342.27819640     
   2875658.28139722        2896770.28721852        2989798.91055920     
   3053364.60579676        3480879.99784066        2821510.39994672     
   2934191.48314269        2933979.18531210        3222445.12317510     
   2846848.17581233        2749380.68827341        2839718.06454434     
   3175175.26557153        3049257.15637905        2916800.75337343     
   2756265.39876499        3098343.71045032        3086243.50893341     
   3074504.88666945        2909770.00738389        3068607.57911747     
   3026452.30996726        3046653.66286302        2726835.10476181     
   3079558.53914717        3195778.13810151        3072876.01408647     
   3171288.35581699        3206786.89978099        3010088.92420505     
   2967727.17146887        2931473.04626704        2939940.56242104     
   2819828.15851441        2964919.25857650        2753835.40342382     
   3046664.67556687        3034822.94519851        3024354.38972005     
   2977626.18049218        3309860.48433690        2996175.56530973     
   3035046.71696042        2999812.47799906        3038977.62541728     
   2948733.60914909        2930611.33054073        3022928.40408744     
   2907496.49192127        3024082.00027844        3210528.81720816     
   3186095.87453231        3063383.98297997        3197911.16969678     
   3122672.18613951        2973824.78152225        3019037.30925806     
   2923252.97318272        2822266.12191571        3132938.47421285     
   2967606.25976341        2974416.56437205        3005621.49631181     
   3027983.86885769        2854475.54065578        2810167.30115967     
   3043098.22723218        2924737.27459085        2997891.03890915     
   2830458.91359046        2920671.27244778        3129346.69281655     
   3216582.33357265        2924637.09858867        3101280.67965103     
   3105399.14300794        3023669.19467584        2891111.06681701     
   2777614.81155162        3077464.47193430        2845174.28760765     
   3162932.90891236        2883227.90411624        3126049.48526978     
   2976679.69705674        2820549.43341338        2757686.38990413     
   2921504.61971281        3272990.92818196        3070891.81232620     
   3049450.63877345        3103485.28021971        3229202.19740624     
   2960724.40231169        2928770.23238269        2819092.10951198     
   2993408.32998380        2923723.65427878        3030794.04033108     
   2919027.17068247        2873480.80675200        3162393.60125174     
   3065210.89986299        3039050.30010616        2923889.35470798     
   2924411.73911591        3002214.27922956        3124028.39626147     
   3329950.05301990        3164648.27445778        2931597.47329468     
   2914080.30192337        2898348.77742159        3097546.04692093     
   3165030.14579508        2916382.15438655        3197359.90507173     
   3301487.58839593        3220964.57072002        2955154.44472548     
   3152726.67317101        2914825.04929599        2930435.88279026     
   2954217.53503078        3253949.01741968        3104942.26559633     
   3265790.44000431        3152470.51135018        3087973.73155764     
   3022479.78418407        2939808.95207011        3029992.48947873     
   3009641.80836004        3161085.86290113        3052336.09581817     
   2985218.76878497        2955630.79589127        2962441.63572455     
   2995301.47466185        3083476.26775243        3266461.92499188     
   3297500.02911788        2973207.66357478        3282886.30738804     
   3065913.17102851        3008514.80281572        3011704.10264242     
   3106762.49198022        3017252.24892299        2924600.44574506     
   2955052.40439550        2999395.48510575        3035305.45723683     
   2691247.19903595        3040104.75292086        3142702.38496251     
   3025991.47663877        3121905.18733247        3219610.14030612     
   3341823.35492174        2986382.80505490        3154321.63948562     
   3005590.73702288        3134178.61428412        3186111.53322395     
   2963869.52834127        3033347.41047047        2823726.92825209     
   2673150.35389401        3019180.41440202        3079045.99566873     
   2911063.21741035        2868661.61592736        2713118.92819737     
   2918628.86418221        2843864.54222626        2748490.00505033     
   2825336.40112460        2934323.98723883        2813437.01045221     
   2822169.24700401        2689300.67661673        2971789.05918090     
   3021100.79972173        3138612.48144372        3162270.49085720     
   3280855.70430671        3279909.50959571        3223110.88331286     
   2834606.56050461        2867791.92402207        3126012.68051918     
   3401744.24208808        3372122.35893062        3098842.77448253     
   2989833.60596833        2983726.20245924        3074449.20485553     
   2853664.60853966        3152456.44671989        3073921.17797872     
   3279419.11493400        2926948.52519191        3076614.09815626     
   3189952.68780799        3003462.00940828        3079516.28320986     
   3294415.81651438        2942192.67084408        2952278.19489595     
   3169853.97819470        2936219.82646607        2978696.32701735     
   3027190.63755617        3020183.56834985        3129568.44762337     
   3008009.80025985        3061399.46763330        2963513.62774448     
   2815894.50542351        3042754.82601821        3085739.15291252     
   2937529.49369094        2906168.03522696        3028948.84912277     
   3092729.31114630        2909327.00579489        2874096.12128627     
   3019353.75336041        3389064.81070304        3078966.10161941     
   3182760.43533065        3301620.75348059        3029827.76589966     
   2884206.63578512        3026960.87746606        3139756.46550162     
   3115724.34731974        3064919.55816988        3057446.61578159     
   2965920.11686750        2972164.06187137        3102643.31991094     
   2983199.74049983        3025650.30398612        3241553.25141323     
   3019903.82786455        2948773.03176707        3042890.87172584     
   2901899.26469196        3034104.44441539        3071044.38703942     
   2793259.25792964        3004239.43831760        2738233.81010657     
   3045400.79108330        3139493.44019296        3015295.22785804     
   2751630.09661457        2862884.36186360        3133116.01566288     
   2997335.73971202        2977805.96469483        2995781.41350024     
   3209243.43627082        3102399.43207297        3159888.15278214     
   3133553.05926525        3134134.87724880        3242813.83591096     
   3282760.34770174        3206124.47338847        3359961.23725066     
   3173000.42138987        3144863.44226592        3105932.89522577     
   3060894.51215742        3266363.99734840        3302752.25646693     
   3125687.37265627        3102879.21475303        3125234.14121305     
   3171772.10070557        3139858.03073782        3172712.72358615     
   3231109.04219029        3012094.08301772        3089684.90374575     
   3115439.21674879        3089477.75018253        3059053.79735694     
   3004160.28769093        3156051.70268746        2798771.71514053     
   3124105.39254122        3295244.34442765        2930338.12246321     
   2695302.51567512        3015273.49505743        3190507.58094273     
   3092884.04629099        2976659.44005611        3076591.34239465     
   2999518.01208547        2702319.36785585        2904375.31176795     
   2908961.48194780        3136969.44429461        2878217.14739323     
   2938748.15808619        2859743.14555114        2894257.51839243     
   3040321.09337400        3182587.64377401        2975447.36483543     
   2990015.83486243        2944530.37998621        2930184.83734614     
   3318155.17567854        3165654.74575392        2965125.54105913     
   3026918.96454141        3006163.30690747        3128274.67351871     
   3176977.26774657        2973792.86691963        2948227.50665546     
   2838675.20359368        2918494.67048838        2965133.15186584     
   3073731.57860413        2879197.85400708        3102990.52925114     
   3024016.68160542        3048130.24898714        3022407.45544997     
   2900307.09402137        2900769.14484695        3071851.12017052     
   3101026.35034122        3286659.19247617        3245873.87155777     
   2896060.14806517        2945325.89887995        2980606.00363150     
   3071989.11225197        2977848.49987820        2827965.37917904     
   3284049.38697381        3031273.09049108        2896506.70581816     
   2957535.11930891        3288674.98262291        2977215.55797013     
   2926748.68765299        2856125.66764065        3252398.10715494     
   2898455.71340056        3185256.52131700        3179249.61612255     
   2824597.74448097        2733967.15891768        2801513.43981639     
   2801190.34051533        2943153.32399984        2748893.74129932     
   2909500.85143865        3036925.44003601        2710855.40168772     
   2886755.86755067        2967049.90977566        2942200.50160876     
   2867858.92098012        3046172.23536161        2965299.32126567     
   2946238.06765800        2898627.41950493        3240011.25873261     
   2911296.58468452        3248207.79156202        2814480.34635568     
   2853271.94977065        3351625.27343963        3025680.44424601     
   2995838.84095031        2929328.02270957        3101739.64736403     
   3106456.62122035        3171077.34801531        2753850.20938426     
   2809808.65458489        2903663.26816894        3007249.25359627     
   3269910.82616640        3236449.51813840        3132650.44865642     
   3167134.58805150        2982841.36098581        2840813.91757344     
   2796281.28509566        3193402.57020640        3080508.90692559     
   2894663.20326467        2937718.68133019        2868599.15167089     
   2805734.21759105        2785951.83557910        3101949.74643725     
   2995820.90252326        2941811.97161030        2770588.80693594     
   3151625.33128532        2939051.19761553        2880665.81121725     
   2944284.45463767        3159614.41021535        3187851.18197383     
   3193489.94981937        3140340.99119803        2978049.67593832     
   3023126.44582480        3087322.88916260        3213664.81418946     
   3189496.25973572        3184569.21656475        3098233.06269493     
   3092843.11079174        2709155.92391812        2756065.12766121     
   3040931.47699279        3049252.62692236        3012290.72855332     
   2847847.83013415        2937050.17466086        2935465.25757302     
   2964306.89544047        2980333.77309763        3046353.12271032     
   3067542.09268188        2772688.41543715        2965175.75597544     
   3054983.52663229        3059039.49696574        3049354.35757904     
   3127525.89569239        2989598.32873585        3125974.97044124     
   2820132.14551697        2995829.57563381        3107713.17442294     
   2906568.18529519        3129911.01652202        3091040.02160322     
   2962357.54873636        2992552.85504339        3125066.13725870     
   3091819.51130019        2938457.22950420        3134311.23067063     
   2960496.12065225        2836717.50907457        2759905.81254507     
   2758709.17096522        3020399.26354420        2848933.39017610     
   2907717.50741097        2972768.27980276        2834763.90271475     
   3031809.14042452        3094833.24684907        2861868.60274589     
   2991391.81665182        2798403.51945893        3041276.84278962     
   3203418.11011375        3098108.71387688        3317079.01784095     
   3138882.01590661        3028838.49381880        3017963.61730974     
   2919004.93470737        2882788.57470308        3186865.47527267     
   3000247.79937831        3089810.96058024        3139754.58880371     
   3114224.04579303        3010181.50477768        2982891.28398176     
   3229675.58561154        2985951.44473879        3271616.96646153     
   3315651.51645673        3076449.28821375        2999566.00183732     
   3080539.67595922        3216840.24418999        3010337.48002166     
   2729332.46293760        2945687.83137054        3119595.32862926     
   3051362.61812799        3094039.68371486        3132641.05846165     
   3141364.06031025        2968897.89490445        3043459.51982500     
   2916317.88165234        2951836.79493886        3064888.76486625     
   3110548.62397457        3258637.74310508        2866438.69198747     
   2811467.58219098        2965322.97117215        3077159.56441439     
   3313687.03602153        3059921.79868249        3042262.29486485     
   2917695.26798575        2918032.97327864        3172404.68956529     
   3299233.82823314        3307927.21172880        3042163.09501334     
   2910587.07334426        3029946.26747164        2966490.29634102     
   3004298.76935578        2908660.15134023        3510705.58264885     
   3242029.35849857        3267687.16726088        2887466.92206419     
   2972519.00226244        3009715.81650130        2979506.21935828     
   3034274.75149101        3038478.31642950        3112058.21506338     
   3026278.51765647        2816115.98716884        2813775.40975152     
   2810530.19797174        3090950.55705583        3142133.98228288     
   2939827.41582311        2787286.76497821        2863661.56054258     
   3282670.32825715        3074795.83467329        3268717.10431482     
   3231520.83231703        2987474.80404192        2860999.83180419     
   3102701.52970239        3073995.92661594        2906774.31691320     
   2522010.84483917        2687928.99063614        2749913.91254909     
   2891683.58338347        2978920.78226665        3167317.36076042     
   2784146.86177619        2996008.51561103        3285255.15840960     
   3249764.30895684        3186055.24695480        3200374.43622240     
   3180844.45693509        3110135.98594865        2819314.61580228     
   2760736.66779179        3075869.59613770        2880886.62263017     
   2880319.35858894        2904020.86172124        2945621.99869424     
   3179635.75507015        2926148.18680993        2913827.68297410     
   3063153.04527696        3157045.83907330        3246022.86848964     
   3148514.48013194        3320029.32021321        2944985.44096257     
   3365411.33369047        2902514.36077960        2770973.90741260     
   3151158.57813665        2866040.73262280        3085687.36711058     
   2978022.80866496        3035171.15991102        3021097.08849245     
   3012630.22784039        2888398.19689377        3018136.75939702     
   3120515.72824301        2876717.72671967        2964774.67291537     
   2989951.82354490        2927620.36427207        3098931.72224527     
   3049670.54385184        3167198.36090520        2974875.44228355     
   2875026.85961549        3237519.82612688        2965031.19970034     
   2814276.39520039        2869739.34225577        3290090.16678414     
   3130344.97205418        3374341.40519141        2977987.02721182     
   3093891.71903462        2902013.53963886        2997625.60251972     
   3133183.39186337        2963532.85873153        3072194.53071195     
   3102612.64608001        3185604.68193853        3163909.73385641     
   3488199.60411328        3214275.69308224        3222132.38088916     
   2989407.82454570        3121936.61014467        2955032.02694715     
   3119910.83452012        2915910.58131942        3121549.58670908     
   3011314.25873460        3015432.57965532        3054212.30575966     
   3087051.51086276        3124747.48421650        2941313.67299942     
   2851674.74226792        2971083.82761691        2863258.69528304     
   3059781.16741770        3074926.06319126        2926098.83916405     
   3026973.30737909        2996313.58155093        2805973.73522006     
   2909045.83050156        3032933.04395595        2911922.13184565     
   3155621.83621229        3002877.53847750        2858235.55099449     
   2775402.06668765        2991437.96495120        3189967.98716965     
   3176623.13355034        3136800.90898995        3147842.13213544     
   2851488.11876848        3020967.33960670        2966688.95747501     
   3147101.17837857        3164998.57805370        3053908.72301448     
   3178694.92855309     
   2071.90197257044     
   3682.96040832246        3823.67128897081        4313.36855692244     
   4373.24413943239        4123.26808319545        4222.37092509306     
   4167.59893356300        4110.61440989126        4164.94931619808     
   4199.14925320432        4317.02400145982        4129.87042387567     
   4432.78513508500        4119.46761082224        3827.28400456888     
   4087.44283325900        3996.06839272087        4367.15533807007     
   4076.11434269711        4263.47376423434        4196.60093556840     
   4183.07537345934        4260.83692692888        4266.80271742196     
   4189.69647953651        4696.89484840276        4272.97085870449     
   4013.71714359257        4149.35601289365        4038.44564910826     
   3894.26234594188        3792.52527868535        4144.39053344320     
   4151.05738913000        4148.32335072501        4220.21301441340     
   4039.05222694000        4225.03934656260        4157.00911341657     
   4432.30253824715        4511.89394386355        4452.53367093864     
   4521.10565250431        4492.74409944987        4276.12973734924     
   4075.76071525451        4383.40747250014        4007.39405812617     
   3990.10919325287        4315.50214228831        4032.16592974373     
   4021.52032392675        4059.71771806843        4161.63610954682     
   4109.99421990361        4175.33652409821        4049.66230148210     
   3794.03102431696        3986.38605163344        3763.61935301453     
   4309.68098661002        4453.78918479446        4495.84897427379     
   4360.92114077283        4385.66039478416        4435.25242702676     
   4417.38018131599        4171.84795428279        4158.40166101579     
   4264.40091528270        4053.57171721432        4337.29087930298     
   4468.81409610893        4498.59623256607        3887.87774640890     
   4250.50055633071        4053.27442034317        4002.91901630008     
   3759.10093775906        4186.01997861944        4364.96295657983     
   4269.04631048552        4457.57402220944        4265.13696795387     
   4366.67706432872        4248.33175521827        4378.15880600281     
   4477.89130521739        4335.24060410863        4319.94774388546     
   3972.79348487941        3968.72178384095        4043.11537186757     
   4146.34652317379        4017.88930248792        4134.24510023271     
   4160.17973967388        3902.35282497360        3904.55500737181     
   4004.66734160939        3972.13066735012        4140.24210400627     
   4614.44298237907        4567.07036606839        4594.52837119183     
   4561.19343900700        4214.43570605883        4145.09866647103     
   4211.74589534380        4346.19928418799        4087.19826852477     
   3995.51452490598        4070.20137855313        4062.83551232859     
   4099.17723739801        4201.97466411038        4362.89749063690     
   4350.24911194482        4167.90064415096        4363.04034784921     
   4556.46323625125        4645.92499473812        4529.16304852811     
   4614.21836375043        4814.58173255159        4593.44515213425     
   4426.67506294578        4110.87720644334        4207.41632571897     
   4363.27324991654        4415.72447307483        3936.08600469224     
   4106.35650299444        3850.74686543733        4036.08900895881     
   4098.29316400543        4460.49901174881        4263.50070962236     
   4386.25234844899        4063.35134438986        3970.04213550442     
   4070.43030057340        4171.60752939170        3960.21957494668     
   3904.13609032664        4291.25134067273        4101.99003928741     
   3795.06811263395        3943.86733334103        3801.41731797533     
   3999.02587859891        3713.90910966925        3851.64812888082     
   4238.38586583281        4049.86411081859        4298.99272377890     
   3918.66038183652        3770.33152752135        3937.42424017864     
   3906.13330886012        3877.75027603569        4109.39959062080     
   4126.80103161473        4166.16602435096        4277.12802499038     
   3997.73366166659        3874.45412588017        4398.22599276964     
   4820.35523696355        4293.16709912808        4329.34673672059     
   4145.42066998924        4169.22842826280        4418.35862242880     
   4153.99751632730        4139.06155086726        4154.44868532416     
   4182.06321607853        4581.89365867014        4396.91145774378     
   4113.73129934217        4250.81383335744        4165.66897360281     
   4335.15962922647        4290.13047462279        4558.55886502966     
   4184.68635297815        4217.04105599425        4131.53958830807     
   3913.47645956294        3794.78531120259        3871.06595400468     
   4151.82725570027        4181.31974097806        4301.39847641117     
   4008.09811057859        4112.60143535252        3908.36277482540     
   4028.95289346236        4220.96827898701        4280.97988109046     
   4351.66263583361        4155.24178735717        3757.19460681613     
   4356.72008796397        4023.58548250353        4538.15270974497     
   4394.40338634208        4592.19672069512        4410.45876252847     
   4112.79224475792        3979.53822801084        3992.54311594919     
   4086.78579140022        4461.93121892450        4148.47374009526     
   3733.96171504525        3577.86209187187        3857.96283271359     
   3780.98273478732        3807.90631008755        4177.25916470748     
   4706.81691367298        4580.60992085620        4231.00479182819     
   4147.31777836142        4156.13451441275        4465.21920645722     
   4364.05181748454        4394.75913231667        4024.48319522885     
   4107.62081807385        4144.05557813333        4229.37510255166     
   3869.72678721560        3824.24822756985        4183.77204838228     
   4164.82824042405        4476.39137468776        4103.45499084070     
   4050.82942844934        4215.10025338764        4262.63562912603     
   4239.16631213425        4256.08850008098        4135.32309795479     
   4214.30540940894        4447.90024361427        3623.36900236858     
   4099.93649612506        4111.81287991683        4124.02159373868     
   4084.81016655282        4181.86748201182        4100.00242337451     
   3963.90248597385        3876.64867092287        4104.36624663140     
   3860.21711842076        3908.28363716875        4002.57259706599     
   4034.98557976898        4238.90418909012        4279.45275369383     
   4075.84305959078        4688.44009014912        4278.23284629761     
   4171.12911511621        4087.21231563898        4224.93893821180     
   4030.41650574411        4071.23062326821        3969.02744265297     
   4028.22155878015        4133.54416251684        4154.56587341546     
   4521.85440804084        4428.69599910492        4319.45892438476     
   4035.72736061666        3851.19670968659        4272.00957208413     
   4345.29409576149        4036.84588929365        4240.03470611356     
   4384.72601005435        4120.43222788183        4025.19865754329     
   4037.32470283320        4070.65847400916        3774.92510681364     
   3938.37122042863        3898.63035971271        3987.44204256637     
   4166.39197147146        4031.07828451960        4193.03001667460     
   4625.92560701720        4050.25097031884        4359.03939113066     
   4413.94599575378        3946.52326046338        4096.18980565445     
   4065.33496158691        4415.90252245500        4113.02981712270     
   4262.16758458071        4147.41750704054        4389.33917597451     
   4201.14756397208        3731.27643556588        3991.43020485811     
   4398.59930008124        4405.84672088036        4233.01723397433     
   4152.61492236685        4168.70025700953        4243.79926182176     
   3892.01326838985        3706.14181196846        3781.37904467472     
   4166.05999840043        4378.21825078083        4331.39757672580     
   4168.15848186416        4015.96608665048        4219.58583607480     
   4336.13817369349        4126.77562078881        4134.51238940959     
   3971.54895788005        4235.67782617811        4122.76164874503     
   4219.69926964473        4479.98399976817        4259.09615732957     
   4062.87185006780        4152.18585601498        4241.94544749148     
   4384.85128399583        4553.42135355524        4566.98801771259     
   4621.49731762398        4375.28460414791        4068.27230104837     
   4067.24850508241        4299.04699577549        3941.69869131807     
   3900.34183651489        4392.58412947566        4327.47782932492     
   4360.51242105823        4277.90545557414        4286.86368794773     
   4283.16478284829        4142.56810213709        4260.26554227354     
   4434.22148999581        4360.86606836209        4359.22986265937     
   4218.93654604568        4274.62722091434        3827.18342616182     
   4067.96665471239        4335.04265358395        4458.99100644455     
   4553.95367095785        4493.54245201554        4561.89955405035     
   4085.20249002848        4155.46725199045        4240.70742079583     
   4189.82581262090        3934.46277484145        4025.42076894006     
   3957.58472655277        4324.89604834294        4327.85692524582     
   3971.32778423087        4030.48567527847        4251.14881909844     
   4358.99746302256        4614.75818552039        4855.04012780023     
   4526.06190355484        4450.43929974231        4159.59615396636     
   4203.23560792480        4433.25602658145        4597.65188578299     
   4172.13843383019        4065.37601505830        3965.89724335385     
   3876.45224529113        4068.39972510319        4314.54658166634     
   4209.66781120780        3821.36919044395        3760.06779671868     
   4159.56112458629        4055.52831974526        4163.20030908443     
   4024.66761999323        3817.26654505990        3700.15569139290     
   3997.64639536377        4019.12403960767        3999.57278783558     
   4189.57576496490        4253.23282145601        4400.07223529650     
   4418.26958974901        4418.22435430513        4549.01815774359     
   4326.60290190512        4196.09544192261        4556.71013002986     
   4659.44763310676        4640.38616620267        4307.92228173526     
   4330.83216160867        4489.52315478070        4246.93436136847     
   4394.83502809736        4597.09358645612        4433.26393660872     
   4348.09325209520        4029.53445047127        4202.56647757104     
   4178.29220879748        4342.42067714933        4310.40610859541     
   4457.69447047160        4489.85523456364        4469.24355293304     
   4480.95368891918        4144.64542164475        4370.93018441370     
   4488.42220240985        4430.65639561839        4188.08292805576     
   4368.11457607612        4076.35759725416        4172.15423039122     
   3910.96178265127        4025.15707950528        4285.10898318771     
   3981.98081480078        4103.89591666305        4414.66882369606     
   4153.19366141882        4044.76877433449        4024.61342195083     
   4174.51552713896        4380.88546567643        4379.40923993185     
   4286.02992904567        4274.64850861765        4058.03259809030     
   4135.50202256839        4230.21962240940        4623.55914543887     
   4699.19033217681        4533.75635457616        4327.15665127609     
   4374.24724894686        4217.87736211300        4006.89063245673     
   4291.86741493576        4119.42037827572        4285.14095662349     
   4037.23860028778        4092.07589808715        3968.85262695340     
   4117.32484777778        4118.75497656352        4253.99800676029     
   3988.48808538918        4074.17092192980        3787.76138606256     
   4210.01645135619        4424.81407736323        4077.85724095438     
   3815.38557636390        4233.53260638266        4415.05318919469     
   4370.46484424359        4279.56241796565        4239.29856679198     
   4257.61839427369        4429.12629196701        4673.42252080948     
   4266.98315721096        4404.30754721260        4690.74501272059     
   4731.14357230081        4761.29014570721        4645.59454969261     
   4656.22810672085        4477.83455081555        3956.80230608572     
   4140.63621584263        4149.49080631471        4513.31669699250     
   4222.88297263017        4229.59597736262        4379.40185922104     
   4483.10709746642        4218.02029185099        4286.64689439290     
   4260.38383933525        4048.62835596840        4011.99354437951     
   4184.30583234402        4160.04054799827        4118.70768989239     
   4362.92628706255        4343.57517299404        4124.92476076263     
   4369.88189308984        4451.72981494028        3976.43184334261     
   3988.36144577171        4117.20137920262        4746.08499509233     
   4488.70838394683        4050.48387886339        3966.01912180351     
   4168.49973417022        3732.04805761368        3923.43996660039     
   4268.39356159145        4235.65759394765        4049.35087295674     
   4016.96351271488        4167.36031634625        4132.58054218129     
   4383.92407564847        4506.61184990670        4231.01849785795     
   4607.26422701719        4271.05032194137        4105.65187522942     
   4343.68592757326        4283.01945870632        4026.77350966964     
   4241.88219821495        4126.89895010542        4133.29325193352     
   4391.88647599023        4269.51834746557        4407.93029812909     
   4044.92867356919        4272.02391630115        3994.23674591910     
   4122.49751613135        4104.45326367419        4098.99906943200     
   4148.79426911395        4180.13884458777        4275.01691215662     
   4334.31764083736        4265.32276650703        4261.47656402500     
   4619.58290942333        4458.31738772380        4422.66861618148     
   4365.37979203873        4113.33640957584        4255.71225174750     
   4577.28962496380        4138.93015388755        4013.04349979834     
   4311.77789019210        4238.07539658864        4045.80604510569     
   4108.52401996791        4189.46299552499        3878.53369206012     
   3957.45942830786        4236.53976675318        4572.51904275514     
   4302.52999133363        4498.94341205011        4417.80767319785     
   3758.02331262180        3874.20581523295        4044.44362510019     
   4025.24263851456        4045.10447298757        3794.78518247699     
   4247.49977578203        4193.28059888133        4052.39573194429     
   4025.18825857251        3941.63679805133        3814.20395646163     
   3982.94873152206        4379.80281017673        4115.75354330689     
   4162.69891796631        4253.51762288388        4330.71008481319     
   4436.94452512200        4308.60871745742        3893.63238004569     
   4031.11539615690        4498.07748594494        4322.75156525990     
   4121.86291511993        4257.39945081699        4306.83292768588     
   4235.25142718094        4553.86578875000        4282.18580698486     
   4082.40715454681        4207.53714687916        4356.48524225684     
   4405.98747878045        4345.58730562025        4397.51011461335     
   4305.63107975796        4143.17048759881        3953.11607285045     
   4225.83893959620        4672.52455092822        4500.37696432926     
   4193.45655974815        4235.90575214598        4113.27840258121     
   4124.33832203082        4130.74026670054        4106.53627879516     
   4288.11520013093        4271.68957056913        4038.30577870098     
   3999.71015965923        3853.59242791570        3833.86861075899     
   3968.36762018298        4099.08182258819        4143.02448418447     
   4508.08854160732        4476.10525571462        4434.11120085298     
   4402.54066042760        4616.20934049875        4316.65036060435     
   4694.85569838345        4575.47182682309        4199.04360393202     
   4008.37499180820        3770.47646056350        3859.17792728614     
   4049.64944953904        4244.38963501318        4032.49046957721     
   3897.89212007830        4171.53929061483        3987.51140244134     
   4013.97182330210        4166.25088066601        4387.91228654423     
   4214.32557382137        3939.17036838572        4019.43965235726     
   4248.01694352204        4369.72425101741        4235.48008929036     
   4396.64679068879        4275.79811967392        4495.36468552120     
   4137.71061530231        4290.71121752500        4147.03917039754     
   4158.59462156504        4276.31358868964        4390.40560265295     
   4178.18081746124        4310.98064404917        4191.93082405709     
   4178.38104980814        4240.56239073005        4147.05248611726     
   4060.38955190070        3802.45023641396        4155.66915508681     
   3738.11097429087        3950.90050979790        3990.28124921986     
   3813.91426722240        4278.28171323248        3824.19708632126     
   4063.79580047913        4485.55389257188        3891.49412013077     
   3960.70360977740        3871.36337860611        4275.22786252528     
   4257.13732952938        4349.80248381094        4552.37103896028     
   4706.71336462361        4431.86888942166        4360.93002068028     
   4051.39902301572        3955.37395166932        4649.79896040582     
   4419.96316284465        4154.35415295053        4310.05332105296     
   4258.62295559733        4133.96594795037        4297.96666496114     
   4169.46100095752        4199.04244628547        4731.43289861540     
   4638.99632012913        4038.61263364990        3852.26317093167     
   4177.09514065585        4353.24610375468        4088.94844045720     
   4209.61125556609        4407.93042495250        4212.38172927394     
   4296.43197427122        4313.09059974037        4241.32715936319     
   4170.56434490073        4277.90611606831        4179.04100920067     
   3991.06757631631        4119.55659772071        4161.50093252020     
   4447.86609916992        4586.07386895187        4247.24489048055     
   4216.86837297347        4193.89569858947        4215.24885393864     
   4277.21421621004        3922.87572369947        4257.32837250603     
   4273.04726111217        4278.54331840008        4240.81745913848     
   4401.24610881521        4562.73617705330        4448.33215671881     
   4226.79398267353        4210.97480433765        4267.29760867958     
   4184.51806214038        4487.85529656978        5027.50865440728     
   4999.40270042371        4534.32457844340        3946.99817575159     
   4007.09428548290        4317.30704741774        3947.89700553585     
   4018.40679898027        4127.74785946856        4417.89233928562     
   4400.73794142607        4235.56488134308        4229.92179881637     
   4328.19015657756        4364.01130827373        4417.25042247947     
   4428.81392843941        3905.68508270712        3854.41448137030     
   4606.54032276771        4396.11180942318        4517.78351301100     
   4166.73502981835        4163.77382872736        4177.29873674138     
   4075.40190048301        4229.71603054938        4155.94124464401     
   3563.43392787547        3775.91307025980        4072.27745166833     
   4081.28565744810        3792.90261080210        4278.69682783991     
   4301.01042774416        4367.49403997560        4432.79377522964     
   4762.46475451985        4621.12432936107        4526.15139088821     
   4392.38850268495        4129.77170768498        4024.59074999310     
   3719.63868080678        3724.81399798922        4011.48912512755     
   4085.61997451807        4166.28028411703        3953.29365299766     
   4273.40001289174        3951.20882044516        3934.37238524690     
   3970.39017484581        3853.71886203547        4088.99584939580     
   3951.78317490835        4331.45253966070        4205.36362673022     
   4471.86004080722        4079.99161092875        3934.15916404170     
   4331.72473795635        4019.65689328364        4464.48576241186     
   4405.53369720667        4410.65306605793        4148.38852879593     
   4195.95458720209        4055.70408895243        4334.04695507958     
   4181.63698091446        4180.54846273279        4029.84948148820     
   4247.25938409441        3985.89020551300        4402.58577375822     
   4355.91753319070        4253.94992091955        3958.00380558057     
   4082.76712064947        4307.31718026599        4110.02757475064     
   4260.59667608215        4189.12912322275        4462.85630605986     
   4275.34566973207        4640.39554882132        4333.21195174892     
   4144.78922743073        4188.99550550307        4217.90124589912     
   4283.70315563051        4270.90013908964        4367.77372264745     
   4375.05770526394        4588.29047536757        4654.45049692828     
   4849.62345522178        4644.39687907548        4151.84848765428     
   3884.38098333402        4387.62763538202        4246.52955802411     
   4423.58758611957        4020.38745665818        4139.35683762309     
   4080.57619580779        4439.51910088076        4265.48689242205     
   4397.68140689787        4467.85511443294        3967.09037174599     
   3908.90165238514        4092.45958279322        4226.25913557620     
   4217.82632689208        4358.32628991743        4278.37002986054     
   4136.70535505808        4297.82151930668        3558.86207788129     
   3828.24635153970        3954.26423893605        3956.01978814759     
   4065.91922170451        4108.51797933209        4083.65727471965     
   4145.13763292904        4209.46179545321        4279.49874122637     
   4456.83962121328        4487.65083388500        4370.07622240977     
   4211.31188357417        4447.74502930004        4180.45799799601     
   4154.98162581654        3997.88676131328        4135.95343944448     
   4471.23389087190     
   119895.000000000     
   2211.97416973017        2453.21726177902        6122.14481408197     
   7580.72153362154        3506.24720554264        3001.01739414984     
   6191.23809373091        413.570456929495        13972.4671073909     
   2774.23214696146        7294.44775050438        11598.9624545853     
   4529.60052038217        8011.64985926362        5976.74624211393     
   2651.85621332970        797.481194694957        2835.91049681939     
   6043.42988095279        4503.40730203263        3577.91076872233     
   15143.4933569280        2175.44063309739        2077.80367844909     
   4827.39830498752        5074.99946682295        7792.39791018674     
   13460.7439481310        10760.3313587582        16404.1582445999     
   1466.00010421061        2142.13686063812        4755.21899412567     
   4423.89761018013        2536.54855940750        5442.02580915780     
   2989.29047554080        7248.44474823200        4246.42967823799     
   9191.67210115831        2274.10908311001        1330.62901996451     
   7490.35577580364        9447.95642479006        539.725721937059     
   2586.34780281575        4057.32783136719        4660.82025853091     
   2947.15135344458        1079.07097427253        5340.11914009165     
   8807.05960834991        7807.09249168819        3423.24564823554     
   11041.7435858551        4621.44588220625        4194.30534282001     
   3821.14075757949        3821.28449054009        6660.27256369235     
   6768.34284030428        6074.31555772195        7550.38542405468     
   5089.66868368430        7767.54056288279        7685.10548253806     
   3333.53091618037        2681.12700801210        3274.00010585142     
   2316.60331016772        10078.8680279084        1946.56703054028     
   7177.30538761451        6906.89295944368        8712.10285067282     
   12455.3403436065        5671.00087027535        3898.07171102120     
   5164.85793183873        3209.03280765973        16678.0709931054     
   3068.14068675054        11210.6889987216        2361.38035483497     
   12905.3597883684        5213.12684196058        4541.16679627054     
   4980.06807378596        4339.15434758575        8342.92051392895     
   8018.98869513431        3858.05476381386        12604.4759725502     
   4338.71469382391        7932.10634789098        854.382537332910     
   3748.24278191464        9378.64331826020        4553.42637232180     
   6618.95356495955        2373.03963440373        4582.40970108301     
   1467.74180949789        9496.31833859230        5133.34659394695     
   4161.85551324431        8706.00688216732        3105.45207234657     
   4936.79599776500        5312.28567501525        8449.71410365554     
   4514.57619855934        11849.3960012325        4225.51230503051     
   2828.04745838651        7352.00857378509        19803.1045676139     
   3756.68075218992        5824.69367955807        13637.2902981493     
   7591.08721654488        8425.76142851538        4146.61136454056     
   9042.45192341429        6662.22564098051        2926.81736695955     
   4501.11602954305        3868.56417969780        6057.23670005053     
   3201.86306938975        1452.36238271358        13288.7125040516     
   10787.9788164738        4325.67726880939        14213.1775419976     
   9438.90124827219        4027.99785252453        2756.03724512537     
   7710.74067880526        4485.11094163612        7075.24653070771     
   25158.0704770476        5762.07683801621        6351.11142031948     
   6098.25132310205        8828.85628908106        5515.63399474562     
   5979.17279268408        10266.2788987722        3198.25283561465     
   4781.66585887627        1934.20599592858        12093.3784744128     
   5651.00507899173        3715.10810705607        7699.18285779693     
   2304.99475987917        1679.35054702281        2092.19388426927     
   3908.31057074402        7199.00060978523        4919.20139241143     
   5099.38334084492        3373.86069394902        13923.6739947069     
   5280.39386752188        7730.77874448905        4098.96811554132     
   9189.51610674930        12829.0291314092        6543.53603504417     
   18595.1220374422        4493.94629127307        15649.1374574425     
   1185.39109071714        4590.10364191518        3833.87380691273     
   9639.48482223100        743.386872228742        14092.9660576548     
   3345.65521415107        5403.84357091813        9170.11215706815     
   8197.20911139960        18786.7434385636        2778.94997002119     
   15292.3922492307        11665.8828300651        4055.56921631983     
   10249.7665180631        11622.9743138857        6197.43552079682     
   10745.1633039748        7631.20562231265        3789.87461120874     
   3089.30325147904        2643.16459665335        7367.56555305015     
   2894.83255578579        5551.92233985738        6348.98924543060     
   6739.72307138460        5380.30518489970        3473.45918076553     
   6103.64553656461        3920.64624071560        5527.00580839318     
   4526.43839524894        5524.26642726172        3305.73972550415     
   4102.51071027614        4584.92080045351        8644.42999086982     
   5126.92088512008        2341.58748067220        14165.5427478784     
   1702.91429768135        2302.94022403058        5800.44508361667     
   3685.69357941306        5822.96042915082        14419.2990623795     
   12647.1900264888        6814.22747425616        7486.44116634727     
   9299.41263744887        8422.43866066148        5847.30202877261     
   6031.22103418174        2452.80297265729        7034.99284685937     
   4424.15971146123        2812.26219736049        3572.83784070112     
   13450.1838029668        5286.27000914646        5715.71027590231     
   11519.4358529727        2236.18894615144        4439.20094304413     
   3292.79530417002        1945.94982429770        13185.5206932200     
   7618.23583633842        1992.20647297113        8885.74917683898     
   9526.93345920033        9142.52388351278        1568.57470879956     
   3653.87786584002        7857.44975717878        8239.92316533823     
   6421.59975517425        9031.34221104783        3060.58202399893     
   3174.76517887643        1679.90856910515        3863.00086863454     
   6780.56859683541        3389.40921833404        7103.28291290495     
   5418.94398666128        5867.13717733556        5116.85112299797     
   11672.0126180908        1264.31739584720        7619.24196706262     
   4192.42835945216        7576.59555216428        7333.33174378699     
   13467.9390510411        6305.31979004798        5015.25728449312     
   6928.50363281405        5079.00707995971        6782.58931316386     
   5284.22392817790        5481.80601972416        7171.37006182968     
   16194.3081221224        7589.43851493799        16826.2850401252     
   449.799617881000        7025.11754697808        9876.23837298107     
   5280.36850288178        9624.49431992831        3177.81739056920     
   3604.69582867434        7421.76133407679        3151.15915381772     
   4962.10145371083        2485.48953887398        8107.48592446439     
   10696.7591157724        17832.3565801725        10375.5244037090     
   7012.88333556691        3373.07439010573        2387.25228774316     
   4453.43896102367        6529.93213306728        5977.30426419627     
   7405.80697545007        2437.09380555159        6661.55770545772     
   4858.24170735650        4117.42511865851        2670.34703596702     
   3885.16110920721        7381.04263182651        8695.31145892260     
   806.189721131375        6410.49004280779        2774.08841400086     
   6857.65173811776        7324.14128918855        3750.61014832454     
   3199.66480058056        1216.31058700644        5648.29106250038     
   6979.97694246931        1888.83710965886        6773.62714032638     
   12619.8638542145        4051.13885918131        2903.52417246214     
   19072.3746507981        11328.7022142551        3873.06217587661     
   6550.37603299277        4631.38882112783        7744.95757830835     
   3174.41007391495        4501.76705530577        4725.98201896341     
   4466.23119451717        3232.03008135591        6811.00616496269     
   9208.04920378680        138.169649537806        2739.87996937780     
   8693.74730611606        8356.11858166414        3296.53236114565     
   3371.77233858029        1835.51218127586        5450.39614039281     
   7999.39028321235        7068.22052539833        4883.51334378218     
   5976.38268227241        2407.12125582625        4403.35225169421     
   5411.07249334836        2587.74285802159        7605.38441868467     
   2648.99846387775        9944.55380366676        6359.38029299406     
   2384.26771509068        11347.9708858557        6953.74990459963     
   2672.69749261685        7989.04151004908        3301.71520260732     
   9115.34989907914        15975.0646279255        4500.23672201937     
   9991.52066226317        3561.91413569544        2149.29814402807     
   7387.68816753430        4442.05023761604        3326.09062174925     
   6698.94518497407        2254.66285902869        5384.79472619847     
   4707.29673408527        8936.80819737251        4595.81914081908     
   2195.84225862271        5252.11229380361        5610.89512810399     
   4070.57662838259        8244.23515415626        4795.67559509486     
   6919.48227581632        5151.38930794240        1242.03033207400     
   9806.67162005015        3407.09682736801        3804.71292567079     
   3562.52288705798        7027.40881946766        12084.4839406157     
   4605.60143701999        1922.83418228103        2317.54180185164     
   6244.42774403334        4872.56427413639        4708.60724049075     
   3994.88008742604        6581.60835984338        4919.42121929235     
   7194.38424528593        3137.24242127952        2956.30798852287     
   3023.93011904566        1474.11678904455        5329.70272788808     
   2179.82871583574        3999.96147032729        6416.77201867406     
   3656.47351401087        5677.01228998049        14102.9428160966     
   5409.00950261974        8226.97874400409        2123.02883175821     
   7067.63713867589        7992.83775118495        11555.2929992026     
   4968.42570397727        12749.9168189184        8286.61101289347     
   8139.51301003833        3417.68233717228        5450.54832823344     
   5074.58517770122        2939.59269069297        8269.67588818265     
   8789.10989803485        8016.70587752476        3235.78404809160     
   1379.92097057064        2173.37764236877        9983.83517631103     
   1476.95762873643        6313.85076400366        10281.6414157964     
   17919.9153178186        5131.68943746002        9659.68353063547     
   7991.69634238018        5457.48978474247        2884.07794838082     
   1305.02764321745        3631.92899726823        4992.05709367610     
   4904.70972803082        5410.71738838688        8349.75205699752     
   5543.61119278262        3719.23408851333        11504.2255237891     
   9069.95564816931        15313.5717237193        6074.49311020270     
   3041.02588647715        6478.29818069135        934.889905029581     
   1665.06179976306        6239.54082337290        7631.74673463492     
   7312.89629874153        9953.74425826519        2407.62854862837     
   3097.10710575168        4935.91669024133        6602.67792089149     
   5101.08277173203        2759.17400561849        2270.69331157573     
   5269.03050875436        12268.5804985055        8268.21319393653     
   4430.65305932838        5756.95318071479        7306.51286431483     
   12963.4870886115        11293.6821011486        5826.19864820436     
   1576.82667171407        6593.54665045331        5152.49689722703     
   14116.3099814325        2247.33247803804        4617.29453610889     
   4023.71122834661        6620.45007872581        9961.34519541698     
   1287.52604154426        9002.62943844776        8299.39479150693     
   4208.37426319884        2986.63564320970        4982.91736835788     
   3264.87729029327        1431.11526918473        9476.01817162741     
   5937.08439986807        9975.43102555588        6241.42626162079     
   17459.2004498120        4911.16080149780        3145.87485379562     
   1673.14466507686        3065.40130561909        11904.3104470622     
   6487.82683049120        6883.05865262401        5161.85644942618     
   7174.58291624312        4227.00881879677        2835.88513217928     
   4769.05963274355        2079.00427141411        719.637114209424     
   4621.60652492692        3506.15420186226        2183.36285569052     
   811.245739392518        4136.51623777834        10567.6869171526     
   22494.5465292691        5601.62012470521        3586.15427675680     
   10586.9894082733        467.005298752952        7196.68397265554     
   6025.60699383826        10071.7151993985        10576.0318837475     
   2881.16946964866        2529.04062593610        1650.23194018104     
   6808.10614111057        3998.27049432022        5419.11308426199     
   5384.49035051720        6813.14524961164        9707.25914059443     
   7398.02848581754        8724.10032544299        17332.2927004813     
   8365.87551322494        8066.40366237259        2350.65111207010     
   8392.11946085469        13487.7319252038        5653.64300156276     
   4402.89568817230        3487.92548050603        4710.71250561955     
   2746.44095628524        6813.99073761517        3954.45730597700     
   3122.65775321853        1901.64625291242        13714.7877285534     
   6184.69401658354        5971.45348721180        13849.7022492776     
   7369.98364874026        2772.73563319520        1364.18643882484     
   12905.2414200479        945.881249075545        4416.11066566757     
   3965.87984890476        3611.91629622454        3366.76704959936     
   10114.1756069361        6515.85475780841        7375.89360988497     
   3585.40179243366        4612.55134840906        8243.11065511156     
   7531.85232701717        7583.75683555423        8021.51670426488     
   15363.4386061678        10933.8677714839        13269.9342154930     
   3231.26914215272        6068.27031849667        2949.35807713381     
   1489.87668543046        7789.37106313408        7401.86700135359     
   10018.0520758141        10578.7374453588        2798.44692338272     
   6042.69430638972        5650.47242154950        1380.09852305138     
   1975.04306649936        11085.7343266790        8138.81970987543     
   9011.38869416439        13334.8592392845        10824.5208079867     
   4695.53599595609        13300.6846141816        13571.0378581922     
   6121.44305903903        8211.84450874081        7635.15405128917     
   3199.96917626183        2193.10287749126        5536.59364235327     
   18990.1932168544        6408.08885687775        7475.56819062180     
   7224.45825357169        10848.4650282468        5261.04910200098     
   4807.61388570478        17252.6139110281        4378.23280310917     
   6293.20394695731        3929.41395131227        7175.61441160743     
   7203.80298164531        7206.67764085734        1022.39791339553     
   4832.32750004813        4850.18420668280        7248.42783847193     
   7000.35320335452        9111.17318834168        8949.90480654727     
   9794.09075855754        801.167522390373        13704.0415760284     
   1242.90118471764        4538.17376873802        3251.56085423758     
   3214.85822000410        11584.3946962843        6471.35672418232     
   6227.67862668330        3517.22163982854        7927.17715283037     
   3310.80419864533        455.354474064230        1532.92893457050     
   3145.35910611346        5950.17255416280        1497.11406274073     
   11979.8294355380        4400.90879136400        3331.31573761110     
   11715.8258064340        7596.63361784808        4323.23380847917     
   4728.21410729274        3273.49281304930        7506.04803314926     
   22041.4325984142        5655.66371789121        7545.12648867268     
   12166.8682916802        8430.86817605673        4979.07039794179     
   3643.85883299812        6877.11487195915        3881.29722903105     
   4418.63021991811        17114.0553370086        4047.04669724419     
   3831.69244786361        6104.71085144906        7940.07929976432     
   1920.22162435010        11831.6576629184        8831.47730189203     
   3337.55543907720        5897.60856498299        5929.32281999561     
   14669.2084064646        2803.36766356330        1950.29563263587     
   3784.85241246773        4989.14861494393        1821.61235849773     
   4257.09973684261        3864.02390911882        4727.67299497048     
   2083.85737255441        3194.98079704097        2136.58200445489     
   3600.95031681868        1576.47156675259        5859.49396578360     
   7155.00141408123        6096.17142261335        4961.58570602867     
   9595.95909980898        5231.85440123890        4929.98981933654     
   3691.01169895530        7045.75590914438        6802.31454828635     
   7898.69266199125        5708.51517299223        13019.6105822862     
   3658.52804985946        7960.89521441137        7165.33327748444     
   7674.41005929333        3653.28602423754        4507.82074941109     
   6345.45510557582        11859.8462329562        4389.41015451591     
   10119.6205496789        3717.47547346597        2763.04634067468     
   3619.74551513728        2847.93333622967        7876.20268109720     
   1739.21109767314        3052.46533916499        4888.05361436117     
   9177.51863197912        8547.76534742558        9099.86055885437     
   10660.2593986597        6065.17583240373        2520.03617869845     
   4514.61847295951        4575.48515433405        6284.01349235888     
   2627.10877946621        9395.89127353233        5486.07573414201     
   8268.68666721851        2728.83789605163        5428.70937310212     
   1999.55376372186        1162.60518902186        9164.70948872556     
   9841.00688787374        3423.15264455515        11555.2591796825     
   13961.1967523038        4279.12469933471        3657.16681417377     
   12296.7098843832        5731.69845404918        3412.50795059064     
   6340.34835803447        9484.98034446489        3120.23120264838     
   3218.80664898061        21173.2178773435        9195.80653749560     
   6207.37845971840        12123.4102082984        4541.59799515234     
   1315.99362262330        6451.31020361849        7374.72683644010     
   18993.7019920691        879.544260318133        7594.80736376044     
   7426.20860097538        7167.48081701342        11373.9442773243     
   14841.6203201456        2360.56868635157        3376.33797379938     
   4685.95661687603        7233.37815200899        7105.47272683411     
   881.370514405770        6088.44366226103        5573.64292666821     
   5605.56855368172        6714.42607031881        18402.1647652753     
   514.716186792472        5224.50711048817        9311.40165733900     
   391.976693319193        2149.34041842825        6561.33355751860     
   6809.39128287594        1375.42297439183        11202.2341186862     
   4266.77211960306        838.994655668561        8059.32692778300     
   6668.74435348777        3523.09778145311        5545.14998094906     
   6626.12330322954        5134.76701379289        3785.55416751067     
   6616.06199598746        2359.55410074733        2756.87427824887     
   750.497426338477        12379.4662501692        6038.44995661197     
   6826.39404662704        11246.8420657527        6207.26009139791     
   3694.93476329171        9583.91089575860        4942.27476002791     
   3968.45858731555        14443.2771021598        8844.09198290478     
   8671.64624970363        3746.65326446799        9758.26743184773     
   11807.6796231381        3231.68343127446        9215.83614829936     
   15455.7997156740        14334.7756266661        2386.88872790164     
   3090.81667500537        1543.86954933625        5026.29090293926     
   7608.20834861648        3596.08030591831        5503.22223085372     
   8501.45796947193        6148.65931787285        7929.25705331906     
   9981.74682094230        4506.83998332699        3542.88220073585     
   3474.16939068850        7857.49203157895        7647.50663102082     
   8209.15585688956        7574.15209183406        5868.12639829970     
   14792.8694818617        6583.95881649321        10730.9760152755     
   11372.3463049976        4111.02477447174        2063.46420190912     
   2009.63198072400        6011.50425393929        2315.82546120446     
   3269.99249271466        17650.4921106119        7706.96134742945     
   6639.90475768717        344.646274881263        3395.36990875897     
   8468.74603861513        4265.42779367743        2534.10509907728     
   15023.7384361072        9267.57155923571        11919.7913324069     
   13220.9212759281        6758.47599530302        8442.88256058698     
   6021.25273062005        1481.92909819722        1677.63420637564     
   3127.86595932031        5152.47153258693        3081.44866792620     
   647.905911989454        7547.85741492410        8500.81539858924     
   3287.31654190711        6495.27557980235        3781.01389693168     
   4678.26267604385        1109.08579839804        5084.31674462191     
   4134.58007025025        5116.47910827641        3809.59984633122     
   1390.14292053339        4126.10828045482        12144.2937619858     
   5298.52113031769        3971.61225756874        3371.40032385873     
   5823.64527443368        9040.66794372683        4762.10126647445     
   4761.26423335095     
 ------
  0.000000000000000E+000  0.000000000000000E+000  0.000000000000000E+000
  0.000000000000000E+000  0.000000000000000E+000
  0.000000000000000E+000  0.000000000000000E+000  0.000000000000000E+000
  0.000000000000000E+000  0.000000000000000E+000
