           3           8           8           8
   4.50000000000000        7.91500000000000       -5.20000000000000     
   805000000.000000        32703326.0000000     
       36464         896       31582
   7851432.44444378     
   10839918.4444444        9835269.77777766        8658467.77777774     
   9447546.66666664        9794958.88888877        8489955.33333341     
   8245859.55555554        7937910.00000005        8495116.22222222     
   8697435.11111120        8577358.66666657        8479693.99999994     
   8218872.44444449        8933095.33333328        7763791.99999995     
   7664316.66666671        8746139.77777778        8748687.77777780     
   8322365.33333337        8095065.55555564        7972902.88888897     
   8419328.66666653        8330893.55555562        8999080.66666673     
   8439446.88888879        8219264.22222218        9119278.22222213     
   8758507.77777774        9084854.66666666        8585119.55555560     
   8290854.66666659        8045942.22222214        8950300.00000003     
   9546066.66666662        10260438.0000001        11069604.8888888     
   11048958.2222223        10200370.8888889        9151704.44444443     
   9135288.22222213        8818001.77777776        8552076.00000012     
   8706058.44444446        8026970.66666671        9021587.11111104     
   9274539.77777780        8644401.11111120        8686429.55555553     
   7833583.11111109        8530223.11111112        8145987.99999999     
   7636800.66666666        6349997.11111117        8227995.11111104     
   9332702.44444450        9331378.88888892        9711421.33333337     
   10082886.4444445        9955100.66666659        10775619.3333334     
   10255628.2222223        10484742.8888888        11138838.6666670     
   10453115.3333331        8547013.99999983        8603581.55555570     
   8503193.11111118        8381385.55555558        9143069.55555558     
   8992316.66666645        8718220.66666663        8800295.99999985     
   9993645.77777763        9746299.55555537        8083075.11111089     
   8150535.77777741        7629747.11111088        8609792.66666670     
   8755636.44444456        8754122.44444440        8614539.99999984     
   8708298.44444461        8958780.22222214        8906316.44444458     
   9768857.33333331        8555207.77777771        8481132.44444446     
   10464891.9999999        10543025.1111112        10330913.3333333     
   8625817.33333335        7682708.88888874        7581814.88888901     
   8658071.77777771        8375187.33333331        8212143.77777747     
   8664938.66666649        9182411.77777744        8271208.44444466     
   8341736.88888888        9192455.11111069        8774995.99999968     
   8508464.00000017        8796136.88888915        9574650.22222240     
   9392722.22222249        8832593.77777791        9362581.55555572     
   9424134.66666690        8634032.22222199        8254748.66666643     
   8319864.88888866        9364984.22222240        9336521.33333338     
   8787698.66666694        7868629.33333327        8633052.22222245     
   8374759.55555544        9582618.22222192        8312416.00000014     
   8412326.00000016        9268080.66666661        9782895.33333299     
   9117912.22222210        8064937.99999996        9097630.44444462     
   8033174.22222182        8394021.33333307        9138286.44444452     
   7941652.66666620        8397839.55555573        8609214.44444417     
   7933776.44444437        8459701.11111070        9349733.55555571     
   8798638.00000021        8712370.22222243        8784587.33333364     
   8677867.55555540        8795661.77777777        9697732.44444428     
   9160324.22222255        9375541.11111064        9458164.22222230     
   8343479.77777787        8017152.88888839        8702476.22222289     
   8827925.11111155        7779493.11111122        7216015.11111034     
   7959291.55555524        8531329.77777764        9131725.11111136     
   9759297.77777800        8789846.44444469        8786980.22222234     
   8610172.22222272        8782511.77777740        9377938.00000096     
   9975797.11111144        9704497.77777769        10650845.7777779     
   9029424.22222226        9293102.88888955        8893959.33333267     
   8427305.33333312        8077162.88888926        8601156.22222211     
   8655789.55555542        7876231.55555561        7733812.88888880     
   8543056.88888887        9284201.77777761        9810336.88888920     
   9478283.55555612        8960562.22222281        8974403.33333286     
   8648559.11111104        8851474.88888831        9283253.77777728     
   8104363.11111116        8325324.66666685        9029125.11111084     
   8639920.88888905        9482381.33333356        7946338.44444466     
   7044886.00000037        7920839.77777782        9221546.66666687     
   8875131.55555554        8147376.88888897        7447842.66666667     
   8088980.22222198        8713627.55555557        7917363.55555556     
   7623055.11111104        9096286.66666655        9516285.33333279     
   10110717.5555553        7728020.44444471        7934760.44444426     
   8388292.88888905        9418018.66666604        9668417.99999985     
   9243541.33333351        8487217.33333402        9006673.33333258     
   9104072.44444400        8315275.11111199        8801469.33333363     
   9575514.88888824        9895909.11111100        9160884.00000064     
   8717211.33333318        8897858.44444423        8758117.77777753     
   7968396.00000024        7759601.11111081        7849457.77777768     
   8170809.77777741        8328337.55555557        7904747.33333307     
   9272702.88888910        9135622.88888863        9226890.88888825     
   8985023.33333272        8961543.33333316        9016386.22222270     
   8522897.11111107        8258978.22222188        8271463.11111137     
   9107930.22222161        9405334.88888882        8727451.55555600     
   8496544.44444427        8306583.55555514        9269936.00000044     
   9366747.11111047        8864993.33333301        10132341.7777787     
   10089206.6666665        8867802.44444438        7992742.44444412     
   8762220.44444452        10345207.1111109        7902905.11111103     
   8053518.66666637        8076573.55555492        8125753.55555594     
   8580727.33333335        6972995.11111089        8265823.33333538     
   8861715.11111277        9362702.22222314        9183252.44444486     
   9685274.88888867        8935841.99999908        8298039.11111183     
   7972365.77777593        7895451.55555562        7597831.99999930     
   9267688.00000135        9586266.66666672        8998534.88888862     
   9018892.00000105        9672424.66666582        9078438.66666751     
   9246734.88888909        9944604.22222274        9136698.44444396     
   9036931.55555558        10194043.7777781        9277868.66666650     
   8507478.22222154        8445344.00000015        7981354.00000049     
   8662974.44444310        8246523.99999900        8945979.99999878     
   9207182.44444423        9102895.33333378        8614621.33333338     
   8537963.33333454        9646319.55555554        10548768.4444424     
   10486025.9999996        9357289.99999894        9295312.22222139     
   9632113.11111244        9556339.99999971        9188213.11111071     
   9129630.88888915        9096463.99999950        8712502.44444380     
   8913470.44444253        9348378.44444349        7705742.44444457     
   7554218.88888826        8677128.66666645        9048091.55555588     
   8883117.99999966        8172896.44444425        8251087.99999959     
   9349606.88888863        9864233.55555558        8857335.55555579     
   8010399.77777873        8402468.44444274        9392912.22222166     
   9469852.88888827        10292100.6666665        10134786.6666659     
   10214141.9999990        10212632.4444432        9505713.33333401     
   9948214.66666767        10281768.4444424        10140442.8888896     
   9338167.77777895        8224619.11111112        7595399.99999946     
   8304253.33333351        7636738.88888863        6957196.00000010     
   6370860.88888740        7684795.33333323        8074676.22222165     
   8223851.77777694        8360460.22222314        9278186.66666605     
   9322055.55555559        8716249.33333363        8560489.77777930     
   8195716.22222074        8440212.00000118        8323614.66666631     
   8898878.22222146        8134360.00000028        8077040.88888899     
   7423796.22222114        7224967.11111092        7645102.66666693     
   7808978.66666779        8245908.22222181        8382352.44444403     
   8409853.11111066        8238687.11111065        8555780.22222010     
   9329486.66666722        9537070.44444410        8585896.00000004     
   8668972.88888935        8783513.77777743        9613072.88888870     
   10483609.1111105        9613436.22222211        10198867.3333316     
   9886895.33333320        9433955.33333397        9771296.88889005     
   8204402.44444535        9102138.88888836        8570259.55555593     
   9032532.22222156        8657747.77777680        8594117.33333374     
   7110466.66666572        8142877.55555665        8058773.33333125     
   8466681.11111067        8158438.22222275        8577177.11111130     
   9354820.88888951        8948979.55555556        8827005.77777765     
   9715990.88888825        9781076.44444467        9463423.11111202     
   9590570.22222294        9129984.00000062        8301781.55555548     
   8143280.88888984        7907234.22222290        8168234.66666504     
   8382582.44444474        8492453.33333448        8832112.44444294     
   8653956.00000067        8464828.22222337        8437442.44444409     
   8081862.22222225        8099192.66666710        8439783.77777690     
   8245736.88888920        8493172.88888916        8332279.33333311     
   9333448.44444339        8975554.22222236        8849044.66666722     
   8584848.44444283        8766951.11111243        8205788.44444456     
   8420662.22222236        8618771.77777791        9136771.11111028     
   9527234.44444503        9773485.55555643        9707295.33333321     
   8840642.88888899        9280107.77778006        8958648.22222183     
   8194079.77777664        9041583.11111158        8951009.33333348     
   8886789.33333497        9237788.00000109        9463934.66666638     
   9498551.33333494        9936447.33333192        10084762.6666661     
   9775947.33333364        10207579.3333332        9178742.88888959     
   8619776.66666567        9042754.00000033        8985113.11111259     
   8369739.11111122        8988863.77777610        9481308.66666660     
   9050333.77777728        7883515.33333395        8207639.55555504     
   8875746.66666569        8147775.55555511        7694629.11111037     
   7496784.66666639        8130388.44444484        8932843.33333390     
   9230365.33333269        8282545.33333351        9252311.11111241     
   9544607.55555643        8955726.66666714        9152307.55555486     
   9279644.22222292        8688069.55555509        8786591.77777765     
   9013650.88888858        9658394.66666704        10598300.6666663     
   8843219.55555449        7908553.11111201        8011088.22222273     
   9364849.33333267        8307722.66666622        8190444.88888790     
   8607794.66666697        8080978.66666631        8743714.00000026     
   9828642.88888878        9405481.33333291        9414028.66666763     
   10297718.4444442        9754641.55555588        9030285.11111121     
   9597802.66666701        8710560.22222254        7968071.55555611     
   8278682.88888977        8631153.77777752        8637918.22222274     
   8549327.55555638        8091997.77777745        8828059.55555532     
   8490706.00000089        7119535.55555526        8162690.44444496     
   8195367.11111218        9586813.11111072        9690950.88888780     
   8224804.66666743        9683705.77777772        8150719.55555576     
   8558810.00000029        8973957.33333309        8532810.88888929     
   8586200.22222265        8019965.33333313        8442131.11111113     
   10236583.9999993        9706368.88888808        9905774.88888841     
   9190149.33333304        9424143.11111087        10036062.2222232     
   9987322.66666558        9007119.55555548        8464597.55555557     
   8315578.44444292        8156589.55555547        8856480.00000007     
   9701428.44444571        9200019.33333240        8846539.33333310     
   9095779.11111171        9110478.22222339        9195161.33333022     
   9711428.44444232        9576772.22222332        9969628.00000006     
   8999285.77777687        8650488.44444398        7849362.88888827     
   8979487.55555569        10232849.7777771        10615577.1111103     
   9075639.11110910        8825830.44444566        9214873.77777479     
   9570202.22222347        9232303.77777911        9118126.22222560     
   9158520.66666880        8655179.11111056        8410398.66666509     
   9887088.88888787        9170239.33333641        8935647.55555740     
   8387004.22222195        9341190.88888624        9924044.22222448     
   9091662.44444513        9203915.33333374        8944727.55555286     
   9465980.22222277        9188507.99999889        8511464.88888923     
   7679725.55555559        8084994.66666758        8840796.44444369     
   8645646.44444351        8625448.66666542        9086000.44444202     
   9481674.88888935        8838676.00000101        8926273.99999839     
   9557420.22222417        9399927.99999909        8610961.11111166     
   8794598.00000089        8244015.11111424        9480538.88888918     
   8668885.11110838        8344565.33333360        8345576.44444450     
   8968155.77777394        9264781.55555455        8740913.11110974     
   8806959.11111139        8691836.88888944        9481392.44444211     
   9304924.66666370        9377450.00000231        8870885.33333229     
   7875234.88888876        9396881.33333256        9798510.00000036     
   9364492.66666719        9310545.77777800        8607588.22222034     
   9043366.88889195        9687695.99999906        9162020.66666621     
   9100077.11110775        9308276.22222354        8131231.77777780     
   7725467.33333350        7631085.11111150        9521464.66666337     
   9013552.44444568        10036137.3333344        9439211.55555365     
   8499145.11111310        8935677.99999853        8024211.77777645     
   9213218.44444406        8866587.33333374        8202570.00000006     
   9450064.66666713        9739581.55555510        9763938.88888993     
   9684316.88888755        9810999.77777841        9384991.11110916     
   9392977.11111004        9440043.11111563        9041560.88889050     
   8467972.66666729        7402634.22222300        7291520.88888919     
   8534652.44444474        7814382.22222170        8643419.55555545     
   8714454.66666555        8969716.00000257        8037172.44444605     
   8575123.99999932        8871495.33333344        8323001.33333182     
   8594285.77777834        9054166.88888918        8752074.44444462     
   9139548.44444519        8480837.11110914        8186649.77777907     
   7605680.66666840        7842506.44444770        7947204.66666805     
   9192763.55555501        9038196.88888798        8441717.55555466     
   8235260.44444542        8076868.66666839        9214801.11110867     
   10227657.7777800        9293268.88888715        8291697.33333447     
   9597224.88888560        9343111.11110706        7512091.11111176     
   8573875.11110951        8547158.66666614        8614953.99999749     
   8565085.11111025        8141744.88888826        8673380.22222123     
   8775723.99999630        9370173.55555673        8676407.33333188     
   8120295.55555402        8916219.77777491        9025913.33333446     
   9008345.11111151        9161504.88888670        9144513.11111180     
   8314568.22222182        9076080.22222202        8492802.44444565     
   10070454.2222238        9356747.55555589        8357032.88888959     
   8004120.44444348        8680994.88889068        9005700.44444554     
   9244562.44444401        9620111.55555961        8859794.66666438     
   9119530.44444611        9080114.66666729        9393869.77777714     
   8289012.22222253        8108638.22222509        7390713.11111211     
   6342842.44444601        7997887.11111087        8246891.11110955     
   8412735.11111127        9508824.44444574        8945995.33333335     
   8940485.77777839        7941755.11111202        9454081.55555344     
   8363008.66666506        7987437.33333267        8334114.44444347     
   8716636.66666539        9313498.66666657        8969702.44444296     
   9541706.88888903        9899653.55555753        10108648.4444428     
   8930445.11111140        9521935.77777554        7941731.33333226     
   8270717.33333117        8828037.11111130        9372343.33333046     
   8871557.33333423        8440376.22222107        9383133.11111305     
   8922098.88888991        9433996.66666646        9368492.44444482     
   9168356.00000275        9010673.33333197        9797624.22222340     
   10619929.7777759        10073314.6666657        9285217.11110924     
   9046476.00000015        7615000.44444518        6571870.88888869     
   6840338.00000015        8227204.00000088        8797229.33333270     
   7894895.11111411        8819236.88888896        9340436.00000281     
   8670366.44444525        8743951.33333386        9306553.33332800     
   9403191.11110907        9116930.66666454        8731488.44444386     
   9720676.22222505        8412481.55555638        8823864.44444555     
   8529989.11110863        8823333.99999744        9089523.11111340     
   8991757.11111036        8866730.88889110        9162271.55555648     
   9400548.88889242        9931982.44444065        8885686.22222111     
   7709428.22222380        8032467.77777757        7619736.22222186     
   8870552.44444643        9898542.44444688        9287945.77777771     
   7806630.66666580        7576135.11111005        8287243.99999984     
   8400615.33333231        8341133.33333410        9091627.99999971     
   9269446.00000030        9213823.99999856        9024334.44444150     
   8436648.22222012        9257932.00000063        9137663.33333144     
   8682537.11110980        9654482.00000216        9905151.33333252     
   9014119.11111016        8202953.55555433        10556170.2222211     
   8391344.66666549        8593446.66666748        8455289.77777735     
   8829582.88889035        9342880.22222227        9302423.77777694     
   8969554.66666440        9064652.88888754        8780064.22222088     
   8377495.33333316        8222010.88888658        8563329.77777719     
   8242877.11110862        9664509.99999713        10518731.3333303     
   8984705.55555771        9195375.55555657        9158438.88888663     
   8752436.66666674        9110152.66666820        9366592.00000163     
   8600436.88888841        8175753.99999842        8707443.99999816     
   8289865.55555727        8659358.22221956        8870225.55555603     
   8886427.11110993        8171278.66666619        8225335.99999742     
   8447706.44444582        8917330.44444829        8750655.11111083     
   9435864.44444647        8873101.33333285        9348571.77777781     
   9923780.88888861        8970143.77777276        8892880.00000178     
   8113025.33333414        7825506.88888907        8840818.22222489     
   8370015.77777636        8399011.77777820        9084230.66666671     
   8667816.22222295        9999647.77778021        9936842.22222485     
   8989869.11111152        9315160.88888554        8920541.99999906     
   8847365.11111368        8534877.99999706        8761369.55555488     
   8333676.22222208        8641366.00000001        8967108.66666472     
   9774740.44444430        10618132.2222246        9883876.22222725     
   9599709.11111535        8780911.11111281        8337556.88888829     
   9108136.22222261        9204052.88888707        8752033.77777620     
   8272934.22222081        8086025.55555433        7880071.77777836     
   7732892.44444628        8703630.00000014        8858650.22222433     
   9584879.55555491        8297132.66666459        8302020.66666591     
   8597899.33333394        8817445.99999880        9162807.77777851     
   8522583.33333354        8719134.44444615        9327980.22221984     
   9355357.55555518        9349736.44444253        8617593.33333186     
   7632931.99999970        8782229.11111148        8369798.00000074     
   8237687.11111084        8443826.22222403        7780713.77777761     
   8185332.66666645        8273081.77777823        8633497.77777778     
   8027288.44444416        7927599.11111379        7529957.55555682     
   7897099.55555497        8238261.77777740        8824689.33333063     
   9083484.44444426        8633028.00000109        8926667.33333009     
   8316876.44444309        7815026.66666950        8046967.99999934     
   8574936.88888644        9087377.11111342        7960577.99999945     
   8578697.33333466        8795037.77777889        9703422.44444577     
   9808023.33333674        9991536.22222329        9485564.88889210     
   9709673.11110903        9239162.66666912        8017935.11111092     
   7876777.55555371        9110745.55555624        9461723.99999772     
   8644714.22222328        8298978.88888877        9293829.11111155     
   10566053.1111134        9298371.33333276        8821751.55555592     
   9966325.99999685        9221889.77777800        7737716.88888989     
   8032018.22222057        8311048.22222280        8247532.88888874     
   7254195.99999839        9045966.44444267        10260377.5555581     
   10011643.3333325        8975968.22221981        8907509.11111390     
   9188883.55555283        8263734.44444449        8768248.66666821     
   9413382.88888758        8950501.99999897        7705568.66666718     
   8437405.77777807        7898411.11111077     
   4261175.99659020     
   5391055.00126084        5400936.27111663        5061101.79009992     
   5009968.85664728        5176409.14065862        4594748.04841989     
   5198779.32210155        5002701.14395643        5093127.39955593     
   5371421.10345130        5143501.93030149        4862076.42426518     
   4666420.58376768        4963109.38613848        4723283.58041516     
   4846226.66059794        4919850.18254652        4929106.65507966     
   5003224.82177755        4936502.50040457        5194271.80881012     
   5119946.87526942        5095444.46785400        5225804.37607499     
   5104382.15136096        4618348.26855978        5044411.32822414     
   4881074.36386507        4900313.66237764        5061644.74032217     
   5065771.79251945        5032006.53083655        4851568.82236505     
   5270030.61618600        5186821.13254479        5585629.27137326     
   5553743.61120978        5055531.32101893        4843943.72101020     
   5347837.83374731        5319783.85303068        4906004.18518028     
   5001428.42381185        4979333.89413082        4941724.94968737     
   5107248.20696679        5376647.59177358        5162285.53547346     
   5035877.30102927        5173984.12345232        4805339.38493701     
   4555394.78938279        4158596.09104151        4925171.34146371     
   5100697.59807007        4978165.35547767        5148555.16443604     
   5233197.10551816        5399117.15291120        5163162.06505187     
   5519274.22374011        5430286.21702240        5278379.22743529     
   5567803.26952543        4991914.62183773        4949913.65868994     
   4872219.77492192        4866117.61459798        5083212.06542566     
   5274479.69943389        4914463.52283255        4959941.45122426     
   5387955.66570821        5307352.10421578        4739961.99934271     
   4997585.85703036        4724769.95980460        5254529.93449585     
   4889758.76991129        5095355.30256475        4990422.65942664     
   5279142.74618115        5137712.04922624        4888447.47129376     
   5022770.56434902        4834058.74365436        5068998.05571367     
   5501926.34215563        5227817.52032193        5742096.13081812     
   4839153.45950715        4911308.34031690        4451201.66277730     
   4962815.87105661        5219109.50574863        4997564.86199703     
   5229652.69784018        5505208.18954986        4802407.70112349     
   5130610.65037993        5339204.40657565        4926786.97849317     
   4956254.50684112        4789695.88224595        4990178.61280820     
   5047606.32459021        4921209.96055062        5287087.71121880     
   5418230.32562318        4911469.73735747        4821650.00029697     
   4366991.04927248        4842072.07789109        5225631.62205738     
   5069334.98533125        4883748.90131420        4881879.32055530     
   4872391.28270534        5491864.45775611        5208579.64874446     
   5075750.95394869        4837050.44582399        5012206.64870058     
   5129182.53770845        4758048.61063088        4988189.25376010     
   4961783.03924492        4798187.31878141        5100944.28520282     
   4773015.30522386        4878040.27715406        4913754.05024493     
   4784370.96782368        4537950.97246424        5256422.89487372     
   4915086.14903659        5038733.26519036        4989217.26367777     
   5274432.39521912        4746885.63064510        5325846.15664829     
   4705582.34509075        5232455.39421204        4784435.65776367     
   4852326.00803632        4739834.21738545        4924633.07984444     
   4940511.08149924        4854627.46978609        4685462.39115773     
   4978532.63658039        5119712.44723442        5038054.41196536     
   5401030.97613532        5194631.71314309        5058898.35235377     
   5107238.47625461        5124339.28783968        5004530.35053356     
   5111561.64277375        5324056.91657537        5378982.86833570     
   5073825.41811164        5662698.95625939        5480649.13070811     
   5005422.65033225        5098729.32367965        5065556.17658180     
   5048639.99066433        4759519.32425561        4385996.11578397     
   4563341.78462355        5087865.19144017        5478975.80350553     
   4840123.16170475        4732297.02128607        4872513.46106546     
   5202939.94245686        4948180.97104334        5140125.15812409     
   4727640.94124958        4849527.02121566        5218165.67249330     
   4946513.33468837        4959236.68986956        4791043.32229615     
   4528451.08999639        4839640.71850402        5322693.12307910     
   5591583.00433075        5165197.23718093        4828044.44857492     
   5214406.83464031        5310421.13283698        4900540.28132313     
   5011364.96910541        5041786.25743011        5147747.63114543     
   5433456.21424851        4709390.26962193        4926745.47433260     
   5353041.92627118        5200660.92842911        5052860.38781331     
   5435741.13882426        4871248.28183248        4997919.11797554     
   5040484.65087232        4810294.88143174        4827171.81978210     
   5188912.53836646        5308307.80317007        5155340.65947534     
   5292891.60162725        5200228.93763070        5221857.95020010     
   4750835.13702576        5044735.73541228        4612437.17804052     
   5213749.75105501        4923716.69887894        4715651.49665340     
   5425094.48053113        5450914.03510953        5172966.46169339     
   5195746.79660270        5251164.99315510        5165022.77687269     
   5006072.24491321        5183175.12180225        4750047.92701301     
   5139054.99023957        5003961.08349296        4816058.82054743     
   4906566.60432238        4678520.43651850        5078396.56642667     
   5246398.78344044        5020523.47735189        5238568.84088419     
   5369120.15648503        4978874.45064580        5152694.47141519     
   5228724.62109094        5233458.67038452        4973626.32739891     
   4840346.05096347        4821666.08346495        4829783.52434956     
   5129180.27423594        4544769.79262589        5288350.43064361     
   5024892.13746867        5161458.78430566        5398504.84502240     
   4945114.28674038        5266720.35054779        4996424.46927978     
   4993554.90376331        4952774.80636216        4900028.44970172     
   5180700.36373337        5288212.54113164        5061249.40622010     
   5378065.20786351        5181445.10315550        5342828.28246010     
   4956469.53800788        4994442.70606147        4918267.02039399     
   4912477.48173008        5254706.69089931        5055342.57046215     
   4761189.02436581        5188315.89633515        5071119.44570652     
   5057925.87626184        4859420.66450827        5108207.45810986     
   5149994.40559192        5182282.87881300        5175932.30287938     
   4997510.97977016        5333027.11497468        5571690.94045444     
   5268517.94798938        5041161.71743578        5069690.71765990     
   5235411.56615223        5191137.09853883        5056621.23473842     
   5154288.65968900        4931883.35274565        5249428.51232280     
   5347363.38362579        5295039.15764381        4542935.08392514     
   4642451.07433769        4885766.28656629        5367569.23096682     
   5098704.81130244        5130817.06529737        4599417.10575556     
   5328227.40458402        5319656.69662333        5026604.28484100     
   5033772.69701624        4987901.58435223        5249161.82109424     
   5217989.38206512        5472496.33433527        5200907.39125518     
   5162276.70959317        5143121.61545645        5548951.92888451     
   5301215.14297548        5365759.99949582        5743010.25317125     
   5499186.72191554        5157703.21042928        4832948.09354126     
   4715359.95162786        4855460.65860298        4673230.44677840     
   4756317.37975348        4696210.78534704        5229831.93167998     
   5019105.36979093        4678509.08558625        4892269.25272969     
   5549990.06663181        4890283.02272212        4820236.23461074     
   5132090.37344424        5003628.05891327        4853874.36138931     
   5061691.22813024        5030822.73938667        4799094.56618520     
   4743713.47911961        4546265.24825836        4724620.53284508     
   4740650.75435513        4776051.36883478        4615370.62346532     
   4550683.52380217        4733721.57623104        5016512.22647849     
   5158617.32216418        5278432.94286494        4927072.34953966     
   5011663.90730704        5237464.75335944        5345730.02136777     
   5385095.22440084        5143951.82182606        5516059.55516833     
   5340059.38972809        5034524.00265512        5059718.98699712     
   4817656.14846684        5218256.03770337        5108452.80183052     
   5247519.42074993        4595447.15541185        4851196.00934541     
   4632783.51166701        5019758.39098991        4895667.20692760     
   5138092.35571332        5048551.36724543        5305127.00742376     
   5318447.81946043        5107893.97358089        4812483.13413841     
   5183964.17647455        5232965.31936563        5073946.87896324     
   4977181.74869289        4875476.88568045        4891042.86257634     
   4955190.47683424        4791185.58216511        4959235.45478586     
   5290626.22082912        5043777.61242378        5344246.77979312     
   4811320.84757632        4840794.17536381        4876340.07986358     
   5016772.22282875        4866055.08527867        4919591.18088984     
   4987933.46407441        5179966.27688584        4786893.59007848     
   5313434.55331450        5195738.49338130        5208594.03224980     
   5253431.04946433        5166519.01106279        4776545.55229523     
   4806380.95415574        4901875.47030120        4845471.30330932     
   5173946.12717159        4901514.49952788        5279441.57379159     
   5040641.95707117        5118870.91977364        4941327.86800051     
   5207006.96053895        4961710.37536434        5160331.21382863     
   5260648.25881469        5535493.83945828        5254131.04314237     
   5352846.99761898        5510440.27683350        5301082.26270844     
   5132567.97880858        5407164.66722118        5241371.38671973     
   4918693.69948410        5039222.66441101        4950889.89228641     
   5061863.74225362        5083762.44493131        5165762.53469863     
   5049201.95178969        5090290.41871986        5043052.59133064     
   5198023.74070426        5006857.48341767        4942908.92120128     
   4801815.64511107        4809150.92700334        5204058.79301669     
   5179757.58195944        4816727.32377277        5112485.45924988     
   5171478.21846901        4960448.64953879        5142824.52445390     
   4708130.38659248        4762824.87925241        4808969.34458053     
   4930673.87312559        5228921.98517388        5191072.66649796     
   4748296.76243038        4751302.58278682        4841856.14104052     
   5714288.90090216        5092179.72344461        4780689.25793833     
   4621501.94629658        4767031.81270997        5062829.99144980     
   4910094.91104120        5140349.77173537        5365523.34755701     
   5605661.37096925        5189410.82874652        5051607.80125107     
   5020937.37911866        5003512.59801220        5008425.19537121     
   5006219.83512786        5118148.56959401        5117040.74751253     
   5039010.35001215        4829044.53161340        4605708.85232675     
   5485275.17872769        4468986.78380272        4830654.99829682     
   4990233.37577581        5154434.63631935        5333886.50669514     
   5156203.31611562        5134599.08832656        4655163.00590909     
   5173613.80890097        5075168.35160094        5194658.01498837     
   5104357.66264090        5018477.67079766        4944077.48133447     
   5349663.92204521        5501289.51740323        5022159.54057738     
   5116786.80034065        5041507.90924235        5395274.90790949     
   5219764.13555947        4797403.60908815        4916089.35519177     
   4662965.77961613        4861364.46657911        4841226.05235467     
   4971746.64360202        5019018.12632259        5302696.67895249     
   5138052.33558050        5111063.03602380        5205447.23309246     
   5033975.33979839        5322508.48580254        5513651.48381403     
   5018622.20297080        4666435.27624492        4750611.55452717     
   4881332.65361533        5480268.69117840        5529486.00368385     
   4912795.70158121        4935733.17404489        5075259.10389658     
   5024460.88556425        5230208.51632822        5148739.69733656     
   4910422.58101261        4965531.56946377        5286641.24830152     
   5281784.56487891        4943619.36537575        5022439.72646408     
   5200754.93460124        5096765.25451559        4802704.46971881     
   4749395.94435711        4915178.39810273        4887052.21307801     
   5005568.94522081        4880146.15176829        4750747.78502437     
   4962959.88597080        4581693.04269165        5279645.15972910     
   5156000.62119571        4974766.33809128        4943002.68613653     
   4829703.84634648        5029988.99175611        4760764.39313878     
   5296819.12002979        5280758.17037970        5016502.35246680     
   4668495.44918864        4704660.27515109        5170622.49072001     
   4768382.50129239        5112067.50802494        4868776.03746133     
   5084089.69841858        4925355.03968601        4869421.49983782     
   4951495.32960923        4676022.50908714        4891878.31138443     
   4914552.83966507        5051420.47108116        5047984.49855006     
   4706408.09310244        4897197.44938530        5279701.13522509     
   5324094.69560926        5198930.73108932        4634985.80298470     
   4774344.81407429        5423715.38399753        5276011.43313276     
   5497015.86469357        5308546.42466350        4870753.97698640     
   4648090.61627218        4747738.56869453        5351608.61351106     
   5354974.56326873        5647121.19866528        5005142.14111687     
   5169700.72837632        5104811.54774632        4985744.07210001     
   5063384.40633746        4918847.63599839        5046130.99398451     
   5537501.51888408        5586130.10302127        5569732.46474320     
   5645378.37373429        5318012.49332212        4973309.94289763     
   4388984.01325336        4936831.09585877        4950203.54834076     
   5085083.83767866        4821233.74776472        4562716.83392853     
   5199527.37730125        5198200.76731877        5073979.90304487     
   4908234.84791586        4714791.63427764        4983624.14114312     
   5138986.32321648        4753147.59585128        4779942.99896964     
   5006912.54580054        5268986.89765613        5055376.53524951     
   4976443.15818318        5079259.03013947        5084562.74337385     
   4244997.70348837        4740714.26882325        4839917.71051426     
   5154490.80945364        5117386.27871378        4792634.99669245     
   5084827.99004841        4604718.08835135        4977612.93266016     
   5402847.46476059        5442280.67497669        4838101.07749428     
   5318893.53487869        5104843.44472757        4604613.36601540     
   5225009.08282105        5052392.48534440        5222037.66322595     
   4699090.49561711        4888386.51115336        5291853.04280878     
   4803717.88557184        5074025.49732556        5083929.84364203     
   5106564.10372240        4978012.86502156        5258286.54831962     
   4997125.62380071        5389442.67624249        4657398.87052401     
   4810593.30236630        4967642.67228270        4789334.06138595     
   4833742.41069980        4853528.89624748        5052601.99366754     
   5034328.61682077        4885997.76734310        4504011.06259778     
   5016727.11857118        5222529.42197526        4976010.49225309     
   5179936.47259410        5355595.68143804        5307385.62630896     
   4913794.74393715        4953706.55761240        5030291.04475452     
   4273688.27746483        4793289.21353302        4796533.73963143     
   4862060.37988267        5278394.50642517        4974296.77426436     
   5037696.57989402        5148785.40862494        5143698.20227790     
   4793405.21972075        4914556.79307021        4946558.87846191     
   4996100.77847756        4829774.68252560        4995629.33865578     
   4859500.87437162        5283471.81377826        5389731.30622604     
   5010727.20658350        4734326.44925122        4310875.87437630     
   4600596.40447848        4972136.52414316        4873520.03913404     
   4751642.72758155        4679126.11392442        5001188.10622143     
   5185052.82498874        5083392.11293927        5147483.47609702     
   5177957.95764426        4946429.67536683        4931954.89001957     
   5338028.17751172        4951328.14947444        4862197.25091862     
   4928101.81187912        4814849.00037004        4672688.43107085     
   4895144.74742232        5187135.25129005        5108963.17874616     
   5029930.29124624        5173550.89618586        5272206.95373758     
   5147868.67240357        4931755.78561956        5299662.86472296     
   5020980.72749510        5559802.76007457        4966583.40665649     
   5416155.19051523        4837680.16389471        5139440.42953765     
   4960694.78118836        5088095.97829495        5556839.60921811     
   4918739.82659199        4805188.56012358        4915752.29938174     
   5023624.70971998        5168304.43780576        4969249.69277104     
   4770661.53098517        4985821.84335229        4772948.95541168     
   5073861.63673876        5109108.74366465        5165930.04992966     
   4684920.02204380        4865900.30349098        4920273.87495622     
   4934960.93844267        5108787.85451597        4989903.41650349     
   5035139.89518547        5169815.38364629        5287213.72287814     
   4876174.52111538        5113925.38881962        5137043.05017612     
   4615143.69492925        4771466.51471450        5344542.40307334     
   4971251.30609865        5082665.68593915        5701379.23915043     
   4633057.50869109        4823346.06279079        4802350.17330132     
   4816220.21929282        5197445.54246022        5272048.00637102     
   4917638.14766421        5328677.93154246        5149784.02593987     
   5134337.01959815        4931085.57754758        5269884.62823252     
   4933337.90293538        5268646.42209074        5463644.86369489     
   5017193.72548133        5013618.02476042        4979725.04009361     
   4886496.40075122        4916109.49149756        5418950.52076184     
   4775004.13244561        4551548.46025547        4929916.41217558     
   4980862.78197284        5017208.73486335        5050368.92912492     
   5225494.88898349        5182292.13022796        5127481.58609002     
   4674259.46327025        4957092.29990749        5089178.30204912     
   5269408.99550166        5321738.09176814        5131288.40113292     
   5343959.16636014        5326363.67244831        5399732.46277476     
   4702629.09946515        4877521.70529474        5178184.58291218     
   4907010.66663593        4950485.49493542        5219104.08490885     
   5191483.02871525        5380287.37955798        5195031.73488847     
   5282138.07630441        5212368.84319156        5351657.03919798     
   5107202.11261235        4972258.76345986        4976398.96912399     
   5001775.30354804        5015969.25094779        5085449.52434976     
   5388231.63808795        5262851.51366043        5188265.46274123     
   4921062.01635319        4795205.13625255        4450026.94079261     
   5186567.60540956        5416313.67863092        5262039.17569180     
   4790286.84026810        4505630.43067636        4835337.61163894     
   4603880.58675298        5080403.22647612        4927460.33051863     
   4984844.11367107        5027200.07153612        5095531.85774326     
   4820809.64843121        5223485.82329527        5021022.25016357     
   4845332.77042714        5017747.24533678        4938241.96431100     
   5163068.86285485        5086736.20282913        4988528.94071734     
   5041424.09091929        5044422.72536928        4987085.49816707     
   4911053.96364902        4996755.62021132        4745723.44483361     
   4844473.89632517        4690363.08995397        5170188.33772051     
   5058937.68275661        4832700.87443061        4622678.40592151     
   4966496.37986529        5037486.51045831        5255590.31430831     
   4803673.35351720        5092954.25244621        5176446.42578195     
   4995152.22697257        5071176.88019479        5041210.99163375     
   5071631.76604655        4838647.70176504        4783944.16481859     
   5207678.85263481        5089054.62613188        5376490.97427024     
   5290203.22315464        5092593.84590702        5326415.44715681     
   4969120.27301773        5065730.18099499        4793132.94199436     
   4825441.19615792        5133784.21884905        5203209.80197800     
   5221093.38823088        4470679.06553386        5141999.59753053     
   5603190.07165805        5297655.46317374        5113109.97107539     
   5093425.28177495        4841782.60419234        4950386.27771845     
   4913826.35453828        4843249.01552827        4926363.08082802     
   4668454.80085469        5084748.29570613        5328048.62702879     
   5276024.91818815        5092221.92743898        4903954.12205764     
   4603068.86118480        4835000.99618183        5126482.42609589     
   5215175.57044090        5109950.05968534        4729529.71462432     
   5422990.74506059        4924633.71907333     
   5914.73727430005     
   8226.69851023696        7533.97846353910        6906.59595756115     
   7247.67790408448        7196.28596974777        6456.89785307505     
   6802.21358032783        6503.06953722210        6753.79870899859     
   6868.22092991537        6844.25408297432        6536.98330944647     
   6519.49903411250        6938.61754352481        6357.92921478850     
   6289.76236652633        7110.18232109527        6755.40093405172     
   6652.99759578347        6518.92352187021        6667.60713199509     
   6680.07384932893        6593.57147603759        6935.58791494667     
   6837.12447507552        6278.78893786840        7071.96775990167     
   6822.70241219505        6909.25919858555        6872.17566368954     
   6770.76574296249        6577.55598262861        6803.44988963931     
   7174.78413909842        7464.17980367207        7851.75697126082     
   8056.33582478563        7237.69392113509        7048.18926914534     
   7170.66261246810        6662.91864204609        6728.93546766776     
   6560.05565513598        6462.35401620105        6746.92947208749     
   6891.56443890593        7059.81170333912        7001.17740310647     
   6577.86351799521        6715.95524645595        6606.35393974417     
   6125.47747686645        5442.01126078222        6544.97246432827     
   7356.39205897904        6974.99237009600        7298.35873172997     
   7313.61149613892        7625.79116946440        7855.93773363427     
   7845.82580615403        7620.09756671025        8019.84810849574     
   7840.07030575834        6949.10575854088        6620.57549091237     
   6673.64287803551        6857.22707546509        7090.87397895371     
   6993.41453879744        6883.80301430786        7162.45651512615     
   7856.12524895173        7418.84627787689        6465.74250273372     
   6529.70511815470        6085.30917460100        6669.89481766558     
   6772.21744997707        6842.06416337513        6630.37899055816     
   7002.26363691393        7121.57185975666        6785.71890563285     
   7503.77297439505        6692.01710519912        6675.08172667337     
   7539.29399794785        7785.05185822225        7794.94536187217     
   6663.64157544995        6331.16942686869        6265.27740815692     
   6897.66901485067        6730.09850611292        6676.47992207454     
   7111.76607632869        7157.15909887049        6313.80355716289     
   6739.90081931816        7171.38860380744        6851.49653412959     
   6941.10563321555        6612.78174135583        7417.98896539756     
   7527.06856166687        6888.86989891935        7515.71183861021     
   7467.21027987367        6688.71002186469        6344.06598086078     
   6210.85321410162        6844.04546159396        6928.94013018195     
   6679.60705269907        6271.11562073173        6677.63762747564     
   6630.19481235577        7353.43852583248        6514.15802168804     
   6593.02708341562        6884.77560209081        7276.51857220242     
   6858.79047380886        6400.72042735868        6739.17640621108     
   6394.98000509005        6493.47848475117        7018.73729541832     
   6567.81089676791        6773.46381112609        6608.22624660024     
   6333.31393390303        6498.63340184702        6735.93324896623     
   6700.86986840926        6761.36224661951        6957.36557319594     
   6822.39865745490        6711.51684832806        7329.60794235132     
   7004.75837542939        7032.84107725305        7034.18801557898     
   6556.76000142372        6367.29010456051        6638.83884039842     
   6919.84357621704        6268.24348047921        5875.70793722449     
   6468.13587151998        6667.02055989842        7035.31639990665     
   7235.63788084552        6908.83491816351        6810.42245931181     
   6868.55967414719        6855.99160166812        6981.02306067269     
   7594.60828273183        7520.03801282895        7991.60218766820     
   6914.94603419730        7426.21114564101        6938.55483194594     
   6644.08882837322        6585.62876669821        6856.44595108621     
   6909.38621225556        6347.04482169002        6114.38650956577     
   6406.38996857797        7050.15765239049        7372.27090483636     
   6925.84113186551        6794.80316027309        6861.38590420865     
   6626.36788178261        6694.19202404309        7069.62546668212     
   6151.34667078628        6643.41173012834        6983.85111586542     
   6547.74823098558        7255.10899067010        6534.08412711772     
   5971.56188778602        6400.20053285083        7109.17415636070     
   7122.47803236990        6520.39717852663        6335.59222378313     
   6601.54291562927        6773.80500621370        6358.65264204016     
   6432.95166717033        6905.31271839285        7076.56123166572     
   7446.16067318351        6110.73379217142        6254.78340430619     
   6615.39822284675        7022.41771912861        7148.97638172845     
   7230.70851120437        6613.75905977427        6890.04067560350     
   7034.17310344250        6467.44235076303        6754.56647321714     
   7292.77127604514        7670.47161904881        7029.77054380013     
   7325.81315323382        7046.56401382625        7150.43630015724     
   6496.95501999752        6559.73139665122        6186.16011887556     
   6564.57093180217        6802.18733328650        6310.19009337713     
   7320.56346376129        7044.88685458751        7295.38827936598     
   7260.07522931258        7255.44806203786        7131.37388089741     
   6795.18632256489        6780.19466657534        6481.82544459683     
   7001.10813666962        6976.95246933694        6717.29728930347     
   6381.13069591663        6274.97498818193        7195.03093954206     
   7158.80916864804        6956.85046874493        7525.22432707469     
   7600.76641592922        7098.00970656604        6723.14184504548     
   6772.74616784882        7535.66383561913        6390.39209864461     
   6451.23536096555        6762.55658061320        6344.60380326627     
   6715.34225416948        5902.10682275803        6596.52354137236     
   6920.08168522037        7341.97443690994        7340.33016623047     
   7118.43766414904        6821.19056570327        6772.08551346940     
   6475.96575890879        6519.53700863129        6722.13176761496     
   7310.84279838152        7242.53785272528        7010.67286860273     
   6982.57519366447        7528.10980980340        7118.61917241239     
   7139.47812880022        7232.19316000043        6951.01032660560     
   6834.83118795515        7631.43900447138        6960.29946430024     
   6651.71546593980        6881.23643900914        6709.57497827186     
   6643.10578997070        6513.65412362175        6866.38836371166     
   7359.11807607074        7005.29824951026        6896.65437958060     
   6790.66877229803        7377.52742157865        7726.30472669209     
   7696.43128717780        7256.47429909801        7106.30875472484     
   7237.29068490361        7317.06129324590        7047.50205486007     
   6842.05301553582        6835.51655558330        6794.91404510708     
   6926.21701940885        7197.04109576841        6259.14774841931     
   6036.30115452359        6627.19405867641        7015.44908947370     
   6966.58066143927        6591.45536777336        6388.74614298568     
   7006.74160614025        7370.18059815700        6878.16932502182     
   6500.97663030345        6573.81266684223        7196.83398506110     
   7310.19048924170        7436.92527609561        7545.96523348677     
   7453.49446221221        7569.30613444228        7335.77023558483     
   7315.34274810190        7461.92164215652        8044.67100156216     
   7431.36666042319        6754.31703151143        6309.07786284125     
   6171.42380332263        6147.70646316564        5830.24849102744     
   5659.21033637637        6201.15143040565        6816.15978624678     
   6378.68144481003        6521.51872160982        7208.19707633815     
   7167.61563909550        6644.34206671031        6585.56814798152     
   6816.80158335060        6540.87114136168        6704.66855769433     
   7012.77085514070        6820.71630075088        6609.87730567486     
   6276.08444032046        5919.55948274274        6167.16081248916     
   6231.04484579111        6419.17667654062        6150.28551012955     
   6361.05655254623        6292.48244263795        6934.16122348766     
   6873.02912717351        7007.89089564189        6817.03444768416     
   6767.48922690292        6843.44601511338        7402.64299387283     
   7766.65280559387        7311.66038333075        8030.29528785200     
   7400.78132978195        7240.19489369964        7162.19133494253     
   6624.00405270604        7121.86758659247        6730.42809879289     
   7053.86322062156        6680.34801774940        6665.43893197921     
   6131.89119874941        6457.67764860552        6437.75244998162     
   7090.97605115101        6445.41479106156        6843.32199807644     
   7154.03813601283        6862.42786765843        6617.73810750113     
   7329.44565250584        7235.35722141492        6966.25681823211     
   7321.66762910372        6978.34784993203        6483.22121058844     
   6507.38183793523        6541.74458639035        6727.27704882958     
   6791.09373738130        6940.30334683471        7064.96131898574     
   6678.51361607629        6533.25713252782        6625.75029029063     
   6472.71506251665        6760.98411653533        6781.56973802813     
   6819.81184563843        6845.82147484183        6543.14006687628     
   7126.14136674079        6786.31673836939        7241.31069130901     
   7036.69875588256        7059.99080942565        6397.16587002510     
   6606.47897147523        6612.62457702002        6805.62665063412     
   7305.29211686603        6989.96569750278        7095.41563248960     
   6772.45323871817        7065.92417355053        7014.63127175762     
   6765.98380259018        6996.65807901481        6937.80455919461     
   6956.49575383637        7277.64213103189        7237.99317947715     
   7285.18942849927        7474.79201671970        7468.19607349837     
   7100.51775128262        7517.60270019364        7006.56704254352     
   6565.96372222844        7028.40159225073        6796.53732003658     
   6777.77507224340        6946.33777996813        7290.10885420386     
   6946.05334361524        6356.08551415762        6729.75876034346     
   6877.02087405323        6568.69586464387        6278.40486579190     
   6202.35065050503        6481.90489708827        6981.99967833093     
   7409.26705123328        6673.29034338852        7030.31378880956     
   7196.88988124220        6708.22119832165        6727.90697745069     
   6815.52659178063        6704.91595365393        6668.34369558599     
   6907.79126958211        7510.22656227184        7632.61265258073     
   6622.09229760498        6120.82525746988        6508.85558961222     
   7321.31729772063        6663.58791628288        6539.22660679943     
   6426.61711718421        6525.15575419404        6887.75103505310     
   7181.33504752636        7305.26623162057        7346.03262497389     
   7654.85475654642        6984.44288458545        6924.69588533732     
   7177.54073954480        6850.11091402660        6433.17664128160     
   6647.34225276829        6830.59059396637        6727.66357731101     
   6813.84785250500        6337.44306903400        6752.74762244509     
   6693.97970897562        5959.29371999449        6407.57587673482     
   6572.47142566721        7084.09354944344        7520.39569700505     
   6586.44847723186        7589.04583518915        6709.77540514228     
   7061.08848835930        7212.88644317830        6813.95018893429     
   6737.09976323408        6555.13214382509        6803.56481974649     
   7675.90917252267        7588.24330794568        7468.41731241826     
   7084.57651964102        7168.99172470579        7541.56006525272     
   7413.97959459125        6893.23980594980        6710.76751824385     
   6218.22653995248        6586.22195587819        7003.63019367434     
   7074.25110021037        6984.36577607163        7202.39117560871     
   7097.37196605645        6729.13698576049        6945.37731415033     
   7186.91266155701        7544.22151600804        7623.11640403347     
   6901.32369654559        6728.20774766228        6399.45124774986     
   6711.00812073440        7755.83992017564        7775.13807980469     
   6876.31186537929        6841.09607131819        6997.50330837066     
   7160.85422628517        7125.65642304006        6975.31004593198     
   6982.76225958600        6561.82861735364        6723.67828155312     
   7372.98637676294        7207.28236754532        7097.30973137996     
   6725.51925466568        7309.01403817343        6914.37087702123     
   6812.83961382872        6962.67926213515        6837.00021149250     
   6945.11446257784        6891.03633166483        6537.08005511101     
   6167.20811726310        6232.84173029257        7034.71956287697     
   6762.65484050826        6933.21179089022        6900.81036538539     
   7013.27065839754        6957.49191814125        6921.12115884585     
   7149.24241369118        7101.96938597882        6727.66000707082     
   6788.69496605648        6216.73560711288        7220.11791450449     
   6770.60808005189        6720.68340916797        6640.43627822776     
   7047.06063924373        7151.61211439843        6639.20224347462     
   6888.96640609560        6709.62801645975        6874.22285475850     
   6940.90543481721        7001.51758120099        6916.77308396338     
   6414.30378486606        6809.13849396606        7374.75644785021     
   7123.89467148541        7147.59755243733        6459.55028798265     
   6720.80843875823        7113.37718056785        6998.60046603695     
   6999.96603993833        7212.46591401222        6557.26412284826     
   6305.71763895785        6279.24442760532        7313.08067955382     
   7077.67192653368        7733.16531619728        7089.21780947343     
   6643.04550845643        6718.03351373297        6465.56711161248     
   7104.05179649465        6846.71177448869        6527.78018018665     
   7438.14568695571        7960.95423160059        7482.49315060411     
   7349.20407113906        7247.56729124992        6845.03550948982     
   6905.95484322700        6970.74463041910        6909.73786414554     
   6784.68349592262        6245.44522477914        6046.05588340850     
   6893.94686456808        6547.61657022150        6901.38827128943     
   6845.75732384694        6547.71911491256        6456.88994136461     
   6774.18871749914        6809.99350642369        6215.17459185920     
   6761.49505125770        7008.02185352952        6733.05591990700     
   6857.75646995890        6718.00150957999        6515.14380506430     
   5979.32998595093        6136.12569520195        6321.12893922230     
   6945.77832426990        6976.49271382060        6616.23632601257     
   6734.17398221110        6198.58029712176        6987.48228681781     
   7754.48937188766        7118.51275241155        6584.18005143848     
   7380.37358185061        6989.89655221348        6262.03506345103     
   6800.69176887065        6671.83047274345        6681.89188115644     
   6513.09675444428        6442.83581556248        7075.50369630890     
   6903.19365055647        7321.09354478560        7137.31571364809     
   6656.52017114107        7004.40946441445        6909.89206490033     
   6778.12991459120        7348.48108057341        6786.97199894849     
   6410.30739142341        6700.11944743310        6644.55010209824     
   7029.66360763440        6773.33128962914        6560.19599299230     
   6564.79824339840        6790.32713770923        6610.24345755115     
   6840.93714221093        7369.05573929965        6825.70387797393     
   6917.90393117132        7134.45872296437        7271.71338963371     
   6560.78775814049        6515.94818601660        6182.47941365167     
   5289.85565562253        6272.72696909584        6402.72365941053     
   6607.94430781924        7190.39299798405        6743.75946462100     
   6893.66591692878        6508.65869030275        7023.56026621774     
   6377.07018039127        6592.36075348243        6451.93852212584     
   6748.48704711904        6863.44662903595        6940.47608279040     
   7377.96797028591        7271.47697325252        7623.64251834854     
   6998.37630055774        7120.85819005398        5953.35501104241     
   6475.11765768515        6693.40850142752        6989.22990125538     
   6823.98510324871        6621.87880995922        6944.13132571299     
   6930.18835330300        7280.72315025538        7287.80270056176     
   7195.21268892517        6863.53630438055        7407.63677075062     
   7972.24386741327        7288.25869118733        7121.31466813147     
   7148.96778208507        6378.77934809669        5881.14689826642     
   6008.65645056500        6664.39843634886        6945.94500091218     
   6543.65993529547        7017.09582952607        7084.81944256226     
   6778.92725208378        6738.91014753264        7127.46491958488     
   6982.40935833722        7255.20750138741        6973.05349984279     
   7605.65327963148        6558.57176335131        6903.87472571600     
   6737.88762087389        6929.90841814450        7326.25561685539     
   6830.54116891348        6679.81624617464        7007.39149485082     
   7049.94537080988        7401.62427109277        6701.82813052259     
   6240.27214169332        6354.01186793967        6100.13772236701     
   6789.06030736488        7268.51781123383        7068.77320388413     
   6192.85674386626        6256.26885966365        6682.10859347362     
   6566.10370755626        6760.52343147159        6875.86723373778     
   6946.96658788665        7034.50841377600        7284.74529253334     
   6701.23204627485        7171.84564442227        7260.08451312214     
   6609.85579754497        7304.81678600946        7541.93663447153     
   6951.27719650296        6734.10004916081        7825.24691707425     
   6169.27916214883        6559.94143029368        6493.71006891041     
   7045.96065521970        7332.57509905373        7071.75740941860     
   6653.52048759083        7018.62411422339        6651.68807444943     
   6867.34650631748        6288.95763763869        6836.31684574432     
   6564.04622622421        7299.59363115712        7614.26178035631     
   7064.67627869303        7082.30994190595        6920.95155463862     
   6687.26403653236        6812.51464294260        7297.87135027709     
   6719.81711966298        6451.80023448379        6853.79191082216     
   6885.42104136847        6747.01615265597        6919.57740969105     
   7089.37986687126        6706.70237252212        6617.26608409080     
   6356.15045301665        7016.46492170671        7112.33823288915     
   7104.67431752443        6979.83615273612        7014.69099005602     
   7364.38104865540        6988.09232380239        7134.03543760117     
   6163.93764434055        6454.95644079315        6847.85023714030     
   6645.50595442937        6652.24951779771        6948.76153810209     
   6735.51275424264        7474.25163655869        7566.22002056698     
   7192.71161574542        7417.50377697689        7073.73836732042     
   7003.06930413209        6734.33616784769        6637.94254661377     
   6661.27522487451        6933.42066182079        6836.05233816404     
   7178.03565942937        7841.25887087423        7195.28657157894     
   7339.09056698500        6636.81204579272        6353.90653332585     
   6844.49399378714        7215.88211688680        6887.06922848940     
   6546.87952369838        6229.68789925305        6531.34607737432     
   6250.96199827385        6874.48333930064        6773.45795320560     
   7113.93253150514        6660.80414425214        6417.68770771540     
   6848.25663228176        6947.27666801890        7035.48582227923     
   6699.03390718730        6900.82903081615        6748.23293898841     
   6901.16375194322        7316.97932251438        6725.91318415978     
   6387.31378274928        7132.69356728219        6561.37698583518     
   6476.81808299080        6619.45997085026        6411.14474133416     
   6261.61349597692        6026.62961388630        6760.21732167381     
   6837.66470643533        6433.82509090731        6068.23417411739     
   6434.04943326440        6758.52082927859        6874.38219714783     
   6584.74838567990        6546.68880751721        6563.97708558308     
   6544.91075443135        6449.53896330361        6690.53312736137     
   6663.91434752237        6718.20362041076        6377.50817059945     
   6810.24609654455        6966.72453821538        7372.20550788552     
   7448.06572507359        7555.86790201625        7375.19010949524     
   7010.53997414403        7081.79796276636        6523.97091333952     
   6437.11916372560        6991.82426166677        7330.34872482178     
   6963.11482306400        6444.82755158241        7287.36757459384     
   7926.80170640228        7190.35642290464        7077.62509137292     
   7196.17340040139        6949.37311596512        6365.85487494537     
   6431.49369106592        6660.07610751567        6554.52248349531     
   5813.33923261591        7016.81091646831        7822.68838033890     
   7482.01591822207        6785.68791500316        6564.07606500859     
   6689.85990466425        6446.81349585581        7077.64240810977     
   7192.86947255192        7024.77160066642        6340.44265940507     
   6822.62528193181        6408.93051425588     
   548838.000000000     
   9079.40444632438        13046.8381142934        3700.50371094167     
   6775.87238069132        18204.8879888415        6936.98481692063     
   6441.32217200339        7134.59415196923        8213.85019417142     
   10595.8811237772        13108.7560190857        9487.66242029832     
   1719.13075758917        10678.4007529223        5252.35936418687     
   3972.34689270070        4729.06805017631        5770.29592084170     
   4913.55353254781        4644.49106688929        8274.77230198174     
   14110.5653601640        7833.07997462353        6385.25692305782     
   4552.70864694991        6050.48125090228        5327.23202405553     
   4026.23266145937        9638.63839479635        8114.20473579916     
   13971.1443883810        4482.49556541185        12162.8428293522     
   16822.6654120390        22633.9768953633        8253.84177673866     
   10904.1272612440        12761.3919699886        5952.62071164860     
   6672.60071821501        17372.6929355835        9853.93721774115     
   7342.18024545955        8961.61857312070        7336.59063032506     
   14790.1498287837        19090.8654734354        2761.24169350269     
   7334.42993876047        12864.5884779757        12428.0630217502     
   5894.50750287224        1631.62274922322        13042.3382392524     
   4872.90434820004        8802.43197067723        9286.32354372302     
   4739.23269484104        10480.7914178737        3976.00127973820     
   3442.53592675177        2720.09461066395        5584.59857233180     
   7577.79896342265        14059.8924458188        6425.60548944878     
   14464.4020896437        10068.9729999737        8716.53038951800     
   7909.43693565396        4666.84952742723        4210.53025760786     
   4201.50232459233        17714.7585931918        2707.55320527817     
   19280.6211643622        7715.84836577773        9699.16594153836     
   7545.87709413360        9955.79973354490        9544.46981982477     
   15379.6898250269        14106.3473144575        2448.68356721784     
   5896.64001150338        5112.99475827073        9115.30010923004     
   9804.14736864404        3490.84147468711        5972.03875279647     
   14987.0827734295        2864.12818922183        12600.1949849590     
   18109.5733079095        6742.49439317396        6750.55471214100     
   7832.46934439876        5371.22558317284        11601.7863845171     
   5551.08906445834        9464.04512206623        8256.00246830325     
   8591.19149014941        3414.20268432217        8099.54021609339     
   4623.32568386745        3922.84826724926        6782.85235387607     
   15514.5357672797        17977.0947320666        10460.0769617871     
   2503.40542966890        2526.79726443339        13962.4640448780     
   8299.52631186304        12082.0423591477        10550.7508530107     
   11317.2420940827        10548.7028931799        9337.23131584702     
   8888.22082010265        9795.39187065187        5784.88528605826     
   9936.95474537720        6958.46021221044        15933.0711176521     
   19472.1523800965        5570.17830471594        7298.70337345551     
   9202.05657270396        12914.4440872509        5608.61043163222     
   3544.70845482348        2433.45538884304        3890.90760933791     
   7713.18038141102        10866.5781995759        12210.6974503523     
   9119.39602889162        11492.7841922390        18011.8442890119     
   9910.95129211290        8245.17082754684        4106.90161130783     
   8819.06929572458        8760.49576570186        10968.9480081817     
   8587.10496479898        5614.76370543573        2819.42066245710     
   9145.57797406777        6271.64212400492        2917.35635619998     
   8553.02240394534        10056.7040296113        4650.73828380430     
   10129.8293476060        10634.3508279381        7873.20307754688     
   6869.14849610361        9317.25901034127        3315.12088461894     
   13948.3162122855        3675.41150585896        6258.53705995012     
   11989.0198901364        9984.91270379998        4139.92261500148     
   11268.7392656132        7612.80216676903        1935.54750356086     
   4155.99628137981        5353.65822132160        10440.6307377057     
   8205.69593209287        6234.36549736015        12526.9945124751     
   16513.6489410578        7534.58513213082        10373.6774821369     
   7846.27898178984        10959.1497416519        15497.8984422323     
   8644.16601072649        10164.1843434830        3540.44343756120     
   3369.72062102504        6092.47382174456        4665.57190111078     
   9044.88035284667        10776.4679670213        9808.85391853039     
   15441.8707705313        7306.83884691175        10013.1707917404     
   4116.65290628194        10453.6794358936        8336.54929210675     
   14051.3154397384        7552.46250625003        3929.67793145560     
   15074.0271231264        7365.02721017731        10178.7737086996     
   14796.1340049865        8004.30068965066        4556.46637141007     
   2278.49622641725        5329.80606531074        5953.48498827443     
   15025.5242946569        11591.6593170969        8072.45641704679     
   6020.65431299977        9534.08910600358        4743.14072827961     
   4803.70585226622        10516.5367718009        5254.11610037199     
   4240.37598413267        9772.62006042331        4629.74199838317     
   5799.73769198704        8670.48887056990        5575.01637495840     
   3086.91427815350        2929.43744033939        7756.54452168125     
   4316.05655476027        3945.42279694366        5767.27095265127     
   8415.24543661362        6367.80229294039        5009.43187214876     
   10870.7210907932        8928.13724818069        4793.58817915724     
   3148.56914223355        6520.10286531062        14501.1620291752     
   6261.05473533843        8826.12442339853        4418.59546096685     
   5990.52675714045        10091.8105703803        9260.97769223925     
   4888.37677866474        4625.43940387629        3945.36643107676     
   11836.5126429209        7321.74761870743        8184.77480116094     
   8815.10489641912        11208.0050440259        4756.22700371211     
   3964.12687044410        9197.84792130858        9747.50906671830     
   3594.13192578572        3770.25647123336        6521.30533713787     
   12780.8945599368        15109.7630827425        3104.73528640580     
   11090.1252277107        6713.68204087570        6534.10038892471     
   6855.74281409200        4258.84519985435        4568.21865465922     
   5880.39724752435        4734.42280753204        11746.0266379203     
   10382.7617810193        10931.8968450046        6803.49165547349     
   4185.79503634886        4427.23822722521        4130.41557211728     
   8733.98501963544        9571.06511469155        13341.2276428134     
   7349.32931624500        4767.50957140374        1821.98907037486     
   7306.14366788662        3245.11447792618        7152.95063595710     
   4488.57368472615        8969.50979448704        5008.84942485743     
   8792.03246823374        2213.39365014500        6662.90578910780     
   6042.14849691188        8565.86442728794        5660.26974864825     
   8082.06679735365        8439.82095458306        7091.85943054607     
   15697.1048101765        5032.67339793484        2961.52840722915     
   19559.1906729050        9836.61410797981        4016.17135421730     
   13234.3015932996        6744.76781647236        8145.85417006484     
   14661.3444286006        15369.0836477381        7294.71079121659     
   2407.11374037733        6739.44124205008        13250.2343450107     
   7863.48935981737        6750.71441543056        10591.0430535347     
   19530.0213367830        9358.75368269258        2488.52484080667     
   13655.9276720405        2493.75747211744        6188.99097450373     
   5423.53310765825        4113.10185666709        8490.73812101821     
   7315.89496286074        5640.36320332056        7398.21731147166     
   13535.1919851356        1695.87044318079        8288.27192710486     
   7025.06587826675        4628.32345739946        7809.16205843462     
   6502.55429208168        2159.47030414172        3245.63116503945     
   3453.09513248481        6462.99484782736        5055.06943571738     
   4410.41301595485        5129.44419709508        5232.57494490413     
   6010.33935935664        8220.07862246413        5819.03360708996     
   7768.72894324331        5534.87448341275        2959.40529290916     
   13123.6647908814        4741.18671156033        8225.27367653030     
   13461.6533174503        11980.7998678798        10669.4197914625     
   9893.21483266096        11168.6616689280        7396.29147768583     
   5444.85819396965        7739.93537956735        13662.8700679807     
   2730.84170262000        5789.86427096797        6561.30631401626     
   1779.95892228799        9551.19614660846        10818.6860013311     
   4141.02174940607        5869.32135467803        7015.54004676025     
   12426.8605499230        6424.93849335710        6060.62710694471     
   4774.45196734388        6192.62657291894        11556.2615526823     
   4131.49591789957        6132.14599773268        6755.23307909390     
   18578.5936864042        4339.26050330175        5882.84916273460     
   8399.24692472450        6985.01792983261        7369.84649179746     
   7391.89494006745        3400.01727448507        7564.30873261068     
   2945.31382618356        5989.92552122682        6014.22860417290     
   3329.48478636789        7929.98229413988        7009.17070380028     
   6182.93164381173        9514.76500796722        9100.08132516640     
   9319.18484412711        7086.21344954468        4148.39628365913     
   4248.26720549900        6533.49915301109        3668.68517907527     
   12715.9328983318        1806.10329021954        4564.19788948685     
   10141.9855862346        12613.9952280389        7405.27243914561     
   8852.84184431026        9528.41494206875        10520.8957321747     
   13079.9906383432        13500.7054689025        5872.40268873536     
   1779.19798308481        9848.31002536206        9337.36283620312     
   5023.10998918373        4306.19252805235        4303.22392572882     
   4630.46536034175        6079.96059929223        8998.49124438601     
   7398.72460427378        15878.2928893342        9415.77715137549     
   4463.27480479814        8424.40488998526        5394.03497064600     
   5589.16420755089        3401.88674240400        2405.81732543858     
   3441.60588994788        6093.30052112579        8518.08496077702     
   14561.0883400036        4376.48076407962        11894.3534166739     
   8651.63448809106        5220.39991765322        16339.4690180183     
   3664.50471061334        3347.92581915612        5477.55039677303     
   4387.71636021549        7769.79989471446        8179.77702762893     
   7276.89917727544        1429.70142535659        6229.38651245044     
   12984.3565508321        9033.45687048779        5399.82186631465     
   4507.34351840465        10658.3626872385        8704.14868742178     
   10873.2293718704        23104.6318839982        15669.8894907738     
   13042.8737149880        7855.84239054094        10924.0807781275     
   5005.74930217780        9123.02223299567        10320.2238516911     
   8584.17393972006        14140.2889606439        11272.2057664277     
   10350.7365743076        10236.2293156954        7629.75889839549     
   7197.78028876679        6429.20351061938        3523.63701491314     
   9649.26336070745        11234.5909445815        9693.50117191467     
   9733.05122185784        11301.7978465515        8622.48394059138     
   9930.83904881830        15837.9443229432        10980.0990555173     
   6691.77450727297        7288.82995243644        7944.54347642299     
   7376.50705840309        12081.8638672358        5985.99869916596     
   7932.15238001562        15125.8273548097        17126.9095729557     
   4812.48953319184        9209.89142820339        4562.14992965606     
   12744.3319009395        5001.97278909534        5663.75503808505     
   2828.97467689705        14963.1648572406        7012.85327377123     
   14035.5329970058        7792.00804627400        5763.07169556704     
   10995.0266159352        5578.42650990599        8870.14616544929     
   21899.2760032242        10768.6237172107        5188.31834507461     
   4824.31697093019        7292.37160774014        11159.0137113766     
   12191.9933768519        4036.57579803596        5141.04617136582     
   11150.4085223628        4689.99711010181        15094.8543109468     
   14742.4830940066        12745.6564988117        13957.6729461913     
   6136.13857997160        6131.16898937304        8486.64220135664     
   4750.20525026471        6911.48865645845        4439.30991705347     
   10326.7153206960        6871.62859424732        6720.87808321690     
   4867.30533875440        3649.41744690581        8924.66135305504     
   6426.56370918612        6847.56036908000        7339.22103744717     
   6537.66083285071        5790.58763292655        11479.5476078281     
   8971.84897796348        16915.0208849585        11705.2929047721     
   8630.54425955842        9194.66324982860        3371.86252396733     
   9509.71086856831        6020.55097557712        19281.4948352992     
   6166.98949778950        11946.8864046269        5502.12591474247     
   4841.48037740196        4029.40793862821        5985.96112192136     
   3045.30687406839        5665.49298564787        5215.90004261218     
   8186.91670410323        4298.74283931009        13093.5372350220     
   6981.34475417280        7806.17466748879        4549.14820302391     
   15161.5821030481        4962.60123106403        11879.8767831911     
   5388.06018875435        6170.62509620471        14442.0718120392     
   5110.28919665942        11528.9147129235        4665.22431159822     
   4750.07372990860        8533.38829364102        11880.7034825724     
   11317.5990779064        12707.5719614080        15164.6634371054     
   8607.65032328490        8615.87973985265        4854.28482349995     
   11472.4079313538        6883.43724336337        5550.14963334330     
   10290.3499422328        8460.71390258154        9900.11025704535     
   8841.32441883987        7141.46139342017        8062.46086998277     
   2553.81530330193        8732.01221429385        11078.5044648177     
   6650.89046514644        5662.92833870381        12747.5447553529     
   4195.38662803342        6962.96948156263        5615.87223415147     
   7628.06792238842        2523.65017019800        3126.13552720640     
   5581.83664485359        11292.1780719335        9850.02918430258     
   3740.57984230926        9150.69787364474        6748.42220350986     
   8459.09808106368        6870.86765504414        3943.81636973694     
   4113.00791355559        3813.11331870147        8619.79716760236     
   11012.2275996516        6991.10544345806        8463.98312286188     
   6383.06804855978        3059.74593030655        7603.86817686500     
   7010.51409029479        15556.7913788341        3678.23919351522     
   4726.53158616571        4449.70941949696        11193.2183982752     
   14380.7927204052        10725.6353493865        11071.3366054099     
   10813.2748781085        8932.49620855447        9765.31128634830     
   7770.07232973782        6059.49039529551        7188.11354259304     
   8212.40347025425        5478.36770184312        11983.7872588257     
   6624.02273525631        9182.03729564246        7927.20157803936     
   7732.80509740420        3159.33502281191        7594.18264206894     
   903.911224580033        3357.11345546121        5500.91404860407     
   6063.76480686894        1967.97666565203        2388.91695967901     
   4297.45581868248        5785.08256659242        7473.86969916581     
   6465.72859237212        6490.40744776421        11244.5019428452     
   9524.21568498452        3836.45818191021        8875.30364227086     
   2858.60433426540        5393.14251108672        8199.88085349077     
   9219.24816210919        4909.61731617579        7552.52826642808     
   3663.69679985441        6728.42171507067        7640.59053915190     
   6237.48440866208        8367.06201472324        6375.39289634991     
   7661.30499523853        10577.0831071652        7913.20405442527     
   9755.95455244251        10159.1302040841        17746.6522795474     
   2984.36597763576        5724.80866625147        7023.34671932623     
   6852.14479292140        7876.20925711500        3680.43746232442     
   5034.99379278899        4058.08877057037        8951.63242036783     
   6820.08200896509        12101.3288799394        7560.33493899406     
   10368.8018346498        4565.18429215764        7356.39383823010     
   4201.33322699162        7485.85684019371        8355.34730871869     
   12132.5837531368        9892.11569825636        6270.57117253378     
   5059.03383502285        10469.7155250274        19136.3245450921     
   2398.88432380958        12645.6164793711        7797.02460842831     
   7192.21885656576        11809.9079537430        4408.36505612407     
   3923.61860076359        6808.91217300727        13759.2932776284     
   3976.34886925077        9950.92408605784        6432.82032041228     
   4462.44810541690        14933.2721591600        1834.11712607003     
   2624.18808812955        16940.3103705754        6529.70385130633     
   10944.3161243454        7158.28660469053        10178.9991721672     
   1978.86467227534        6509.29940748766        2902.05302333599     
   10071.4343094951        7279.04108021773        14639.8784276220     
   8723.63248874770        6253.80232713032        4265.83456735025     
   7889.66191068237        8557.49409605293        16796.6995360193     
   11060.8149769215        8273.16587477502        9595.30243745957     
   7274.08088393032        5457.65324575649        13119.9916152216     
   4638.26263859658        7730.24045046014        10625.2101631887     
   7009.18949242258        10106.2308379962        7072.70443011041     
   10674.4551422391        10665.2017457560        5830.44769513769     
   13291.0150497145        3108.15481566454        13367.9262751028     
   3263.79976280432        8740.31678535080        9481.54672373942     
   6579.44672884768        5368.87700538524        9734.80795804296     
   5129.20933931632        7527.14483769971        15511.6986853122     
   13570.0073022590        17195.6477476432        8517.83131437596     
   13649.7180323701        9013.82276018346        13898.1599850535     
   4048.41263008546        689.166665993112        6480.69373003470     
   11138.4683528907        18372.8864551440        8004.90192556429     
   9195.83753872240        12052.6287709358        7270.08830169140     
   8659.55389239084        6449.48582839309        10946.8995599118     
   9570.24780962146        9871.42942510318        8287.13521545566     
   9891.18566145247        6745.12480029607        12312.6351206453     
   6387.81217569073        7649.87211856849        7793.82114832602     
   5746.55649656464        4829.32413877335        6512.28679843349     
   7246.06704807984        7993.81663840682        4439.21597394197     
   7334.11992649250        3052.71898556605        7282.00968254125     
   8401.68005131245        6757.10254701283        7066.80480270796     
   7757.09878603912        10257.4322759618        16001.6495890500     
   6030.97866095406        18287.4358009200        12501.9680675704     
   4164.73299074968        10476.2351769657        7604.55396157898     
   7940.15633311575        14996.8622513370        12564.4402367205     
   8411.31861455276        2796.46096600553        2953.35535652830     
   7231.86284962044        4088.53573300881        12366.8215073608     
   9770.22451107996        8609.67010018224        6673.90652746492     
   8603.62016380138        17048.5704122726        7648.16235393912     
   3488.55865707756        9237.89586974272        3398.55176194561     
   15788.7181325151        3932.78744844638        4015.89891919394     
   8228.86230338975        4319.19425468450        15795.8390203671     
   9963.81308095619        7169.71008704941        5167.74480365524     
   10366.3123421949        10221.0105316318        8864.27472098029     
   11409.0433026444        7687.08298503521        3714.87700700177     
   1445.83145760182        11757.7507382360        13172.1018591728     
   4038.44526595489        5365.92719168402        4539.89480654077     
   5913.71886917480        3546.92551225498        9843.18073147394     
   5167.61328329914        14758.6788864299        6708.01727125201     
   6221.35437641685        15473.1162494176        12034.7326081943     
   10883.1027928894        11633.0224690921        7681.59670732338     
   4037.41189172835        7705.93736751406        7398.39580338352     
   4471.86120518960        14421.3667502637        7805.76131779818     
   10084.7648370175        6802.01674862288        17310.2489493669     
   3094.58943036337        6156.44908067876        10390.8314942975     
   7019.46686882111        8972.45021387711        8962.95256530406     
   7352.66429670339        4498.74772370203        5898.87585755718     
   6880.77865330781        16566.2195062554        8309.86944843962     
   11853.9578787272        8518.01920059896        9637.82108972627     
   8276.50085523341        3297.85414072451        9970.81184276323     
   7349.64872282411        6587.19703554675        7100.86857493930     
   5640.98322785648        7808.95538358931     
 ------
  0.000000000000000E+000  0.000000000000000E+000  0.000000000000000E+000
  0.000000000000000E+000  0.000000000000000E+000
  0.000000000000000E+000  0.000000000000000E+000  0.000000000000000E+000
  0.000000000000000E+000  0.000000000000000E+000
