           3           8           8           8
   4.50000000000000        7.91500000000000       -5.20000000000000     
   480000000.000000        16150672.0000000     
       18232         885       15352
   4199958.66666691     
   5327760.88888893        5373369.99999999        5240274.66666668     
   5271269.11111109        5197892.66666664        5472953.11111119     
   5377627.77777771        5386559.99999998        4862456.88888894     
   4926589.33333340        4915542.00000000        4970156.88888881     
   5325551.11111113        4968376.22222220        4833243.99999999     
   4540247.11111105        4358052.66666670        4790665.11111115     
   4635360.22222217        5139484.88888890        4563779.11111103     
   4141003.33333334        4166802.22222222        4267357.55555549     
   4459809.55555547        4521987.77777771        4922912.88888893     
   5048236.22222224        5270691.99999998        5288382.88888883     
   4876868.88888890        4610986.22222219        4459308.44444446     
   4609408.22222214        4396274.00000006        4838826.66666670     
   4821438.66666668        4597269.11111108        4662862.44444444     
   4829233.55555548        5372298.66666676        5276617.77777773     
   5566943.11111117        5394526.00000007        5277541.11111119     
   5221441.55555557        5268655.33333337        5223124.44444451     
   4635357.77777778        4455698.88888884        4662446.88888896     
   4874132.22222219        5161171.77777778        4803294.88888889     
   4803191.33333335        5131948.00000017        5749837.77777776     
   5394993.33333339        4754210.22222224        5094286.00000004     
   5409685.55555558        5764737.55555549        5300701.11111118     
   5039646.44444440        4691530.00000002        4698507.99999997     
   4669887.33333336        4786867.11111107        5092995.55555570     
   5371928.44444446        5260033.77777779        4988598.22222223     
   5500050.44444434        5358838.88888897        5239252.66666668     
   5158583.33333339        5006215.77777775        4727537.33333336     
   4695903.33333342        5017648.00000000        5171494.44444446     
   5511504.88888886        4758436.22222223        4709520.44444441     
   4576222.88888889        4868418.22222213        5085343.77777779     
   5253537.55555548        5490612.22222230        5288432.88888885     
   5144292.22222227        4949402.44444440        5035998.44444451     
   4419725.11111115        4885900.22222226        4990106.88888896     
   4725066.66666667        5051552.88888890        4699902.22222225     
   4351829.11111110        4445219.77777776        4660439.11111112     
   5147721.77777780        5590675.99999995        5441050.66666663     
   5350300.44444448        5487327.55555560        5265681.55555556     
   5293176.88888882        5268947.33333326        5351850.66666672     
   4620176.66666668        5011235.11111113        4928893.33333332     
   5146187.33333336        5490423.55555557        4979994.22222222     
   4811638.22222217        4518314.00000004        4842382.66666661     
   4900948.22222215        4869298.66666663        5186213.11111111     
   5144591.55555552        4362144.22222223        4610993.33333328     
   4111412.66666658        3923346.88888897        4275441.77777780     
   4335437.77777771        4343414.22222231        5240949.33333322     
   5333663.33333331        4782034.66666652        4328047.11111110     
   4721463.55555550        4868489.33333349        4801008.88888878     
   4600553.55555545        4357836.00000011        4250161.77777773     
   4227556.66666667        4618748.66666671        4268317.77777778     
   4793467.77777791        5055441.55555556        5210280.66666686     
   5557848.22222235        4830575.11111127        4655809.77777773     
   5188078.66666649        5280218.66666650        5090403.11111131     
   5357730.22222196        5610120.44444446        6006958.88888883     
   6111672.44444436        5288425.11111121        5069377.77777771     
   4965981.11111114        5097912.88888861        4789953.11111113     
   5068669.11111106        4855015.99999994        5159577.33333343     
   5299254.22222234        5332714.22222237        4733577.77777774     
   4575207.77777786        4852932.44444429        4984084.22222237     
   4536749.77777792        4978106.22222215        5284600.00000019     
   5580054.44444454        5936469.77777798        5451833.77777784     
   5820704.44444446        5674523.99999999        4544460.66666674     
   4184216.66666640        4305563.77777788        4289905.77777792     
   4244176.00000006        4289062.66666649        4466576.44444451     
   4686688.00000011        4657960.66666675        4954459.55555558     
   5554077.77777796        5871969.11111138        5353500.22222221     
   5537538.44444457        5409493.33333303        5302414.44444440     
   5488237.11111111        4646267.11111107        4097249.99999991     
   4693717.33333316        4537217.77777771        4746545.11111098     
   5015345.11111103        4809615.99999980        5161244.00000020     
   4960920.22222217        4467623.33333306        4239987.33333319     
   4707738.66666654        5226713.99999994        4815844.00000008     
   4998507.99999988        4826469.11111122        5063735.55555570     
   5338869.33333322        4946223.77777785        5216036.88888864     
   5391067.11111108        5137646.88888867        4847439.55555564     
   4964483.11111120        4806730.00000022        5059851.11111116     
   5385864.22222224        5160970.66666663        4630178.88888912     
   4385967.77777784        4803065.33333327        4466457.33333328     
   4475856.88888873        4823381.11111118        4709822.44444438     
   4917495.11111123        5027867.11111102        4593952.66666688     
   4376027.55555551        4519870.22222236        4788076.00000012     
   5117640.00000002        5122678.66666675        4985981.33333335     
   4394299.33333338        4559592.66666659        5172985.99999989     
   5210461.33333346        5845808.88888901        5798194.22222218     
   5753941.11111118        5255278.22222216        5579223.33333314     
   5604708.66666678        5247992.66666644        4767412.00000016     
   4542838.88888872        5257913.11111143        5069457.77777815     
   5497284.88888915        5374857.11111092        5177487.33333367     
   4854655.55555554        5094024.66666646        5495161.77777818     
   5604482.66666626        5325099.11111040        5604295.99999969     
   5072022.88888913        5034311.11111158        5268249.11111073     
   5204698.44444429        5292781.11111089        5398344.22222241     
   5418793.33333334        5128472.88888917        4959952.22222239     
   4925869.11111044        5172045.11111121        5391906.22222261     
   5384062.22222253        5385655.11111102        5212935.11111138     
   4761193.33333305        4870472.88888867        4891561.33333369     
   5045918.66666678        4528440.44444503        5011181.99999972     
   5175289.55555532        5101744.88888942        5277594.22222207     
   5217982.66666675        4686084.88888907        4643259.33333332     
   5068990.44444384        5451501.77777727        5051946.88888876     
   4857568.88888918        5354252.22222218        4557489.55555549     
   4384278.44444481        4596104.88888854        4558656.22222193     
   4806466.44444441        5034184.44444462        5177794.22222190     
   5062964.44444474        5117083.77777749        4781475.77777757     
   4483150.44444408        4333611.55555583        4727484.66666714     
   4749338.00000000        5062535.11111076        4583547.77777802     
   4759112.88888878        5395650.44444451        6042963.33333343     
   6264590.22222199        6436722.22222246        6011602.22222276     
   5529128.88888934        5398922.22222202        4975694.00000031     
   4498699.77777740        4829831.33333347        4891370.44444471     
   5217946.66666629        4798013.11111081        4684276.88888866     
   4662569.77777800        5191594.44444467        5157750.88888889     
   5357149.55555547        5433127.99999975        5608661.99999954     
   4966018.00000014        4350022.44444438        5191659.55555622     
   4797086.44444472        4282166.88888885        4653789.11111113     
   4924564.88888857        4443631.55555584        4739753.55555589     
   4718057.55555556        4553915.11111106        4556774.66666669     
   4881786.66666683        5546013.11111125        5471690.88888905     
   5341797.77777817        4896596.00000015        5042276.00000051     
   4584723.11111051        5040593.77777787        5598835.33333316     
   5862917.11111064        6342234.44444494        5631482.88888894     
   5256520.00000013        5350771.77777756        5540913.33333306     
   4690323.99999983        4776328.66666641        4888059.77777762     
   5043396.44444426        5401183.33333334        5372679.99999997     
   5486807.33333312        5722951.33333343        5717918.22222257     
   4519605.77777755        4326445.77777795        4886388.22222187     
   4822690.22222185        4725829.99999996        4948837.55555545     
   4911992.22222233        5266758.66666725        5608137.77777799     
   5669488.66666682        5578033.33333298        5535493.33333300     
   5313907.33333337        5725987.11111129        5594988.44444441     
   5156971.33333326        4480004.22222211        4238207.77777760     
   4504600.88888884        4360385.55555580        4445858.66666658     
   4105492.00000012        4314770.66666629        4931727.33333330     
   5311546.88888895        5577937.99999930        5434080.88888898     
   5403127.11111144        4865332.44444425        5095012.66666633     
   5314110.88888912        5046877.55555573        4626625.55555551     
   4836088.88888914        4896902.00000000        4922574.88888838     
   4879428.66666687        4762570.44444469        4846314.88888872     
   5210084.66666619        5090319.55555520        4681083.11111115     
   4673271.33333331        4454768.66666699        4142607.33333317     
   4861470.22222242        4705612.66666657        5084231.99999953     
   5247459.99999963        5363873.55555550        4935814.88888928     
   4656723.11111097        4504813.33333334        4633848.44444451     
   4874420.44444452        5115185.33333342        5752348.22222190     
   5135474.66666664        4711540.88888870        4229318.66666625     
   3950287.77777737        4278839.99999968        4554924.66666671     
   4755646.44444408        4815589.33333330        4485622.88888852     
   5991574.88888889        5282633.77777743        5509160.22222163     
   5691894.44444402        5483534.66666690        5304521.55555541     
   5266569.77777803        5392800.44444442        5067060.66666659     
   5190215.77777819        4817335.99999980        5195504.22222217     
   5122270.00000063        4786373.11111123        4788260.44444417     
   4767946.44444435        4584872.00000014        4149961.33333346     
   3744960.88888883        4258048.66666670        4675512.22222270     
   4520567.33333314        5391798.00000036        5418714.22222221     
   5323338.22222207        4743498.22222242        5051845.55555545     
   5769385.77777774        6101718.66666748        5871869.77777789     
   5807945.11111041        5483503.77777704        5081624.00000016     
   5048356.44444459        5636511.77777791        5571010.22222143     
   4951456.44444399        4655369.77777744        4892987.33333388     
   5066541.33333365        4909114.44444459        4890189.77777808     
   4795176.66666683        4938771.33333345        4835210.22222235     
   4672023.55555516        4824484.66666695        5512339.11111078     
   4933061.11111108        5084355.11111108        4792799.33333379     
   4297169.55555531        4353749.33333367        4939616.66666722     
   4555086.66666664        5034061.33333346        4817021.55555558     
   5299269.11111051        4694070.88888881        4240926.44444423     
   4894866.88888888        4479546.22222211        4552630.88888891     
   5124851.11111073        5413233.33333299        4898172.22222239     
   4907291.11111006        4713813.55555707        4435309.33333305     
   4324606.88888913        4985745.55555564        4748302.44444439     
   4749380.44444332        5306312.44444463        5045299.77777887     
   4905185.77777885        4628566.88888888        5447688.88888988     
   4903301.33333313        4841976.22222210        5304662.88888882     
   5421217.55555723        4806393.11111081        4701111.33333348     
   5711682.66666602        5330917.77777779        5231027.55555638     
   4831267.11111145        4934471.99999980        5009244.22222242     
   4662375.11111084        5337299.55555473        5447540.00000145     
   5356881.55555517        5440883.55555664        5330781.33333297     
   5317312.22222201        5352230.44444432        5739750.22221973     
   5636172.88888808        5251622.44444559        5050153.55555581     
   4662382.88888842        4570739.77777805        4896803.33333384     
   4702362.44444493        5419331.99999973        5038687.77777828     
   5062727.11111140        5545718.66666634        6137359.11111052     
   5949538.88888998        5781594.22222183        5082425.77777835     
   4980838.22222127        4943306.88888959        4964944.44444482     
   4805656.88888943        4807409.33333315        4835514.88888923     
   4276451.33333353        4173645.99999941        4514221.77777824     
   4614729.33333335        4490773.77777795        4654667.55555586     
   4539723.99999962        5060129.99999950        5133846.00000067     
   5233290.22222241        4922211.55555518        4605261.77777712     
   4859643.77777826        4819988.22222255        5025221.55555514     
   5014395.55555549        4771736.44444423        4550311.33333335     
   4752886.00000099        4573998.22222211        4839342.22222289     
   4872773.55555568        5070252.88888856        4681996.44444506     
   4645656.88888895        4477137.33333256        4591100.00000086     
   4467802.22222246        4945857.11111160        4588521.77777789     
   4632905.33333274        4697701.55555597        4682294.44444467     
   4975450.00000049        5095107.99999989        4915644.66666665     
   5351551.33333339        5753603.77777957        5499834.44444452     
   5478998.44444358        5180949.55555536        4952765.55555641     
   4973225.11111110        4928661.77777830        5058167.77777833     
   4667088.22222171        4459842.22222231        4119491.33333422     
   4311180.22222225        4445638.44444445        4205638.88888825     
   4468781.33333368        4629512.66666709        4642778.22222261     
   4689623.33333394        4514076.44444450        4617521.77777743     
   5307088.66666587        5300494.44444468        5430304.44444566     
   5342498.22222298        5193144.66666733        5097068.00000047     
   4519776.44444428        4877311.55555543        4752864.22222148     
   4655064.88888960        4781493.33333365        4638476.00000057     
   4840241.33333279        5144508.66666690        5184786.00000017     
   4883912.22222256        4835994.44444392        4681773.77777661     
   5355669.33333253        5698045.99999984        5835905.55555385     
   5770560.00000068        5260375.11110944        5007076.44444282     
   4909819.11111116        4713754.22222259        4543082.66666631     
   4766204.22222280        4928868.22222219        4770954.22222189     
   4716602.88888933        5133061.11111054        5238131.99999961     
   5452008.88888784        5824500.44444562        5764141.33333344     
   5721762.44444352        5518426.66666608        4740092.66666648     
   4661068.44444374        4757531.11111155        4852809.77777862     
   5004279.77777768        5446061.11111046        5416516.22222316     
   5147366.22222181        5129380.22222262        5135053.77777790     
   4908496.66666667        4765599.33333297        5023939.99999982     
   5227015.33333241        5111169.55555569        5333106.88888850     
   5279588.44444393        5063775.33333292        5458620.22222237     
   5399208.44444364        5473986.88888974        5527519.77777753     
   5254446.44444455        5356736.00000118        5147305.99999951     
   5251523.33333278        5251190.88888936        5483481.55555576     
   5972068.00000018        5313487.77777778        5375464.00000037     
   5579650.44444465        5218124.88888907        4928844.22222226     
   4844811.11111114        4814112.66666766        4936574.44444445     
   4763084.22222144        4263803.77777796        4157085.55555685     
   4327665.99999969        4711570.88888888        4878443.33333275     
   4975317.33333379        5243514.44444456        5195813.11111049     
   5042179.99999967        4952360.66666604        4172376.66666681     
   4351010.88888870        4324005.33333320        4545235.55555610     
   4683470.44444513        4451527.11111192        4511789.77777744     
   4619890.22222261        4957402.22222230        4718501.77777719     
   5526176.44444441        5282675.55555630        5569967.11111220     
   5120704.88888935        5111912.88888987        5078300.44444593     
   4475527.99999982        4759508.44444531        4431653.11111117     
   4226479.99999973        4201338.22222208        4385955.77777789     
   4392710.44444484        4624647.11111096        5065099.55555603     
   4653949.77777720        4799661.55555492        4700492.88888860     
   4266347.77777823        4642978.00000007        5290146.44444543     
   5338417.55555548        5155997.77777799        4906026.44444457     
   4782459.99999985        4395426.44444494        4143623.99999975     
   4457098.00000044        4685135.99999941        5003276.22222168     
   5390964.44444470        5707769.33333465        5627993.77777705     
   5370632.44444580        5024462.88888862        4930456.44444514     
   4383404.66666699        4329048.88888944        4541516.88888799     
   4920145.33333275        4855988.00000127        4891086.22222275     
   4802436.22222212        5010668.66666672        4592937.33333270     
   5068909.99999974        4764259.33333420        4802275.11111229     
   4839356.22222265        5470383.11111061        5206656.66666640     
   5487841.99999986        5459464.66666649        5225420.88888923     
   5355720.22222263        5433222.00000010        5388559.77777833     
   4923657.33333491        4553118.00000019        4888914.00000099     
   4518532.66666721        4699440.44444477        5269918.00000154     
   5407964.22222215        5263633.77777808        4890165.55555555     
   4793741.99999958        4897067.33333356        4758203.77777795     
   4458220.66666662        4903620.66666611        5583195.11111177     
   5549925.55555685        5208596.66666681        4936991.55555475     
   4843872.22222158        4974717.55555545        5024239.33333209     
   5639246.88889007        5757414.44444549        5751278.44444393     
   5679529.55555495        5404084.22222102        5602901.77777721     
   5491747.33333360        5366937.33333268        5326015.33333336     
   5249744.66666629        4891167.77777797        5218713.33333331     
   5005894.22222071        4947216.44444507        4956175.77777787     
   4534575.99999949        4509686.22222186        4467899.77777792     
   4779685.55555504        4810117.77777772        5069698.44444384     
   5025419.77777760        5160386.22222161        4726827.55555566     
   5198169.33333361        5150190.22222233        5567607.77777782     
   5348486.44444410        5313389.55555570        5742109.11111045     
   5489839.33333312        5575967.33333427        5574134.22222211     
   5591965.99999889        5550627.77777774        5574194.66666731     
   5665162.44444315        5548651.99999941        5529355.55555478     
   5292145.55555526        5411202.22222335        5056393.99999956     
   5479921.77777837        5541098.22222276        5380334.22222172     
   5192233.33333223        5834066.88889054        5512463.77777787     
   5206088.22222137        5194765.33333313        5068178.44444455     
   5097234.44444347        5151964.22222227        4977580.88888905     
   5196193.99999926        5465150.44444454        5276904.66666661     
   4871228.44444509        4917738.22222216        4883727.11111135     
   5259459.33333383        4835213.55555533        4826915.33333452     
   5885011.33333493        5744505.77777851        5476825.11111122     
   5495160.88888891        4897340.66666622        5085180.44444589     
   4940751.99999943        5322689.33333472        5849460.66666663     
   5822930.00000001        5806928.66666679        5238653.11111025     
   4651010.00000073        4740029.11111108        5698648.22222181     
   6203150.88888873        5949589.33333153        5727883.11111162     
   5488389.77777711        5200793.77777779        5009950.88888859     
   5115610.22222187        5309839.77777795        4953236.44444502     
   4940575.55555618        4859091.77777742        4874912.66666755     
   4503064.44444451        4731858.88888839        4666615.55555653     
   5011291.11111112        5022220.88889018        4964278.44444417     
   4596259.99999999        4095424.22222178        4577675.33333324     
   2230061.94487086     
   2518938.71773958        2648125.36456843        2754150.86863378     
   2861962.33601685        2820232.61866342        2941105.23078065     
   2954121.55426667        2713320.84843707        2633023.85507868     
   2639172.76926187        2494318.94395220        2634287.56288452     
   2910355.04521772        2798356.64664566        2661346.48845894     
   2730163.59149141        2525335.01631273        2698107.57300886     
   2375601.54263030        2709554.61010812        2432906.07885902     
   2347602.28599399        2370398.85279307        2394355.14193555     
   2464150.92859672        2553922.69913721        2537001.26747687     
   2539126.08089464        3077913.23762847        2700530.41670417     
   2751406.61680858        2622894.58110814        2365123.88184494     
   2506204.69692166        2559264.17101747        2295433.91340343     
   2724353.48008797        2541988.36517214        2777961.70031577     
   2739810.64655894        2632864.03121854        2749500.92172812     
   2792474.12450294        2624525.03146475        2871746.41725347     
   2885724.41591641        2722195.07350499        2908962.14472729     
   2587206.10218051        2658188.08942997        2671013.71138551     
   2709485.27318935        2547035.70685776        2649260.21355432     
   2645431.29337340        2748301.52554708        2890838.50466662     
   2738167.39341797        2716868.66210936        2740394.21702334     
   2667945.21367586        2637959.13782056        2438850.79948421     
   2539885.83916067        2741567.56484411        2678885.36518751     
   2565451.95023038        2515203.57312273        2557047.96686247     
   2984410.80589296        2851397.35419289        2640006.84154080     
   2688155.02630271        2637271.47525685        2742228.35250908     
   2752033.85623080        2446440.95792731        2568026.86487512     
   2465562.33663429        2630003.31211777        2739408.31725153     
   2800862.06598526        2858777.34840612        2580177.85766047     
   2532305.69906556        2633529.06810555        2732679.66032288     
   2948545.10404346        2750086.45308410        2845156.50865635     
   2545516.10977337        2637459.33929900        2594369.49938548     
   2490494.88429864        2657211.74107896        2700090.01958779     
   2844878.88567230        2852342.02039672        2652208.55506677     
   2452799.59659742        2664020.27995063        2717281.77562003     
   2774890.73950815        2754934.00770889        2553293.03671219     
   2519143.26374147        2728133.08062132        2701438.65872530     
   2614202.26660132        2800590.87110003        2593013.23365531     
   2405109.61366915        2653802.45270208        2610577.71485982     
   2559591.75785300        2716830.08418972        2752543.40493658     
   2708112.33388526        2756490.53367851        2736103.64644576     
   2800837.13904670        2987929.51665906        2591339.87440870     
   2656759.24279488        2522004.29941496        2600946.58877321     
   2303679.44445564        2305715.89702075        2585544.58929430     
   2369273.94684945        2578493.95960623        2608250.38387683     
   2770781.16932782        2614148.89506019        2523764.54411010     
   2559409.98691603        2533383.59050766        2688849.35057087     
   2810223.51538879        2859594.21055366        2726783.12867703     
   2657481.41350072        2746151.70241625        2691156.91663007     
   2774918.94380991        2765020.55772709        2775796.25527014     
   2762591.11990345        2485039.48533143        2776074.78186936     
   3053321.69046359        2901241.28853948        2754016.99806898     
   2698470.91268385        2776376.85020690        3086972.56698883     
   2985001.23976621        2562710.82928792        2623472.67452844     
   2750747.86363943        2814581.58816871        2594967.42313982     
   2744477.40786669        2737233.85171683        2806058.41621710     
   2531411.42100320        2778556.23556111        2730417.13206361     
   2734180.52890723        2693143.58538130        2684912.01406343     
   2538635.83921757        2724023.21540984        2845376.70818424     
   2833721.62887874        2774626.74616860        2837110.44720335     
   2969482.17087536        2778252.43443372        2710751.61894715     
   2640759.64367281        2560274.07169279        2483064.98229584     
   2257791.95063755        2643009.73441244        2379507.96250491     
   2313197.07992319        2646361.42644517        2682518.32760080     
   2661899.25225920        2802632.84182282        2760824.63935034     
   2795828.98638399        3082676.74579613        2701456.75846909     
   2722437.74104511        2599766.12206729        2440154.73730211     
   2692114.64167190        2666755.89598911        2520340.68741777     
   2834757.97397409        2661502.64118750        2810593.59053008     
   2826942.14044903        2717983.29287124        2588936.92463541     
   2689990.02972025        2880855.04378684        2564427.35253657     
   2945340.69696661        2531340.01774047        2514180.74398965     
   2815948.33891795        2553227.16131288        2847657.31996873     
   2745559.80079673        2836135.19652410        2838111.64391610     
   2666596.12270905        2650486.79274111        2626979.47180085     
   2711647.62151800        2848635.76331190        2637440.70687256     
   2628140.74556973        2671405.06472550        2512565.66907571     
   2520777.54700205        2770013.77956225        2719700.44310012     
   2913730.94375703        2765465.93913311        2667510.15272487     
   2482924.12508198        2577086.05650880        2625314.95307783     
   2638909.78920402        2563955.03280936        2731129.47087838     
   2394086.22619086        2528562.34269427        2601670.57408548     
   2428923.62965150        2598088.08483336        2779927.39191360     
   2687376.37163555        2742690.59418216        2657116.31980016     
   2706403.71402396        2749461.49200153        2642509.81927089     
   2498778.47546624        2636102.57071965        2638658.72464919     
   2954828.77302966        2826331.86312887        2630453.65782770     
   2694415.65437252        2797903.22668817        2775589.12315781     
   2828413.55028958        2823315.23106362        2657951.69250190     
   2460894.72191991        2694975.42302018        2715914.10306355     
   2685049.34610897        2606500.04631177        2623713.29950965     
   2774885.55485346        2635915.61465372        2658163.82286537     
   2649409.25798341        2595037.30148607        2877140.06859404     
   2968589.08221983        2866253.19106421        2725069.69773511     
   2597304.51496204        2915856.09085083        2680769.47291008     
   2663234.37612268        2529598.23289697        2648239.65931390     
   2719305.98434113        2904838.76372139        2858316.57780455     
   2610736.84550177        2626273.89100778        2449528.67913159     
   2616982.70218191        2756238.79748945        2586912.66454422     
   2806146.02184188        2926092.91841020        2529425.23149591     
   2366074.42551745        2489471.31084873        2509677.12779953     
   2583093.18293660        2459413.07246339        2646689.61948412     
   2784629.43352563        2638579.09789841        2620561.96501273     
   2477070.63316501        2592846.86255398        2567520.55823763     
   2879777.36005274        2907048.43781268        2551188.95393178     
   2493283.42434526        2746212.86098029        2938050.86291595     
   2793892.93416757        2745555.70099002        3063074.05866019     
   3064605.59178943        2615041.76161801        2575625.29216596     
   2387137.21889129        2593183.42474526        2755236.16357694     
   2774397.77968070        2430160.25962104        2448769.50591255     
   2421499.97132371        2731738.94379077        2653039.69971063     
   2700422.31241946        2623727.91945980        2984458.09796669     
   2721872.84277110        2338319.62714719        2693835.59256974     
   2551894.02327317        2668832.13171283        2890015.84980000     
   2847154.98870691        2605539.00171714        2646803.81307206     
   2512849.96132995        2457468.45893746        2670351.01219226     
   2548376.55398999        2805262.91479543        2776983.01521757     
   2737727.07495714        2687099.60041489        2596882.34958013     
   2539795.94766016        2621922.11249474        2846040.44720713     
   2996929.22564007        3076948.34575401        2916262.26179440     
   2782618.28163869        2979597.50085671        3021673.42281398     
   2640381.86108447        2649527.39327616        2450910.64293737     
   2591899.29549415        2612737.61797418        2657182.84787528     
   2855596.03761556        2917473.70397516        2728193.51579887     
   2626807.35712188        2415645.61477943        2818299.19963879     
   2495066.83759174        2585531.54688551        2501099.68146636     
   2535323.99821245        2695268.54196551        2774012.21167249     
   2678632.22473383        2795039.13153217        2655519.50055684     
   2811463.63971894        2921632.38967664        3023244.54037212     
   2739593.18735548        2559667.23049940        2567504.38717526     
   2430026.22150309        2346351.92438562        2396738.97875575     
   2441462.44417427        2506248.39218155        2675213.60815879     
   2559167.47684135        2533890.10293784        2627117.71681836     
   2471109.68275006        2710035.16996402        2869162.15050101     
   2532620.08808634        2435226.08793201        2556533.23564979     
   2610222.90001439        2478913.22933402        2641551.66008049     
   2532282.78152055        2706519.86787981        2701111.26907166     
   2574584.52775269        2476634.29873908        2597972.75361249     
   2497530.12314674        2769557.13371966        2641156.15036364     
   2805680.17290551        2540666.97874993        2760858.58828390     
   2643187.89159340        3017546.59492828        2587358.53534080     
   2703034.96919601        2765159.29573979        2685605.14737387     
   2532118.37476922        2531666.42394907        2702829.41543706     
   2894213.36913970        2646898.52528486        2513076.76813948     
   2497455.18507784        2560851.04384969        2790555.66744938     
   2603172.34466045        2720138.73330091        2650525.44855282     
   2805564.17395264        2667025.21601517        2725523.61427123     
   2959531.31162862        2790756.08025991        2832866.83164581     
   2656167.38594325        2834937.99442936        2657132.48533148     
   2656111.09696642        2668019.48010471        2544634.37827445     
   2582234.97522048        2712941.75279009        2721492.81453276     
   2647576.76124045        2725346.06294832        2507230.20723803     
   2326826.61718761        2549380.14822914        2609567.13840626     
   2703511.82262333        2984784.62248382        3089930.16341117     
   2923095.88429869        2845363.63372432        2643976.73312265     
   2608850.94714729        2846002.49685035        2787817.43461217     
   2844631.54450086        2684574.32287984        2457885.90531439     
   2665969.80118013        2601013.37299890        2829482.58708811     
   2867188.39087356        2620991.66905812        2516071.77165036     
   2568122.72108357        2634554.04222312        2735292.17060325     
   2585627.02537403        2894630.40390604        2677005.77834192     
   2501080.32922159        2658029.57224816        2783194.91518044     
   2513543.71372120        2498456.31892919        2374378.24712650     
   2437580.14362524        2487882.78890711        2866596.91148348     
   2328722.00982931        2828014.01804417        2588045.88757380     
   2549870.46191737        2587182.42084476        2583989.95050954     
   2418092.40702788        2518353.47478450        2627511.80344894     
   2719270.34163862        2734642.80742683        2638672.93007722     
   2710136.32093100        2531411.39283616        2315020.67943818     
   2378264.69220361        2582969.89323986        2534746.88567847     
   2615218.56302790        2555476.80101438        2447723.41980026     
   2634995.96430117        2784767.62296241        2950002.63719140     
   2833403.08812382        2529716.96739750        2933423.67214039     
   2755555.96352410        2530611.12493120        2569798.34042666     
   2823731.55838400        2906091.38568613        2727403.87601681     
   2547187.46581140        2834155.92861375        2564263.83088716     
   2694716.68516219        2731010.62350531        2663986.29385006     
   2713606.33636317        2661518.18926603        2719447.09196981     
   2857064.21764906        2757138.55424951        2658344.37127949     
   2525840.17409113        2839710.89282086        2576780.29773330     
   2730611.31431178        2774319.76607039        2627223.51033264     
   2488704.74661045        2702241.97443267        2447460.12767899     
   2497949.11913303        2834292.34135097        2954382.70182814     
   2923795.57238211        3042086.01539984        2645243.69026673     
   2633505.56879596        2793473.77726391        2532603.98961279     
   2555988.97456499        2546404.02261605        2565985.90462316     
   2511121.86743652        2448873.57271482        2666937.65196019     
   2575191.35440984        2684720.93324467        2873413.68591144     
   2681947.68271333        2809123.16740893        2933065.61388096     
   2697547.68117262        2774227.95047283        2653387.10598422     
   2625811.39064368        2554914.13061097        2534856.14052768     
   2502663.37118101        2652445.22911298        2641696.26170163     
   2398653.59802227        2468736.36579442        2789202.10615435     
   2647523.22606275        2737941.67078055        2619504.80436937     
   2624591.67985126        2439007.01541102        2622044.33884365     
   2475787.94026277        2649650.45006597        2508836.13597370     
   2515720.17411425        2464819.19729863        2597081.51920667     
   2557900.58633512        2356880.48603393        2485510.77615926     
   2743495.66652325        2755279.00611784        2799001.28270637     
   2698303.99903443        2534109.84980345        2718090.55691044     
   2596711.15797383        2772591.43400032        2752985.24851256     
   2706973.49266579        2439324.52315673        2438882.42910989     
   2607669.31230647        2639804.10930130        2650090.31540524     
   2100952.63329966        2562020.21843167        2625288.95613968     
   2487801.60629481        2451593.10684981        2584697.95224583     
   2629773.03972567        2667734.71842043        2566776.66306580     
   2825523.15366262        2622303.69006760        2916584.61305207     
   2625085.57263865        2553183.62141729        2491249.26581922     
   2638806.99046957        2811531.84286829        2747334.20497958     
   2406005.61819959        2782338.54304443        2611367.94887796     
   2638481.38724008        2766928.68539910        2835724.95488699     
   2891560.69986924        2800906.40462236        2892704.06440141     
   2627016.65749024        2909852.63705985        2947035.17038424     
   2829599.32917544        2561179.13028093        2635293.13882391     
   2804320.18546066        2870183.24827854        2781059.34157694     
   2605886.91554635        2699951.13410235        2937587.89010373     
   2748217.75757553        2884173.37679171        2677155.71967231     
   2921424.57138996        2842249.58688609        2566260.39051914     
   2521383.56797347        2616053.10003890        2486247.61945038     
   2759641.26099009        2711122.41770291        2743764.21061718     
   2782574.21329872        2668764.48322343        2752084.31859448     
   2672860.22395212        2549176.06191769        2559614.79349840     
   2703225.95813657        2838416.66200271        2742939.46893070     
   2761864.70039104        2827829.93318829        2714717.36326113     
   2641280.71235284        2646763.71227567        2739219.67770837     
   2656804.43303322        2716085.91372310        2712469.36805378     
   2777556.80554768        2501078.48981460        2712143.60137688     
   2855122.56800963        2816930.44589934        2592093.70630702     
   2950687.77892289        2974981.70125812        2611155.71301067     
   2739485.88047852        2534251.82657655        2681588.43460480     
   2609857.89213556        2212602.11394086        2606323.79966068     
   2578954.69286112        2749471.03128206        2627921.95232679     
   2621215.70764383        2808681.89957866        2781565.92765054     
   2907555.31497601        2807904.48300163        2477054.61152313     
   2500360.88522883        2524784.31153933        2585825.06715462     
   2615274.23153102        2452638.55840938        2640176.19006765     
   2642519.71952506        2541204.68223407        2717043.58100447     
   2712518.47071223        2734738.44642898        2829294.69790962     
   2662889.60096029        2719620.04757555        2705198.94173814     
   2563614.03511291        2731409.71056162        2641679.09375340     
   2512470.89937061        2275338.34598453        2541713.22455563     
   2602841.09347445        2471378.50850124        2524831.07488667     
   2572713.51845189        2557876.21590828        2514945.98398901     
   2687630.08452424        2524390.17272547        2854129.37765600     
   2733672.82469695        2675583.01504015        2599055.10442198     
   2601805.67942444        2494204.92104127        2415800.59997507     
   2648790.07095872        2866629.72329300        2747104.98268325     
   2797343.23195191        2876126.23472034        3138627.60029642     
   2986954.72701045        2707739.61011170        2722373.34152818     
   2677263.10661818        2587621.31896598        2790589.71794675     
   2685608.70797051        2653511.83422441        2787840.51870080     
   2479586.09673373        2427413.80096146        2569639.76736860     
   2667274.63080493        2628398.85075528        2636384.94156085     
   2570900.32854642        2746472.18200549        2616665.88046563     
   2909772.47376783        2707502.39186314        2639096.67817605     
   2707039.86001036        2878260.65698313        2853669.14902887     
   2694577.80692320        2596751.10578202        2619941.75039213     
   2575781.69820227        2763609.09076141        2823623.57588622     
   2664791.47197526        2647408.83725784        2866430.47303153     
   2829885.90997681        2730796.00217090        2754034.74416213     
   2608354.41029828        2766685.50563294        2600840.55411075     
   2587004.72804300        2624426.30386066        2499979.25118850     
   2536970.31468020        2559212.84206857        2549107.01161515     
   2845768.24220549        2909676.55728908        2869420.55059036     
   2648828.31512803        2888326.33800216        2655948.32517711     
   2578270.28068050        2963635.87207536        2977028.72313456     
   2992212.31755315        2736806.24080134        2814547.86179420     
   3069807.42019128        2598596.57353245        2408653.73401580     
   2581207.19319880        2486587.26942383        2540964.43194961     
   2449975.33639156        2492757.23709551        2832842.27391636     
   2618636.77231846        2831586.62762547        2605857.67695114     
   2537396.25392307        2605282.11117716        2833031.89960975     
   2894646.10163512        2948263.96865949        2978379.71333873     
   2666678.74266776        2584532.72595004        2662779.09802098     
   2590176.56083340        2593874.00043365        2632624.72625207     
   2788281.13905670        2723866.27235574        2800484.98580598     
   2770213.14238927        2600343.73465700        2655429.13164983     
   2687909.43512290        2808287.81931422        2765801.09945513     
   2831863.05319547        3087009.72468789        2796017.88185217     
   2812326.66958615        2765908.14425607        2737060.29298035     
   2656179.43725648        2787176.48269787        2602766.64235562     
   2551381.05474668        2890584.02612819        2870626.34549117     
   2695026.45271149        2637849.70404933        2596070.15651964     
   2369454.35011258        2524489.66410078        2460293.47414048     
   2527721.51565021        2924255.51616674        2875171.35153658     
   2794964.09153921        2620518.12399536        2579227.16919689     
   2522701.15594668        2355138.90508044        2676490.75511803     
   2777509.56162681        2759659.60249202        2589002.08922640     
   2559056.84320907        2654221.04225309        2725209.90450216     
   2873650.45645320        2873909.32288258        2895662.97688551     
   2665720.37448095        2720603.72771733        2834856.73131299     
   2829424.77369189        2744443.07282670        2645935.07637477     
   2752185.12415712        2900283.55450647        2690282.11363760     
   2621335.52348542        2742042.04167879        2607082.84309783     
   2396923.54137930        2558700.17295377        2572859.21017246     
   2580681.76463877        2684652.91452945        2639430.42001390     
   3264.61907051038     
   3853.57614661824        3949.38036216022        3869.76839159010     
   3787.34606697628        3957.92249660446        4158.21593117012     
   3894.53380017716        3974.15442954444        3839.60317307458     
   3759.71680458020        3768.31800798727        3830.29165545299     
   3828.23418175569        3805.31033335299        3652.05548706249     
   3538.75364136006        3564.33983878555        3688.75444421583     
   3491.00926075616        3926.42125618919        3405.30900347670     
   3236.44406421002        3288.83409094677        3441.93902331541     
   3398.21071510505        3414.15165750744        3666.39250815935     
   3653.16881747243        4126.45575470860        3834.30318490975     
   3697.44488650081        3453.79745405942        3376.06933156275     
   3343.49564442192        3360.59650365282        3514.93326722690     
   3601.28264556627        3501.67276067647        3607.63029374662     
   3745.82404032812        3830.92093057940        3836.38099859893     
   3912.97293073297        3949.32980387257        4093.22611858166     
   3971.06265819959        3849.86134824913        3888.50495789886     
   3565.70356047654        3637.10775635911        3631.04957596474     
   3778.49704372127        3812.58485943038        3575.69944195178     
   3652.93391907558        3704.06373151391        4263.39215883575     
   3987.29363842661        3552.25012971950        3760.76892524694     
   3883.23975026904        4045.94843445365        3896.08723194468     
   3665.11747674735        3738.46433999894        3580.54884224880     
   3672.76998028273        3458.82016600444        3920.57393748711     
   3964.93095919050        3908.02745045025        3632.37746375442     
   3903.83732604628        3747.98414181494        3970.29375864231     
   3800.78377111350        3748.51355529623        3610.30111170829     
   3680.02323334835        3887.45019191093        4111.05496619034     
   4215.11323360807        3845.25581273566        3627.97725680815     
   3581.36589598318        3812.52329549523        3771.89698097422     
   4011.77526475132        4069.80003714869        4069.54368675800     
   3769.53648770563        3675.94949984294        3832.62233422778     
   3501.07668293071        3574.74546090369        3776.72878156216     
   3853.75190718442        3671.53628939902        3682.84870334788     
   3370.22227855117        3459.28118050158        3676.40298086801     
   3919.03811908144        4114.39664600507        3944.53808738237     
   3850.48941712057        3939.28020214015        3884.89123948243     
   3772.79169718363        4052.11088307031        4070.47725220602     
   3552.10295581679        3691.80608665946        3638.96888915403     
   3779.86606813786        3970.53128582606        3823.56106580484     
   3827.62948814245        3619.27236085294        3794.82462209836     
   3798.68798394373        3716.91800130795        3732.68628973260     
   3796.06493934243        3500.06055703311        3598.97404375690     
   3095.30370136364        3100.77199203534        3350.04358401594     
   3298.58282148432        3291.16635682532        3792.47574564712     
   3901.08610320402        3549.37852133915        3260.86564363955     
   3544.21269454918        3563.33894567028        3649.90721097524     
   3469.15124297872        3393.07862895122        3240.77322482102     
   3351.71651814863        3541.48826126502        3369.47684101941     
   3708.31390725179        3775.76631992665        4056.53356486377     
   4193.79124088838        3720.93890814619        3673.23924543378     
   3887.36765229802        4058.48095090225        3771.99349756964     
   3838.99533226151        4207.96900567636        4250.79210925380     
   4244.32626829399        3894.71341282236        3886.00597851403     
   3777.61491705812        3887.80313095243        3734.67082818727     
   3887.31402315603        3572.82856912990        3819.92117132248     
   3871.99341272010        4034.32552479194        3698.70507815002     
   3638.15490628332        3885.30359360636        3775.78542515923     
   3451.75893494315        3651.67922620358        3955.70657832580     
   4133.18944830226        4122.29366574158        4073.32879489241     
   4223.42379555375        4084.81786094056        3608.47964817465     
   3514.71927221079        3458.54481489589        3504.41184911812     
   3318.05863648234        3227.24245378320        3511.62067300866     
   3714.27464296792        3529.60876157137        3719.02005145930     
   4032.21611022436        4168.27925375716        3873.79847935343     
   4070.47891604718        4004.25891072702        3942.71433339855     
   4065.69266150758        3632.62957659490        3328.49317156996     
   3577.07133122498        3534.29247761820        3491.34620718381     
   3729.44800916422        3634.15348590944        3939.77240502095     
   3669.72050168838        3513.24196113797        3464.52203841351     
   3607.49712891105        3979.77826166675        3672.60174901263     
   3875.49484923440        3536.45915688601        3698.91203803357     
   3939.57909967224        3828.22874385520        3919.44079230633     
   4166.64811591354        3904.38222936121        3830.14407601276     
   3912.38985097503        3709.37445009138        3785.02375332031     
   3822.23201344667        3850.53015171572        3510.45193118472     
   3321.13606026574        3669.17452096913        3577.45016349850     
   3471.07067504465        3829.04874400445        3695.04638765877     
   3742.20069274288        3767.98713940807        3530.03962938309     
   3465.52307091577        3571.68245739543        3525.12531158638     
   3686.82438799306        3694.50573572743        3662.32178979026     
   3397.49445083542        3289.17819278248        3719.68289179297     
   3812.46716713210        4097.72622716694        4082.52585955663     
   4090.96098757538        3635.22104212413        4157.09003263954     
   4012.10823213833        3821.75792592261        3832.43637468213     
   3597.89351944257        3813.61722794960        3721.17725640957     
   4139.30310793908        4013.96194791620        3824.40664671482     
   3787.06409328062        3784.34209747744        3968.43769441167     
   4135.60227572206        3967.66122547300        3977.25621361458     
   3759.23818007871        3827.63335586672        3878.82545723454     
   3712.75266987275        3826.50101415573        3812.10850484366     
   3920.61156307169        3712.69406553420        3844.28846993664     
   3846.39608935471        3886.23444232338        3941.65984347752     
   3974.00858152383        4089.90999030754        3773.73341155463     
   3676.24342508312        3824.21512365626        3652.67779581490     
   3628.75162194640        3571.60547376341        3696.19634271160     
   3958.25316378532        3703.91774469616        4076.55264313144     
   3765.58903196812        3562.18225234716        3421.68746480302     
   3904.44055022515        4098.02305417224        3786.91628362942     
   3661.62539517875        3954.08398247504        3379.26499948760     
   3558.33630536812        3392.53024485434        3499.04038403505     
   3608.15734754213        3535.24801244931        3743.52869684555     
   3808.64162910183        3748.27342241965        3711.34218973676     
   3495.07075841332        3442.95047928268        3680.21284308310     
   3717.39112790983        3850.86461558291        3476.24844060762     
   3635.15711765016        3949.92650226115        4230.49523508648     
   4459.01132026066        4319.89282928122        4252.41053362219     
   4160.95033979311        3891.05490654724        3689.64779995636     
   3457.38903791999        3655.37345967974        3571.46485858238     
   4033.09772854995        3588.61428067100        3518.24646036555     
   3448.63121935523        3857.44123182858        3790.78428399941     
   4049.17523914547        4062.14431489568        4123.68602736638     
   3780.50245600385        3390.36362955681        3769.37804810901     
   3596.27386985060        3537.99927997403        3699.22346255338     
   3651.63481133981        3504.85150689816        3764.20417994149     
   3690.75150719323        3643.23114504323        3620.76395421479     
   3772.88898657113        4042.42248355527        4055.16352090014     
   4016.37484320411        3653.07631736401        3731.46121876938     
   3513.54345458111        3721.17569343872        4191.72410554411     
   4167.91078056202        4478.97182113078        4073.37436866225     
   3774.78751730422        4072.37251029977        4230.58613169446     
   3643.09700973764        3833.75582983468        3643.78473338396     
   3648.22676807180        3931.99561565608        3804.89720586213     
   3915.75164964113        4080.88960332527        4052.45579729946     
   3511.90442212547        3343.49730270467        3745.62405294197     
   3725.46520180403        3548.51138348080        3632.34223353764     
   3478.85918428839        3798.00356197927        4117.84300706660     
   4167.82965641751        3937.48340043573        3845.44320178869     
   3910.24182941097        4090.57638937777        4155.65411381220     
   3789.72061422698        3614.14861916214        3374.02641129404     
   3464.39197146789        3494.95212437964        3401.44556057936     
   3312.22120949579        3500.09172073688        3750.06780389319     
   3852.77623037859        4088.85734933856        4055.92010697705     
   3830.69255878937        3796.50935688405        4068.26121838635     
   4055.01711468530        3831.62011988778        3682.87130706607     
   3841.67609096059        3556.23872149411        3694.39996688347     
   3595.10003919164        3580.07907101743        3645.80214456770     
   3926.27107562482        3588.85986621647        3621.35943335113     
   3419.85885319679        3465.56735863952        3305.45000156474     
   3678.15386598104        3606.85914646115        3765.44810498432     
   3991.39798736218        3986.14461090032        3767.75753605395     
   3589.03618158344        3523.72513102509        3602.28111460865     
   3745.12614135882        3681.02735976617        3997.52316836343     
   3883.54992359376        3760.95371148880        3324.12853844801     
   3297.50636511140        3399.57191140568        3496.58784400082     
   3571.75675795917        3877.54783611003        3450.00203450134     
   4174.86660842054        3927.24399913592        4084.24628926528     
   4102.68037924380        4032.79222994086        3902.16305049007     
   3969.66889576387        4016.86557955348        4008.51510448541     
   3745.16113673514        3853.61498294925        3734.02330777203     
   3882.54771556543        3602.44863529201        3479.37169518568     
   3491.62480360395        3623.63930406544        3300.10027662801     
   3068.30304047430        3293.29634138388        3618.37827241967     
   3625.21904084242        4070.56096579786        3899.53785785517     
   4122.13401619432        3658.19543180860        3787.22769080987     
   4000.21504141456        4345.92592270936        4202.54981158354     
   4095.58046407480        3953.46338816385        3657.29507320538     
   3839.96881320875        4046.60232700260        3994.23997327438     
   3748.63313758268        3726.24808222736        3667.92556445909     
   3851.35285919036        3802.72767041043        3642.34102921600     
   3664.62138386406        3621.02809857021        3627.67210211583     
   3511.28954287236        3656.04036328795        3956.57405339695     
   3794.38220329010        3708.05034123922        3620.96144515439     
   3322.51125524511        3385.64907141990        3737.85473108042     
   3469.63961871811        3921.60141485774        3769.33159344706     
   3787.26254355472        3707.07193691243        3352.48485285964     
   3502.99299693594        3312.13416044494        3549.91221145506     
   3870.84095980182        3856.73696288919        3581.65840644276     
   3701.79698179124        3538.45292748916        3265.19030565216     
   3312.57007518599        3738.59558199822        3626.71962038052     
   3571.42034064144        3805.92240917020        3679.69817568873     
   3805.56359383966        3541.17249093670        4018.77685415023     
   3591.81554406656        3701.15117320263        3975.63420215853     
   4003.76981849440        3650.27127476092        3468.60422911688     
   4235.02448704941        3886.87346940563        3876.93051267290     
   3668.48693517795        3806.26592410216        3565.73266308995     
   3603.94473520577        3939.49719379279        4042.16004622733     
   3992.35035394397        3910.67611398813        3990.09679312507     
   3983.66907792547        3806.55439006547        4051.36787025940     
   3954.73677941448        3882.49381289331        3830.69317429828     
   3616.99095534396        3631.43272367044        3707.96031990205     
   3502.33919710842        3925.77339591052        3732.91396250225     
   3648.35982250958        3939.25419072882        4363.23129762375     
   4152.73314540772        4026.41418051446        3803.13678150096     
   3797.96200185009        3747.70262730570        3635.93399043685     
   3519.30342112643        3569.20843067121        3653.24213897871     
   3254.06156174619        3398.21330921507        3529.61522873017     
   3455.36694175811        3672.93662850514        3733.88401721613     
   3545.76021090143        3775.88508394639        3941.34958907831     
   3882.14169719647        3734.75810424374        3530.23092993459     
   3525.40583825362        3622.63720054203        3671.50523756385     
   3718.98128334454        3519.61564699168        3518.89401972565     
   3659.14367201422        3554.72418160346        3664.60100792596     
   3574.55687262467        3921.27994481349        3637.98204036658     
   3622.97285320189        3354.52414804364        3467.33645906053     
   3424.30245301415        3658.11112021272        3535.40075282078     
   3397.68443932115        3667.81411592616        3496.85001878519     
   3617.71126806297        3530.39731519385        3707.38239498181     
   3889.06993499007        4138.82019697797        3915.82819926754     
   4090.67548195681        3868.51550468982        3748.53130632071     
   3802.26860316058        3730.55966103070        3760.22226186201     
   3620.63855927403        3495.39165970102        3145.45052490674     
   3233.74978597969        3447.59652226757        3319.76765863931     
   3421.55803430843        3528.86872765142        3566.71436202857     
   3550.17872358125        3291.72330887860        3487.64313612145     
   3777.04662540444        3689.23810479971        3955.56072421986     
   3896.52836679701        3778.85952524219        3931.20221631029     
   3513.35606762633        3579.01189983125        3432.42780634105     
   3459.60569826013        3597.59714259847        3578.21942017015     
   3503.33860237221        3766.42784406290        3720.26516105512     
   3982.53597361308        3800.84422747316        3712.28567309976     
   3986.09670883340        4107.18371280844        4009.83302489567     
   4064.28867634414        3883.91645449265        3900.51426822491     
   3796.79678277243        3596.59881160429        3475.45487320661     
   3824.74767334553        3992.79115982374        3653.82913813487     
   3601.55241180546        3794.91097843646        3899.03018089722     
   3916.87261708236        4175.71779104501        4105.39773264537     
   4144.53315268075        3830.71952378240        3499.41304296998     
   3379.85965843000        3667.60959387415        3826.53235134747     
   3918.15393220494        3843.62484880772        3958.90298160737     
   4072.95820706744        3797.30220370294        4007.81876467800     
   3833.05318949592        3555.47521292447        3779.76037069670     
   3857.19272214967        3735.26986551370        3899.75216137294     
   3883.45832011611        3799.44903369212        3992.61220422081     
   3917.96262623279        4160.22809387412        4049.23407667473     
   3889.07421402857        3930.78494447029        3687.14331033201     
   4037.73246520556        3700.61157794194        3796.14682807312     
   4321.89898229727        4115.06268182263        3949.04657575827     
   4166.99451025276        3776.75078982638        3841.10765418659     
   3637.80098041757        3476.62171138552        3731.33339664612     
   3587.88798013408        3145.40010876861        3413.39170796460     
   3498.20490652905        3545.34560292412        3627.95876638338     
   3681.38541683535        3832.23715854274        3937.03770461946     
   3779.57155046873        3729.39216948654        3302.64774394010     
   3396.26291607815        3429.36407040960        3532.62848358507     
   3678.05694104708        3405.48248291172        3661.08989971458     
   3655.80488824972        3746.29590028679        3755.02025569914     
   3889.24226382789        3836.15944077428        4041.44090087142     
   3942.55939407052        3886.55144032560        3918.73745724464     
   3523.45216868464        3596.27663714695        3176.44385675878     
   3396.10999534496        3329.30426059702        3507.12035631779     
   3298.74434369174        3420.43763187407        3774.73875420090     
   3459.58442713881        3647.72335096271        3653.35803298876     
   3482.10810084482        3592.08781061834        3804.93355777960     
   3797.52931900780        3680.11240455800        3693.23589088727     
   3696.82708359764        3550.30510801840        3340.06923171296     
   3669.43809210425        3747.89464720385        3880.69398382810     
   3916.34021982246        4152.83450782000        4260.19692025834     
   4001.53349486048        3787.11136656426        3713.58469117793     
   3502.56151799457        3526.71637865623        3653.80335592289     
   3700.50474453393        3935.80780478570        3892.92343140305     
   3680.89576261359        3694.99948504244        3483.29027904878     
   3795.06195086614        3658.07697931599        3699.17314492071     
   3614.22655344198        4089.28566793611        3931.99128418931     
   4248.73424141489        4262.30356329060        3905.65693780721     
   3948.03737281841        3874.85380196873        4059.96604920306     
   3701.18822120787        3505.52845595510        3650.15759487180     
   3600.08151854747        3733.15810707075        3974.90087778182     
   3798.16720151499        3701.19453642630        3819.38826533441     
   3781.31542221739        3644.39156162484        3579.62852985246     
   3681.09937533540        3752.67658125327        3882.85785301042     
   3931.47552426353        3641.42855248836        3597.98122021106     
   3637.81106559514        3815.72761796848        3666.04036619406     
   3932.68310445237        4240.70663603921        4125.09381258594     
   4132.65650738620        4075.61416320043        4077.68681705110     
   3889.27683101891        4000.33833282170        3989.39780836663     
   3890.43812344936        3768.27118190635        3787.87890474406     
   3858.27684783373        3634.55082463367        3811.87604343917     
   3412.68449038263        3406.28435245055        3494.09092671797     
   3637.12244769563        3633.63054168921        3815.66434892588     
   3729.80307354233        3822.86852690495        3644.32542252330     
   3746.10943534563        3818.06255070408        4052.18905395317     
   4074.68471102034        4021.67823205932        4269.42207228074     
   3925.74905880351        3707.91075690709        3872.16484330231     
   3788.92885331099        3830.60132492891        3810.08028595538     
   4092.77499794023        3993.65593192736        3899.10416947240     
   3886.52968235702        3786.49320020937        3778.56611122971     
   3967.70960513885        3967.78454101890        3846.06165579674     
   3889.38027957386        4220.15536360333        3993.83485305254     
   3880.43266592724        3839.20027813246        3723.39659531748     
   3907.44794530327        3791.90909503231        3671.41394173077     
   3735.99943561641        4007.42160488233        4011.37003025704     
   3734.07254462759        3628.60251859037        3660.16138590830     
   3629.60409792830        3596.39403700771        3609.23978228523     
   3995.51286285048        4213.01810945154        4119.21767964603     
   4018.51373296184        3726.24426549621        3848.86824831107     
   3703.27657873458        3698.25305348176        4120.42131518943     
   4076.26899633994        4047.42715410512        3700.02415946835     
   3493.08588409693        3567.66369828920        4159.51477166296     
   4105.79201650190        4119.43338834114        4165.12095553799     
   3886.23053308353        3811.89554060104        3781.52661950327     
   3897.26294225489        3961.85462055260        3656.36894644557     
   3772.72605857686        3897.73767585018        3715.11455821043     
   3494.05356698836        3493.25386862757        3558.71122675890     
   3516.79892501333        3715.06030623684        3710.48247290093     
   3527.34874796182        3409.09692783614        3655.54190867380     
   201203.000000000     
   862.144117205368        5179.55345277129        7456.63113820483     
   1869.78732550808        2473.32484536533        6994.43102960531     
   3605.93118059062        1637.41903920302        10471.8950052142     
   2213.03666632128        1182.10496067673        2878.24783888088     
   2295.58447839982        3481.73838718237        2090.61000340931     
   3190.73081067653        4221.52160165382        2386.38988997955     
   1746.99428446125        2696.93763367822        2933.07303875460     
   1865.90747500297        870.307773595063        5378.13979617953     
   5297.91237895514        7741.91757922008        3494.12948358975     
   5565.97904763172        4070.70533044535        3969.89497749044     
   7576.73740626265        3198.02079612924        442.171437226878     
   2160.73853614702        3217.91794714578        4578.28935621244     
   4880.81435818867        4871.54217308323        2256.00624552320     
   3636.04934213879        4587.65548442939        5640.50411798781     
   7109.75559328758        783.241297853185        4468.46985886431     
   909.970555272039        1161.63475668002        629.954322812160     
   6781.01106889059        3224.05243232699        761.455890295415     
   4131.15772269816        4810.95826047432        1430.22750678102     
   510.298981689556        6466.62105193141        2015.37096540578     
   5477.89798628560        10049.0852432683        1559.43686234357     
   2594.63358525040        7607.48498665790        8680.10864518791     
   7271.60078578661        2803.16850416691        6941.52226920627     
   9050.71422007107        5945.18041721748        6143.58826871387     
   4758.94195963458        9950.70801690138        6634.01828232033     
   3434.30651018402        1998.78061191418        2750.27853239018     
   2612.01306087864        1944.17148119693        3429.18661060705     
   844.482812242622        963.142356383285        1592.31695136996     
   6284.40899285831        2058.30296736310        3690.93090787941     
   1447.81365725456        2144.36425181188        13253.2687075122     
   12235.9869359692        509.199847284959        3473.76261701569     
   6901.87827615160        6461.95207928966        11388.6106758923     
   5207.32303653187        2100.62433909563        3513.11538642470     
   5863.48748745363        2796.92128725190        4383.12254206295     
   7658.80610847252        4657.26733005383        762.742910923020     
   9987.68402558935        6654.10331955988        15247.4273183404     
   725.785690857358        2227.73876327165        2852.25377992773     
   8947.37679741670        3464.46224897679        7817.71088158148     
   7878.08811934508        5223.31215410984        1369.65298848326     
   2651.41280184340        5549.12565342790        9238.98560983617     
   3584.77519187993        8216.06725160291        11970.3815768140     
   6186.39814462622        2902.29727542590        4273.92306925074     
   3161.50510868765        3419.55744167790        3012.52072815350     
   3031.99513516828        6425.73700980488        3580.35047132809     
   1504.53650798065        4683.99414527671        6284.07079765690     
   1769.86003780131        3908.78498345711        1733.86103747299     
   1658.14288960079        2069.09703087490        2038.68764568107     
   1695.11889828875        1547.44032700452        2177.00948305951     
   1314.27352425167        1380.47523492851        5835.05090760138     
   1237.01470935080        8990.39334817437        1324.37240873834     
   8866.69845325709        6064.63847780593        2076.35883339416     
   10991.8137615218        10710.1911018552        13570.0448795036     
   6492.35207017235        8405.50353595066        4171.08354508734     
   931.765357140959        4331.10624122320        8494.73070325713     
   10308.5561172423        5161.74183883014        5025.94707115115     
   5025.38341248213        3029.66534600298        7913.87105051695     
   5763.31594765695        6911.92079477137        5565.96025900941     
   4768.93750669860        4984.43361017755        8463.77644801657     
   6879.20040903454        4168.92285352275        4333.76483127877     
   4201.64323925958        815.022252474978        12865.8942872256     
   2025.66713042662        5792.10951133292        10600.3903931294     
   212.038996975607        421.729416163615        1473.05617131567     
   1681.94807405590        2374.36517170705        3659.37541672523     
   1993.90496442713        3674.70693252268        1696.69714256202     
   7847.03052668187        2975.33804462023        2820.32251632753     
   2355.57654940625        5642.19509399488        7172.75384386214     
   10938.8298466336        5458.82753465029        2079.50592762954     
   5757.83906425627        4743.14072827961        7042.90567514135     
   16627.9213418912        7945.81170842829        2518.22025835307     
   11473.9392040713        5848.03384561123        9451.61644841425     
   7681.99126839170        6058.62611866968        7734.95639465764     
   4872.00249432960        8094.56123118368        3016.40057865862     
   9210.65236740657        7362.92288447962        4290.46645118659     
   4723.65692695368        5052.18538219421        5020.04744374870     
   4304.91490173590        3336.78416613175        7978.15632171911     
   10644.7127531369        2195.07474340172        3322.75845958421     
   5790.80370208301        8743.83025772105        536.490321176862     
   2604.61034369212        15653.9191618181        2132.55560269583     
   2784.99990640204        2145.28489430462        5911.37029138721     
   8445.21328918339        910.909986387078        2477.97502938477     
   4209.88205013848        4282.85705915477        3476.12998342559     
   6159.49283749149        3217.45762589941        5227.38928514911     
   8989.34118532552        11823.6048594002        5451.36845159687     
   7059.69330916711        868.598008965691        6051.27976735007     
   944.372522704792        1941.72896029782        7058.90418703048     
   3730.96946200240        14386.4293070954        2913.58923742867     
   8741.04954162054        8090.88805552387        5429.16030003734     
   7682.76160190603        5008.46425810027        7261.55826716684     
   8903.11080327603        4344.86890705853        7922.29774761885     
   2546.37500887081        15064.2100679742        8387.57919027570     
   3376.49391936448        3912.30785013851        3648.45922716847     
   4257.15422384728        643.980029359703        7870.65721922512     
   3336.37081644113        5107.38635451394        1674.55475118054     
   1782.35447163134        2484.48528701200        5354.20309136832     
   5389.10295729204        4327.79004938711        2604.77004698168     
   6015.09288079874        9927.09071866929        7435.56909260564     
   641.903886595465        4972.91618470716        9256.07386181874     
   2482.24004664705        4839.54514930498        2071.65228350781     
   14150.4348166863        2405.08456916884        8956.56443372179     
   5199.46939241013        9393.08988994728        4248.22962825440     
   1562.94094040267        604.138755770870        3031.27177320970     
   953.165597941563        3674.84784718993        4011.12660912954     
   3728.57391265905        8059.68954819340        3737.47971962963     
   1464.05642123359        7305.28878557194        3946.72860619357     
   5038.21604151357        6913.26418126588        2781.28915349764     
   6165.95612356296        11532.5597056498        9965.83285785352     
   2608.69686904255        3802.73260488028        5398.54423999819     
   4539.65055445086        6899.89607649886        5886.64446443936     
   4928.11471483092        5296.33413468188        6506.82870365511     
   2026.87899656502        3431.47882252775        942.672152386570     
   2392.50558653846        12575.8543247683        2857.39246812700     
   1225.92942219334        1330.76054032061        2758.10399357846     
   13760.3830177218        4964.37675587145        7068.67427062689     
   11574.6650082259        3089.59165683136        3374.25807331068     
   2760.04861598659        10021.4096026193        3547.08521554453     
   7156.85866939567        1679.50555315680        598.953096015851     
   6379.72367379024        1394.80155943287        2540.71963355827     
   3791.16820785415        6107.52350820749        3855.50984492321     
   8966.01511073909        5950.85458115232        3670.81768770641     
   7318.49718704939        4923.26725027732        2989.88043828105     
   4399.40288328659        9204.36757324696        6095.86516806985     
   1555.51004028271        3737.32001634007        3837.51973907020     
   2290.19214379949        3436.51417330436        476.357335503172     
   2248.79141455969        1242.28491790618        7454.41408077334     
   8757.36746008878        299.960355032171        9046.51496298684     
   5337.54697769867        9070.95896060017        8690.56451349830     
   2502.09022610784        3670.11311437013        573.898468177742     
   162.700074813723        4822.47568594471        4692.91874086959     
   4772.03762937823        8093.78150335819        11581.7295302110     
   3922.47249480324        6356.02182675779        3095.08732885434     
   6891.15936712899        2963.19120030277        1861.20092511662     
   11548.5582175389        7449.88602279885        7567.06126577774     
   8642.17441676261        4793.36271568963        352.277273828731     
   1789.88870917396        5800.84622070279        646.366184391904     
   6582.18047339244        4067.32337843121        5959.13096927582     
   3593.60584436130        1434.71798751090        4649.81764131157     
   1635.26774194958        5350.14474895135        5534.93084927965     
   1806.19723333105        2009.93165924970        5868.51344391910     
   2881.21644120441        3281.41409621131        3394.79403748545     
   6147.16750126217        1806.25359919795        4055.17653411375     
   4942.97651507085        7584.11194051572        9483.21891112419     
   6241.02606396578        2968.88415285991        3756.78502904369     
   5443.08266916222        4651.70589785280        3522.43454308589     
   12518.2202258606        8178.72486478008        7042.22928473853     
   2997.29254977871        2067.35908331208        3238.03116731878     
   3673.45748913967        5436.96697260332        6916.28914945630     
   3776.15609863581        4942.48801089103        12231.3273576386     
   5190.91117495212        6767.48326083402        5405.07328624772     
   8618.49135835246        1627.89320769651        5595.58991637777     
   3575.85059628705        13814.9921484391        5378.62830035935     
   1344.50441753364        1182.46194450045        2347.39410439426     
   2845.17046932033        1825.22071341060        2050.86267293198     
   2589.02518149361        3851.60181148465        7288.87692399219     
   3143.35529954508        10267.1929652471        9451.27825321284     
   5469.00157362617        8223.04722478765        4669.39538574899     
   9973.95893699862        8879.03318379756        4588.66067572248     
   5263.98952139106        18272.1512566783        3772.59565470981     
   1151.03797370237        2860.13560698292        7118.31381074559     
   12272.0892737202        10563.1701323515        2559.40491843641     
   1736.06870059333        5862.80170273965        5015.82000373103     
   1417.32911757152        2570.49959990503        6141.26787385972     
   2809.20904623662        5391.20728298973        6763.04914597103     
   11185.6371891768        4249.72332372731        6410.31155089593     
   4367.96951817736        5346.18974395703        4878.14637382196     
   5377.57613751051        11440.7960743327        4527.78553946791     
   4653.74446337243        5191.22118722009        9209.11170037791     
   2240.97534768256        1900.02761310121        8603.80805002439     
   1738.37970113633        2505.85734487915        5387.24288368427     
   7414.28158353884        3246.09148628582        2214.64309352800     
   2889.57737812826        2742.27457929004        2164.16745971692     
   2759.64466060712        6332.40452852569        4600.15931257057     
   15871.5759568616        18338.3435730440        4156.70085471609     
   4229.53494906511        3692.38702610772        9548.25572721838     
   7981.12492404264        12405.9863905468        5540.37954974688     
   174.395992195967        3310.35796886568        8309.89763137307     
   2237.96916811444        7345.51522591794        10184.3633238341     
   10303.5207664657        4158.37304210086        5990.57372869620     
   2320.59213468218        957.778204716408        929.210104508051     
   1671.00370156569        9708.07174850893        2594.82147147341     
   3820.61937331064        9752.08409624854        3631.06096291793     
   3362.75943646260        4938.84301816467        5628.01907846894     
   3136.76049311750        5300.13883069779        7398.45216925042     
   5071.77252094279        3678.07949022567        3069.02750972314     
   3983.23489932401        3892.73950001224        2594.23902418208     
   4584.42384139365        1160.42289054162        4491.82411638419     
   1945.99397756010        4621.12741505825        4957.12434766335     
   1743.51838933560        1585.76911649814        2749.29212971938     
   2887.01273118420        501.008007961813        4021.53550588418     
   2139.19738067916        11306.4574248821        5460.34001874550     
   11716.9888221544        3528.52205671135        5278.42857762922     
   6318.79217166877        6752.48994023799        6836.69115107899     
   10013.4714096972        4390.74132840592        9390.37493402481     
   3545.57273144932        6332.67696354905        4724.89697602554     
   4424.33538507974        1820.73023268071        7599.33072457936     
   7770.86145187445        2577.92110571385        2558.04274331961     
   999.488946224170        3678.86861236230        5565.25568567314     
   2517.34658741609        4381.61945227889        1831.97522312774     
   4861.77208948682        3633.63500417314        1457.09523667115     
   7668.19102531177        3137.79386734404        4323.22441416802     
   3772.67080919901        3193.41758366554        5237.19694599013     
   3148.17458116523        2608.45261695264        2519.93002298245     
   4780.53948096934        3161.82451526676        2022.89580863725     
   8294.27489192996        748.519923841319        1054.25778023098     
   3805.94545929372        539.825301635253        7329.93945803058     
   10539.1770616734        561.140993635503        2447.52806694634     
   1823.26669669132        11306.1943841698        1560.36689914746     
   3538.48942084192        3799.14397802083        9404.80459595182     
   5038.91122053870        5942.50303853962        1848.76285715349     
   2466.29790062483        2270.41711882791        11345.0492550879     
   5443.29873831868        6715.67363483958        2128.39392285621     
   7052.72273029352        1825.49314843396        4203.92605686913     
   6826.78954712647        937.261029163941        5952.11341884648     
   2797.43797436517        4558.37341657360        1260.90444260626     
   5927.80094158925        3048.43517968147        12595.8642075186     
   7420.55698338731        298.616968537664        5219.95838502915     
   7347.81683214978        3277.13968463788        3614.66788996049     
   5774.42002343672        726.142674681073        2068.55216082818     
   7081.29083050188        3656.06861920029        4527.79493377906     
   4272.91787795765        2464.32509528325        2822.28592735797     
   8737.99639049666        3897.44604989858        3036.96472576684     
   5663.98989586381        11661.8630043239        7110.32864626775     
   2240.17683123478        4863.74489482840        6723.63061638397     
   3428.36930553697        14019.4687249386        7763.48691762139     
   11576.9854030800        5503.97659403910        2125.34077173233     
   5098.97844603434        9565.97339804803        6022.32650038454     
   2920.37193007926        8956.12290109772        4663.56151852460     
   7538.37103952443        12316.8343777295        4569.52446390912     
   16304.3624772493        2670.31415587800        9699.89869780809     
   8574.83599443656        7225.96322221799        7590.17127120772     
   4389.61401106787        928.327039259914        4889.97381156031     
   3513.66025647142        2481.58244486653        1644.18294323130     
   4021.76096935179        6521.38988593822        2098.80184273246     
   2037.65427145452        2359.76641217933        3080.38523190397     
   6610.69220773390        10402.8843955034        3082.01044773299     
   2808.41992409998        1290.44955117426        2154.95164047838     
   2334.83391038618        4277.21107815338        3381.63260756375     
   4913.45019512515        662.439850770233        12673.6021322882     
   3350.65016938974        7122.34397022911        5367.48664733498     
   4943.74684858518        1036.89709322505        649.672981916843     
   6559.41805747503        11451.1861824651        5977.77867690936     
   4324.54901204023        778.807182990198        7687.25208263592     
   4385.20807913834        689.983971063196        2974.96227217422     
   6096.27851776047        8411.92924477753        7345.93796991970     
   5830.10010562512        8191.20050998781        8615.93610571955     
   14123.8395218195        4504.35612745882        1819.67806983187     
   2520.95400289784        11766.8444314295        5927.52850656589     
   3878.24407790717        4444.46739387504        4586.31209793488     
   742.723633861524        3943.28089400137        3417.55645340286     
   4759.13924016873        3641.27257913841        1994.82560691986     
   6040.83329335082        4450.38580989979        2944.18650884552     
   9043.32089719570        4669.97783304032        14579.9521167936     
   11047.7850673559        2606.50799454450        2120.49330717872     
   6865.27803990965        3167.66777680231        6584.86724638145     
   12302.5362361586        5477.73828299604        5623.79163845126     
   2430.81558740978        2454.66774342064        1709.72705212762     
   3779.06833509243        4418.05998523128        3603.61078573647     
   6281.82555729195        1390.41441612563        4249.85484408342     
   3953.94343715707        1023.69808605874        2457.50482538806     
   4146.96834836427        4493.43054359091        3549.41500470983     
   4309.65902886685        6049.51363685379        5311.50594718977     
   1532.16517707397        4132.71717834912        4251.68673475775     
   3168.09991511523        3395.72407428934        5507.22702569713     
   1969.52672699185        5427.61023869752        2530.01011884682     
   7723.32623745345        3654.07702523640        2745.99472650560     
   5894.52629149454        6310.00849074314        2775.65256680740     
   6016.53021040475        3135.55802129025        1817.97769951364     
   3388.43408883663        3401.91492533745        19996.0731129542     
   3246.07269766352        6568.94388898153        4269.48895438775     
   3677.51583155664        2052.48788876100        919.505781089691     
   692.933784764421        75.9717942732592        3164.52068256692     
   3751.26117408726        1647.18912279943        9273.47212606928     
   18926.0892558574        12725.3929696603        11491.8917326797     
   6996.75142445945        4264.91392485751        472.158078418945     
   6258.75312910658        1142.16034966525        3095.23763783275     
   56.6195133034417        2604.00910777850        4640.41393585002     
   475.558819055388        8519.03378620321        774.232153459955     
   1550.38074639459        2032.20557098729        1642.55772740228     
   4350.92823775054        1463.48336825342        5352.25846896019     
   2904.45796699049        6845.07087662515        3047.38301683263     
   6463.77457565284        5735.84698185319        1674.92112931540     
   2465.32089226519        1476.71055835318        3943.86334129270     
   8395.15100506292        2275.97855102894        5110.56163168278     
   7874.21766315112        12307.5527983129        2696.60883278796     
   3345.47390394587        6013.04492096795        6029.91710379406     
   3151.29349246717        6454.44602468050        4292.30773617206     
   3763.99986000720        4273.86670338383        2528.77006977497     
   4757.34492673901        6288.14792869617        6124.83722365767     
   6000.78534491668        6940.62980964698        7499.78860362975     
   1701.73249333863        6459.80078203622        7845.64956294276     
   1145.71139928010        3714.92397855752        5535.02479239116     
   2095.07230120575        2174.82060856147        7927.34249270661     
   1651.13473348260        999.507734846471        11050.8851900355     
   5413.31209712662        5113.61478280666        2336.79732141661     
   7056.08589368536        3907.23492211730        4283.95619355936     
   764.809659376107        2840.62362272354        1138.30868209358     
   6613.50110676786        3686.48739870527        7584.41255847253     
 ------
  0.000000000000000E+000  0.000000000000000E+000  0.000000000000000E+000
  0.000000000000000E+000  0.000000000000000E+000
  0.000000000000000E+000  0.000000000000000E+000  0.000000000000000E+000
  0.000000000000000E+000  0.000000000000000E+000
