           3           8           8           8
   5.00000000000000        7.91500000000000       -5.20000000000000     
   745000000.000000        27693444.0000000     
       40528         683       12820
   2629796.39999994     
   7942617.40000001        7825179.00000000        7766591.99999991     
   8888522.19999988        8623062.40000012        8782690.99999996     
   7870005.00000011        7007677.19999988        7666622.19999993     
   8290058.00000000        8293401.40000001        7312319.60000000     
   7974244.99999997        8209169.39999996        7945400.80000000     
   7991895.19999997        7824735.00000007        7149150.00000013     
   8471407.79999992        8973281.79999997        7930621.19999995     
   7769360.80000004        7272612.40000003        7629263.99999990     
   8867981.20000009        9636316.40000007        9738589.99999994     
   8181883.20000008        8503810.59999990        9282903.00000004     
   9373942.79999990        7902169.60000001        8611956.79999996     
   6995673.60000006        7478639.40000013        7659606.39999999     
   8142451.79999996        8189903.60000008        8859830.20000003     
   8232198.40000003        9160064.19999998        9013540.40000014     
   8560743.79999998        8524447.39999996        7200887.80000003     
   8021365.99999999        9263866.80000003        8596929.99999991     
   8609710.39999997        7533619.39999998        7685116.00000012     
   7806062.20000011        7711246.00000011        8447558.00000010     
   7254483.40000004        7373466.39999991        8079349.20000005     
   8497458.00000001        8789173.60000007        8404635.59999999     
   7645800.80000011        7349755.20000010        7971771.39999980     
   7534105.60000001        7800327.00000011        6931272.79999986     
   7496996.39999971        8713425.20000010        8108129.99999986     
   6932134.80000011        6955777.59999982        7725945.59999997     
   8412691.79999992        8244866.40000002        9556475.79999977     
   7344868.80000009        8455724.79999997        8030447.20000030     
   6912953.19999999        7781120.99999985        7826252.79999979     
   7433410.79999986        7824765.59999982        7728605.80000022     
   6786570.79999992        7632266.20000000        6455493.40000019     
   7305065.59999982        8741840.99999999        8383935.39999993     
   8828703.20000008        8639567.20000008        9429481.99999967     
   7667721.00000003        7235523.79999992        7969197.60000028     
   8438683.59999969        8777487.39999995        8375299.40000019     
   7773594.79999980        7429917.19999997        8101404.19999998     
   7933356.79999973        7559012.99999980        7390045.80000028     
   8556806.59999990        8055626.00000021        6583112.20000007     
   9780364.79999989        8223505.39999980        7562593.39999999     
   7807833.20000040        7590911.40000004        8298369.40000019     
   8728757.80000035        8308956.59999995        9199682.39999999     
   9094729.59999995        9647961.20000020        8947351.39999991     
   8436315.40000009        8216394.79999995        7439005.40000007     
   8288773.20000022        7893115.59999996        8953687.19999981     
   8507808.19999976        9260152.79999965        8542152.40000019     
   7151071.39999945        9162573.79999986        7368308.00000044     
   8539682.80000031        8056578.20000004        7917309.60000045     
   7543845.79999964        6801154.40000014        7438066.39999993     
   7990932.39999996        8651225.60000024        7517121.99999988     
   8066144.39999950        8140548.20000006        8011640.79999951     
   8032076.59999972        7831769.40000021        7966654.60000039     
   7694670.99999982        7610311.60000020        7625126.80000005     
   8680916.40000039        8174541.00000028        7887216.20000049     
   7562842.19999988        8542040.00000002        7773442.80000081     
   7605695.39999993        7496528.20000027        7513790.60000002     
   7944856.99999968        7737530.20000029        7773104.99999944     
   8122421.39999991        8629182.60000009        8010797.00000021     
   8053909.99999955        7778803.59999975        8627736.99999991     
   8588534.20000030        8783290.19999995        8056775.39999989     
   8461321.40000026        8005774.39999977        6078519.80000089     
   5976716.80000019        6835234.79999973        6879427.20000037     
   7033848.19999953        8134370.40000048        8962575.99999993     
   8495624.40000004        7903484.19999949        7155173.60000013     
   8161573.19999920        8411849.99999987        8461718.40000055     
   8154653.79999982        7859720.80000023        8710599.20000021     
   7969016.80000068        8767129.00000053        7642436.39999951     
   7995528.19999995        8100162.80000025        7487507.19999981     
   8177475.40000020        8649713.20000030        9304897.59999937     
   9008066.79999922        8018902.39999946        8811553.20000017     
   9024134.99999955        7831915.80000010        9006464.39999952     
   8284103.60000000        7966861.79999986        7508386.00000004     
   7664091.80000079        8042283.39999986        7594883.40000023     
   7747174.60000006        8273410.79999989        7529447.40000010     
   7065133.00000014        8551774.19999944        7512042.20000035     
   7468492.40000023        6951132.00000001        7891661.39999964     
   6882044.19999985        7514673.19999982        7762160.19999980     
   7960796.99999982        8318782.59999980        7626400.40000062     
   8313403.39999969        6178608.00000029        6706022.00000008     
   7125922.99999951        6773256.79999963        6724395.80000027     
   7650650.00000005        8348186.00000008        8802569.99999986     
   8407435.99999996        7191396.59999981        7819413.19999957     
   8722379.20000004        8064262.80000015        8893895.00000048     
   7634105.20000024        8060750.80000071        8250393.79999955     
   8236013.40000078        8947678.39999976        9041806.99999906     
   8312413.39999986        7340200.99999995        7391675.00000053     
   7171011.80000003        8622066.60000040        8630876.00000060     
   8424513.00000053        9155832.19999958        7876086.00000071     
   8941654.59999998        8926462.80000001        7591878.00000046     
   7406518.80000095        7021223.00000024        7576872.39999997     
   7585052.19999959        9560602.20000061        9075646.79999886     
   7604999.79999987        8173696.59999993        6930631.59999905     
   7427000.00000010        7975379.40000044        8666233.80000057     
   7877773.99999971        7837537.79999942        7435936.99999934     
   7848155.59999907        8078054.59999952        7714436.80000214     
   8657627.59999895        7197974.59999957        7585019.60000012     
   8489624.80000052        8442043.79999865        7327106.99999980     
   7705785.79999872        7245943.59999881        7560696.60000002     
   8285633.99999970        8248539.19999979        8528503.80000135     
   8889423.60000042        9711385.19999931        8505027.20000083     
   8732672.80000050        9410809.79999968        8945954.20000068     
   7726741.59999984        8005553.19999896        7930424.59999981     
   8412910.59999951        8706515.00000062        8727177.00000024     
   9340275.99999911        8812850.39999945        8802271.19999974     
   8811023.39999954        8366651.60000131        8145702.20000093     
   7528119.20000007        7491096.79999868        7171868.79999955     
   7732989.80000040        7750538.19999988        8032413.60000182     
   8096760.60000086        7383627.39999832        8352098.19999943     
   7472053.80000002        7383989.39999876        7245956.40000022     
   8720546.59999994        8813750.80000020        7803043.39999994     
   8447755.80000005        8279560.39999952        7812712.80000081     
   6493635.40000008        6883039.59999963        6989018.59999925     
   7643788.19999943        8509464.40000008        7722525.60000009     
   9179217.60000053        8335982.19999984        9674637.40000195     
   8777635.60000021        10386705.8000009        8627621.00000018     
   8878980.40000037        8115671.80000142        8003248.20000066     
   7882578.99999978        8086366.59999995        8223153.39999970     
   8454541.60000110        8355313.79999964        8555088.00000123     
   7686922.39999996        8429069.00000210        8798894.80000021     
   9149234.99999842        6902760.59999912        8048997.00000018     
   7459710.00000115        7773107.19999965        7840095.00000007     
   8882944.40000076        7967693.80000075        8246264.20000035     
   8040465.99999984        8415759.00000009        8941393.19999933     
   8385616.00000004        8655523.39999943        8705452.40000037     
   8557791.99999944        8653014.19999910        8511148.19999954     
   7703347.79999967        7620157.60000184        7103734.39999926     
   8210463.00000032        9369427.80000109        9192514.59999978     
   6414824.99999881        7018026.40000043        7310777.40000087     
   6774049.99999909        7996954.79999845        8561880.00000025     
   7950037.40000018        7785181.99999995        7279573.40000011     
   6568208.39999925        7348203.79999895        7909034.99999995     
   7472296.80000011        9549629.40000097        8236070.80000049     
   8261848.80000007        7567230.79999990        6966003.40000054     
   7699294.80000074        7740039.20000064        7539034.99999987     
   7653418.19999914        7745987.80000214        6945646.80000053     
   7040204.59999988        7424021.59999966        6638367.19999908     
   7275069.39999936        9040278.60000030        8712203.99999934     
   8573975.79999970        9409250.20000072        8716651.20000079     
   7643016.20000043        8562271.79999907        9110360.79999974     
   8389998.80000126        8023236.39999998        8754586.99999889     
   8534599.59999907        7846560.79999965        8852860.80000110     
   8100543.60000029        8403064.60000055        6554626.19999840     
   7462655.99999903        8557133.80000064        8256814.40000061     
   8494294.40000043        7233261.00000004        8176871.80000044     
   7193379.60000065        7756840.79999879        7689872.19999929     
   7965901.80000014        7725312.59999903        8931497.59999964     
   8806694.79999951        7137038.99999942        8146607.79999941     
   7428631.79999880        8918397.60000011        9123327.20000102     
   7915916.59999923        7455399.79999944        8265574.00000034     
   8950178.39999939        8307379.99999916        8716461.80000013     
   7824072.00000003        8554686.19999970        8132753.00000023     
   8029029.80000072        7827271.59999991        8469291.00000179     
   7952276.20000075        8058791.19999880        7691484.80000002     
   8212572.59999992        7559045.99999866        7722068.80000040     
   9139923.20000078        9500005.79999878        9555130.00000017     
   8318879.20000019        7550276.00000076        8121013.99999964     
   8876784.99999841        8516329.39999960        9165332.00000049     
   9303490.79999834        6618215.19999990        8192974.59999917     
   8549087.39999890        8030173.00000112        8267261.20000104     
   9456272.40000009        9137233.40000086        8901089.40000019     
   6869974.20000061        7201078.79999977        7594119.40000024     
   8652904.59999966        8330434.80000021        8040333.20000047     
   8403247.59999961        8385262.80000049        6981804.59999988     
   7495063.00000079        7861674.79999986        8448435.39999988     
   8046443.79999845        6856963.20000147        7669658.40000029     
   8590619.59999927        8850195.80000057        9132964.80000069     
   7557841.99999921        6553797.39999867        7577066.40000026     
   8633589.59999864        8057315.59999950        7656973.20000086     
   8184150.60000036        8690125.79999990        9949708.20000085     
   9939645.19999863        9932937.59999980        9221487.00000240     
   9375319.00000141        7746351.59999939        7125576.79999970     
   8332165.19999929        8620466.60000180        8245595.79999965     
   7252810.59999805        7302134.59999932        7601627.80000133     
   7536645.19999748        8504978.59999922        8349751.59999871     
   7468340.79999836        8043623.00000016        8204765.19999908     
   7542041.79999927        7222935.60000056        8136603.19999849     
   8473529.60000005        8362780.00000310        8520348.39999924     
   8111378.80000136        8349304.80000003        8174915.59999716     
   7401269.80000009        8469028.80000158        8011667.59999970     
   8588424.99999958        7560993.79999782        7878457.00000184     
   8021193.80000130        8107232.80000072        8699020.59999854     
   8164998.99999876        7924883.00000018        7198051.00000096     
   7585670.99999987        8129424.40000013        8556131.79999957     
   8967327.60000028        8551208.00000110        8533608.39999959     
   8554382.40000001        8671236.00000330        7666639.80000112     
   7724521.39999758        8222022.99999907        8065252.60000100     
   7264283.79999712        8504885.59999920        8708821.79999957     
   8001793.99999927        7409466.00000142        7453400.60000301     
   7407094.60000057        7483596.39999993        8365963.19999889     
   8391444.19999924        8173854.60000158        9443855.40000425     
   7951214.99999650        6771760.99999816        7721430.00000094     
   8007185.60000223        8744935.60000302        9225563.60000133     
   9213710.20000556        8117182.00000002        9044906.00000285     
   7597892.60000408        8123245.80000055        7810574.99999973     
   7414969.99999720        7454330.59999960        7107122.59999772     
   7167000.00000008        7578489.79999975        8037145.80000023     
   8125365.59999912        7909089.99999731        8105128.19999979     
   7541918.19999712        7258742.79999972        7533836.20000340     
   7944737.40000004        7869077.20000248        7995285.60000001     
   8551787.40000043        7956344.99999973        7754386.40000082     
   7016520.80000041        7953813.60000144        8113877.40000152     
   8234282.40000217        7242216.99999807        7024619.39999801     
   7789513.19999920        8817698.60000055        7572580.99999949     
   7084840.59999749        8958226.59999450        8402393.19999927     
   8614843.80000071        8005273.99999926        8056292.00000228     
   7843569.20000110        8044812.59999823        8195527.00000148     
   8130032.39999880        8059715.20000037        7948524.99999833     
   6759867.79999954        7588187.60000049        8406791.40000183     
   9213408.99999823        8703704.39999788        7189408.80000075     
   7150809.80000131        8247547.19999714        9913276.39999637     
   9692884.80000176        8757574.99999844        7834544.00000153     
   8137357.40000201        8220030.00000086        7104208.80000039     
   7923501.79999869        7530635.60000140        8238697.39999854     
   7583120.19999835        7458767.39999982        8359818.99999974     
   7716345.59999854        7542035.40000144        7259390.00000061     
   6823492.40000027        7554770.00000001        8266310.80000074     
   8858455.79999891        8227089.79999713        7806571.40000177     
   8827030.99999874        9055013.00000228        8254874.60000305     
   8505798.80000209        8145820.39999914        8189232.79999748     
   6256406.00000262        7137588.79999874        9211149.20000273     
   8889968.39999986        9260615.59999697        9472619.79999816     
   8972460.39999811        9145750.00000172        8363918.60000115     
   8796474.39999961        9149661.99999969        8888641.19999912     
   7779356.60000001        9069207.40000227        8896823.99999937     
   7607755.60000134        7425774.79999998        8115492.00000000     
   7418679.80000153        7453720.80000039        8888156.79999925     
   8336268.59999886        7872206.39999959        8379192.99999662     
   8109078.40000006        8416223.40000072        7744036.20000124     
   8007741.80000090        8690521.00000325        9043658.59999878     
   8096782.19999788        8049272.40000010        8447334.20000244     
   9104062.39999934        9614750.20000343     
   1654014.82287877     
   5334568.35618459        5098331.10813926        5098235.63179896     
   5484723.27950787        5074564.33031607        5286656.19840781     
   5259672.54508057        5115446.24237123        4978950.03387135     
   5330006.35492700        5127294.23043698        4919740.03639583     
   5231124.26221342        5530343.85314595        5082591.39234887     
   5691885.89622697        5188781.99093103        4962581.56155564     
   5219992.33541289        5422137.87084473        5357654.01831595     
   5271237.55628039        5328316.70155131        5013805.76395394     
   5196614.66926070        5519909.85915986        5516276.82918075     
   5141270.97472111        5338304.18835908        5341700.32642459     
   5780826.74466500        5281658.14080806        5341965.65546445     
   4764923.92561830        5006381.35952942        5064228.76602251     
   5390346.39806157        5451376.59970625        5518161.37953181     
   5111767.61657200        5084978.08808533        5272414.11874798     
   5375573.00999182        5400703.76255344        5001898.42124905     
   5263250.23604070        5888014.61391674        5300417.41416215     
   5334559.77956730        5281627.24068047        4791507.65831942     
   5173615.60006811        5288851.61930466        5561301.04084895     
   4720034.86346358        4855656.41417925        5271017.16160519     
   5130677.24436362        5730081.35934173        5029165.61853330     
   5180760.72138603        5030085.74412749        5028337.74239940     
   5159068.91768073        5288435.32465182        5098078.27429845     
   4951355.40911524        5392864.34141467        5352328.93849174     
   4963483.38085186        4876854.30053317        5082674.67135615     
   5262450.91000187        5217330.91348542        5659316.29027136     
   5202728.97663313        5140390.00656919        5427442.47814372     
   5001667.38198782        5397808.83493237        5189437.44456993     
   4899569.83171535        5246611.50935948        5085555.93178103     
   5025904.59418913        5152868.20056504        4876190.66181703     
   5001377.51696217        5251390.95525975        5457876.89588265     
   5507697.80529635        5275912.13963047        5601017.05489765     
   5207810.60124901        5175370.99619323        5209185.51215396     
   5509475.08681336        4946619.33250166        5440578.88577417     
   5027162.92514881        5197311.78839226        5219924.77933616     
   5019989.52502344        4929905.98509813        5275421.91246636     
   5528543.05596627        5493671.30343308        4967388.61527833     
   5625195.69230852        5547336.21049184        5015792.03668955     
   4998277.88537528        4969791.21638526        5391050.75835950     
   5134682.96923065        5364217.87571068        5237218.79001688     
   5561147.32504093        5625975.46861373        5343616.16847362     
   5282003.74209838        5551647.60654089        5359472.82977054     
   5718223.28434090        5457932.08979866        5615253.42163176     
   5250640.72721221        5576565.51409753        5367824.05521692     
   5313658.97733628        5653369.68758953        5083017.88659225     
   5206672.77977884        5193894.59032406        5154825.98427308     
   5075252.27333762        4941105.43151576        4932965.68945583     
   5174992.51995680        5303114.04989641        5105237.37367718     
   5206745.81788030        5036029.46780412        5593137.50739471     
   5254569.26584670        5124070.13261825        5254563.19130632     
   5667698.55704485        5230606.73569252        5351684.34143892     
   5434642.67528733        5246746.80082821        5407177.32525191     
   5303301.07792037        5439497.74886306        5180374.59478291     
   5047300.47733084        5056809.77140706        5061234.43659070     
   4898938.30091001        4904081.22620462        5032357.18565036     
   5546205.85564904        5327822.78090876        5417170.65270248     
   5145633.27472246        5620459.02732651        5598716.92605440     
   5265329.87770851        5510458.67700096        5152473.03692064     
   5550336.94920765        5480185.85595312        4555540.41716586     
   4838075.92146114        4877501.38393650        5088679.99433988     
   5012242.58636318        5208100.21743829        5470897.51523193     
   5313233.53802188        5115626.97122171        5010290.47784290     
   5433884.73190150        5589813.12759753        5483856.15292650     
   5439806.71831549        4970263.36683492        5588486.82134512     
   5032971.80424205        5404109.50928030        5305611.98867464     
   5281032.89585405        5152695.18143885        5037044.54734675     
   5146910.54066482        5545052.87470004        5549470.32146849     
   5676460.29076492        5283907.51801917        5612545.74516464     
   5412889.87627470        5302979.67173038        5792256.18415114     
   5143281.46224553        5391647.35100261        5370027.51347678     
   5451898.68446541        5107678.54787483        5101894.67990515     
   5188083.94331463        5183150.20318687        4943435.25647192     
   4895072.97413152        5571333.10694104        4949800.43169254     
   5241123.45086659        5193768.85682242        5231674.27394130     
   4780724.22323747        5025643.48361788        5329763.32363115     
   5389687.09664220        5224892.87912003        4826806.93471793     
   5568943.07356518        5004883.57444472        5290509.07304772     
   5095600.86443785        5121563.15666755        5041824.59166951     
   5164046.30712290        5520578.07335463        5454941.42986367     
   5501066.25547515        5110046.80625081        5218613.50043529     
   5365629.43185248        5194862.55043920        5439231.97196873     
   4952487.82804708        5136212.27294365        5361946.06902687     
   5306618.15955250        5410497.85592081        5651086.78052572     
   5212346.22911431        5038712.62035028        5026231.73147752     
   4849973.84020202        5134183.75870902        5256898.26148401     
   5237104.08544294        5666679.02481694        5106777.10210769     
   5342534.29975499        5452677.67570647        4962193.57040195     
   5191836.19931648        4810901.03102805        5185442.51628900     
   4906851.37045132        5621987.45338818        5557945.27121467     
   5273695.89998400        5284032.91383948        4683841.51316327     
   5068095.60897710        5339378.68493891        5353162.23752113     
   4954485.88324856        5218056.78979079        5099610.58511406     
   5167431.69543977        5149656.04164108        5353539.18433663     
   5300918.86125714        5136778.62549265        4918983.51463236     
   5413135.42814922        5326189.63867904        5048119.44117642     
   5269963.22682322        5048319.69664736        5241363.99423836     
   5497029.05376986        5193342.27475064        5595843.30305552     
   5253690.17431096        5677215.83144290        5304921.63673958     
   5639870.74670473        5625896.20221424        5381476.79615756     
   5104750.30429555        5434384.64740210        5148188.27208048     
   5510780.39914097        5517866.84198436        5282784.42671570     
   5676130.87633735        5568302.75736151        5089696.61925749     
   5228083.26607657        5196382.19399329        5985793.43489882     
   5151796.74214013        4943583.26914705        5151854.68587323     
   5477415.32932738        5239425.37924682        5154110.72176829     
   5144819.63277002        5232179.11573735        5126607.20744946     
   5433869.78061580        4927800.05970065        5270033.50100265     
   5281493.59576723        5536978.77425215        4841177.72748326     
   5200855.98634208        5209492.67592511        5493387.94671551     
   4668957.01623576        4736440.51868342        4983336.84849491     
   5216317.35900358        5239584.93724372        5061559.80802452     
   5597656.23637863        5296478.50177636        5602098.37661026     
   5436363.55275893        5897072.56450643        5473761.70652711     
   5322415.01078384        5011278.15763544        5342029.80125162     
   5379855.26273471        5366940.34852291        5334883.51687986     
   5415810.43250843        5512591.43486544        5571477.05731493     
   5205544.70482939        5039505.47680396        5491578.88123429     
   5272871.05657643        4712909.17881875        5391518.45935732     
   5034336.02584924        5006059.34486089        5169098.62301825     
   5443762.33399690        4877459.33129638        5259920.06290718     
   5262701.39836573        5310890.99584006        5486507.33932604     
   5528304.37041351        5371692.91167732        5278458.63013201     
   5510389.71677969        5342576.18041047        5428777.06874274     
   4998807.30283958        5047244.13710074        4994931.49905809     
   5142511.31025960        5386895.20544017        5495877.69628951     
   4583776.30032389        4800313.00873404        4898262.72013603     
   4771177.78557707        5142998.42711918        5394468.80825666     
   5312987.89502520        5592797.83189007        4965086.54804284     
   4876702.77412490        5446393.93165290        5159374.68091120     
   5269178.93654476        5295401.63952271        5122047.31513994     
   5412769.35118238        4730436.89321955        4698655.31378282     
   5195075.62202965        5640472.59762805        5341550.17308152     
   5250436.19104763        4864112.61128367        4900583.07497673     
   5108491.23437969        4738729.94940737        4654550.33884575     
   5189577.01641916        5273816.35654896        5882403.36099338     
   5533089.45958836        5561887.73725601        5629419.99669670     
   5111041.99669667        5394867.59562129        5687514.02927842     
   5220601.09689012        4944864.48177960        5448199.28198432     
   5648752.34445197        5347759.03057746        5229165.73678151     
   5564250.73455312        5194422.48815808        4896889.10296355     
   5239882.84560302        5365055.89211279        5274870.47880816     
   5498042.10747816        5263074.25542698        5314742.92216290     
   5192867.86577312        5344094.22678419        5324007.61228030     
   5240455.76703992        5331548.96262134        5389600.47771675     
   5409284.03161683        4788027.13198631        5340688.30150197     
   5000377.74551856        5490890.14555322        5628650.70751927     
   5251881.92950866        4960146.59374720        5394633.11874574     
   5698024.95882064        5445080.25106149        5274708.55011964     
   5084547.44977313        5446926.76836240        5155053.77938672     
   5187061.71882973        5292717.36142530        5241509.36471841     
   5126193.92428827        5054169.81793078        5115158.03735404     
   5217880.37980192        5259303.23091292        5334809.92643724     
   5282274.64827560        5643950.16190330        5976981.48931112     
   5417339.08842459        5146283.91576804        5266419.49994992     
   5116319.52132651        5583669.50347657        5490651.96155176     
   5576156.63980546        4989149.12751696        5405206.32720443     
   5235900.89761761        5426068.24221910        4800843.13561894     
   5611778.22573684        5272416.18788458        5448383.11500009     
   5220753.79407628        4887013.23957420        5374097.66287955     
   5519166.86593311        5204726.01775230        5489677.89029358     
   5562944.83549096        5508154.64099879        4895442.26974126     
   5137433.10541841        4959582.33206711        5374296.14051775     
   5353398.26044219        5083279.44588186        5164124.18013786     
   5378952.90316659        5512015.58660291        5507864.57367418     
   5265587.64990433        4859979.80602778        5193399.70101332     
   5427470.79610154        5445587.44784917        5308969.24138162     
   5697174.98632260        5274211.15829036        5705176.98161618     
   5274121.24141895        5322696.57947644        5587023.90704450     
   5930254.58435410        5376387.58625082        4673560.52595585     
   5176521.84471675        5489636.25488988        5354024.76325065     
   5143869.91494380        4798782.57141032        5276983.51594259     
   4839820.36195996        5369247.45983121        5469542.49341474     
   5153466.01222703        5023024.47362837        5596236.64532353     
   5165841.92727106        5128366.94956266        5162127.13171061     
   5182422.78287914        5565479.92973082        5276898.57430890     
   5344405.11888093        5276507.85882781        5184360.13063507     
   4892915.14241192        5345220.20176366        5305866.05726919     
   5276233.95321408        4967582.04397864        5043629.84109372     
   5291795.65470935        5389272.85582958        5266091.53408952     
   5686896.41581531        5328511.21553932        5038809.37337811     
   5217812.14197217        5004369.59430307        5275752.00097465     
   5657641.40160354        5504108.84577511        5361426.48076870     
   5425484.82717557        5496848.98037316        5135667.16316140     
   4829819.72541526        5339787.39726397        5364471.64403121     
   4915142.22610741        5462887.04988067        5574554.32108805     
   5259457.76341679        5031481.00962637        4753876.88035561     
   4918262.58010262        4875953.85333617        5215129.99850004     
   5345783.63583412        5679362.85673082        5733635.58522034     
   5532670.69480442        4921311.93797973        5354871.03340800     
   5319157.97585054        5682727.46738006        5486337.97565565     
   5845955.83967464        5067873.70961475        5411160.67108702     
   5059692.66588369        5066784.66782300        5173637.69069285     
   5214693.38675404        5201944.35320655        5042617.03700189     
   4991796.65081813        5074306.65412092        5199332.74997959     
   5204777.83267909        5220742.98884397        5239867.28046845     
   4980841.28553624        4875207.37685074        4910289.87114403     
   5173271.42391273        5196186.90911779        5307966.72824278     
   5312024.30903826        5179098.86262059        5088336.79480151     
   5086104.44580318        5312023.80653165        5429581.60542592     
   5046642.61161937        5265536.09889147        5018357.11636167     
   5182690.07223671        5369826.47932997        5163595.55991607     
   5017099.50491522        5246199.65374159        5496728.07053004     
   5527039.23539971        5251400.84236610        4989519.15567493     
   5110122.86703447        5241266.86289454        5163264.39322340     
   5178127.69050233        5437144.46926346        5210059.27091035     
   4751691.56307046        5399551.57899779        5247845.91454844     
   5661839.84615111        5579690.08659296        5050562.45302589     
   4996170.79905601        5328119.44227011        5687857.99899674     
   5151354.79770049        5478220.39474622        5014614.19015180     
   5268462.03671812        5112945.67106468        5149360.31569795     
   5196433.00570224        4988828.17188875        5120971.24445797     
   5389908.30520975        5142715.24340209        5473677.47444310     
   5240369.00591019        5187434.99836100        4910998.12605424     
   4957463.07420776        5183762.48141993        5241509.47175106     
   5174741.36077122        5075793.05110948        5241735.99184509     
   5394722.48808680        5590582.11711147        5385398.02095273     
   5189029.10165293        5263061.35955899        5314955.33494635     
   4807920.37620530        5011514.48706414        5851881.08400366     
   5619723.42917122        5643544.77742844        5624855.14090227     
   5455826.96329731        5755760.52457126        5299249.84199620     
   5159109.97477149        5284841.93992453        5425165.94298517     
   5197842.86909696        5491235.72108718        5275199.44263890     
   5056335.14714082        5024726.76890722        5181284.27737874     
   5045256.48168969        5112790.75792116        5205256.64326415     
   5356113.73396844        5097694.06066853        5516936.39200071     
   5256192.75203726        5118175.24557757        4687345.53346757     
   5759388.04961106        5447765.42767869        5320503.71285920     
   5042882.09691575        5045688.77700583        5550506.74319945     
   5556323.12884482        5324293.27941239     
   2185.72460167332     
   6775.52972179445        6635.33713572399        6639.41739952574     
   7174.13512596056        6848.48584253406        7180.30597341738     
   6859.35794448426        6260.18239449242        6345.60160227752     
   6665.38733246559        6647.82923263746        6061.61473314878     
   6614.07059632493        6774.98646505770        6501.36990095504     
   6745.64533623976        6390.44302448089        6116.20949122559     
   6837.70024045200        7293.87189150565        6846.16383751507     
   6283.86300887873        6268.25039783548        6219.16700682250     
   7014.94055288589        7394.72913111227        7532.65848612975     
   6614.59925791533        6973.07551915280        7221.53980197681     
   7356.73927837902        6546.72499205561        6857.27511320064     
   6013.22806568725        6205.97760361368        6504.87309613192     
   6666.80630873452        6809.43602497341        6921.13019287851     
   6490.81341590705        7100.22495464084        7049.89293279945     
   6897.27427584262        6997.09141345389        6364.67506910669     
   6582.02943592250        7629.64268855254        6963.47317450268     
   7166.77029113872        6440.24155279138        6534.36410289635     
   6622.18666548443        6608.02372173646        7002.16793933168     
   6314.36630744942        6082.41596832513        6680.52517180451     
   6946.38399997312        7022.82692431038        6684.68673765222     
   6457.05269260412        6207.96797762051        6476.65601858565     
   6612.39126287898        6631.06478131959        6267.92571407701     
   6246.48592129545        6960.90263021913        6807.40839122962     
   6142.18021988727        5930.88693658817        6527.81748925215     
   6862.53067459150        6796.59889758629        7402.57626582046     
   6455.14902443847        6687.06634274658        6773.28143912996     
   6228.82009158314        6617.54061053522        6455.37174305178     
   6347.12482599899        6649.81957857913        6511.88704247513     
   6029.31621914040        6421.98435301148        5870.44245279272     
   6133.70881479723        6837.66839967816        6930.16087712709     
   7254.74158020031        6942.09276020909        7624.30083625796     
   6698.52773549037        6392.28640631745        6721.30829514366     
   6956.89940181516        7085.96736650555        6672.04048211936     
   6440.55082136564        6338.89112604378        6752.69210577897     
   6702.87402246483        6332.35530829597        6275.59631339626     
   6919.76893159293        6974.96509459330        5990.07738434841     
   7533.81478208724        6669.27007819488        6448.95507762601     
   6422.79882858456        6290.53174536197        6765.21145664810     
   6918.62215168149        6899.51886495216        7053.65026986111     
   7163.18786024883        7510.24880722994        7262.53448924520     
   6785.71894086715        6840.93623473349        6419.78813661935     
   7082.53264422014        6723.01114912449        7282.50575078631     
   6740.73216717010        7259.16452038613        7012.93432475209     
   6455.43124556761        7304.41774010838        6354.18838570403     
   7090.37811702686        6683.61288729411        6765.70104581640     
   6108.57472998653        6091.39871258156        6317.20244059620     
   6521.44409784410        6975.18438039753        6413.39702483790     
   6685.61878059066        6763.04983386331        6902.80322952282     
   6652.98578497305        6461.99922477588        6624.07159140414     
   6736.90061127174        6737.34187491984        6804.16657958654     
   7122.44949512023        6857.35023662991        6682.50036191184     
   6622.47036864063        7049.48853683311        6679.97203715217     
   6423.75955442226        6444.26391069812        6266.76746613399     
   6575.84290196583        6322.01284955607        6297.01395239214     
   6884.59298260288        6884.70081184299        6735.78791468845     
   6927.02536754267        6883.60397780537        7059.38827856484     
   6945.00644256787        7122.41971248633        6649.06834372188     
   7044.35728284902        6793.09665419986        5454.45830979345     
   5718.21320012497        6101.55446701522        6007.08802635477     
   6199.64354381509        6758.52201927392        7041.95557020711     
   6984.31153877480        6561.64731548997        6179.41409696109     
   6960.65731577492        6990.48180162046        6862.95914101076     
   6872.51571535641        6335.74211380042        7027.01551906119     
   6510.51957624839        6996.74078567723        6411.82922736312     
   6726.27269596252        6864.89640089929        6307.93655757593     
   6744.44268165694        7096.47793866376        7446.58099322548     
   7153.36344420207        6612.57226319232        6941.29055513348     
   7281.61977590020        6474.13584708587        7421.00430383156     
   6780.41185999701        6821.90356571132        6554.00964044216     
   6468.74723322966        6731.68206597367        6414.68685192560     
   6590.19278293994        6862.06132513594        6285.11310517576     
   5842.75920312840        7120.35459748065        6372.33426624392     
   6488.75959184180        6086.67795875984        6739.38631972349     
   5905.88655382752        6354.71323659886        6610.27271833717     
   6625.62245799924        6815.87839404123        6377.83564612219     
   6651.54712918710        5709.25119897112        6119.45172978048     
   6205.55798301652        5924.53614975066        6049.36519439337     
   6459.34352311377        6896.00518109443        7042.07044151894     
   6681.70820985406        6151.11376433083        6487.11084938916     
   6934.37912699547        6586.12699686257        7224.46421350705     
   6236.37638955692        6527.44548814188        6842.17945830254     
   6869.76082558892        7345.41248697026        7253.41474152972     
   6893.73767652237        6243.70730102786        6297.67437573485     
   5986.74940784506        6898.47307315076        6791.98223099651     
   6979.47548466903        7462.77773112105        6393.93438888845     
   7185.95248942464        7289.77715235704        6454.69794286775     
   6478.99578825886        6302.77636599820        6192.02441693227     
   6289.42044291075        7632.56084808740        7229.19203959068     
   6510.40912744797        6726.80476904054        5923.86627852062     
   6320.46576605985        6506.81784411613        7074.39170781136     
   6686.69369859089        6428.70030949659        6323.00799965366     
   6619.34011759302        6646.68902935636        6659.57596954482     
   6924.52475857853        6304.96893440521        6200.36710813180     
   6984.14703756972        6916.94685728729        6359.61361066249     
   6439.49777645793        5989.27882605672        6459.14152127930     
   6704.00466090260        6911.04612728560        7076.66412823953     
   7092.05221951991        7599.93269883802        6914.41888760034     
   7072.87712864779        7387.17035210110        7112.26434041386     
   6721.47849754279        6757.12436442919        6476.03673618636     
   6928.15677407138        7163.58356426651        7047.20980667618     
   7312.34001534129        7208.14617660886        6776.25823475073     
   6982.14131146449        6785.79333850373        6709.71572662287     
   6454.22796301070        6538.92543876732        6188.77311094797     
   6730.05315153510        6352.70605425285        6543.15375908375     
   6487.45525823134        6493.48004358361        6545.24417851484     
   6734.01377904925        6162.87803079174        6307.05753442095     
   6791.06069860596        7195.37441225108        6481.22413776835     
   6787.58229488023        6718.42120479422        6527.17244857813     
   5769.82873022881        6035.43483091412        6152.94188127010     
   6593.51931820220        6850.51458569320        6457.55944925130     
   7308.23626829813        6710.31838652282        7215.45782338693     
   7150.18273729548        7786.40273269054        6636.54788832352     
   6942.00102271600        6404.15766329347        6897.88487302982     
   6726.48478718699        6952.50857066848        6931.30515219127     
   6866.45569978614        7142.35793848467        7086.87074756031     
   6454.52524005680        6846.50903783183        7267.38767175241     
   7212.82687073291        5956.71617908064        6550.07394995601     
   6381.64380429633        6468.65237127763        6696.07076802852     
   7082.86245591095        6381.34216855745        6755.01030865662     
   6816.91864425741        6948.04535401373        6987.84718883831     
   7027.23664947815        7139.81437237674        7026.88392610925     
   6926.14960212102        7155.67581365653        7087.65515541297     
   6362.08739084818        6423.57786591567        6187.11363828873     
   6708.21092097117        7313.31092589773        7383.60370757461     
   5875.39333190866        6183.40935987227        6247.86316857620     
   5852.44118866344        6502.68333620272        6934.25330537448     
   6494.52222311139        6849.23231571268        6206.41751897698     
   5910.33325023479        6479.41191303447        6517.33282873841     
   6437.77049360269        7308.54133089279        6773.42261058400     
   6750.67634841542        6276.53951872682        6204.76717645639     
   6503.91650253534        6580.79339923080        6603.86488276416     
   6514.29354205551        6367.68532440040        5841.37396846485     
   6064.71097901993        5987.49658441967        5931.75590120340     
   6250.17819992229        7159.33044889822        7331.53971539340     
   7268.09903082448        7472.76847719018        7205.33811271902     
   6550.09576321771        6953.58354391093        7166.18391321090     
   6897.77041144470        6632.72914565090        6843.83427297179     
   7092.42032647224        6587.32636750000        7001.09165809071     
   6744.06402764436        6821.84538440443        6002.20624991408     
   6289.38531389990        7075.92627767369        6726.19175498735     
   6929.77076470278        6401.82270347136        6674.89461922050     
   6333.04857436986        6682.05954083322        6652.53741751713     
   6550.89205212716        6523.65232414240        7243.14307564944     
   7074.40383334306        6159.69862890436        6670.08466821729     
   6317.67348540022        7186.55478040441        7506.39752903014     
   6708.28060455045        6428.39970855014        7000.12621600476     
   7218.97772032983        6878.21208013354        7190.58632286182     
   6473.95161626537        6823.67160075846        6454.28565512453     
   6605.19655283204        6591.20869004206        7134.09363533204     
   6622.36845716653        6589.40353220442        6407.74724905344     
   6585.63943570345        6550.44428988409        6332.58081020611     
   7368.16668692504        7559.84358808069        7648.68363203678     
   6758.86867640399        6482.49618948991        6695.89317691473     
   6818.81752306797        7096.61544211064        7335.18747778988     
   7199.45281688581        5946.04755741772        6902.69318822639     
   6862.40393184738        6586.63916516359        6633.69284351156     
   7246.10617367247        7122.17670360757        7142.55621488603     
   6118.67083988893        6256.56511306106        6395.16947900883     
   6945.65837918501        6851.07373759550        6732.03167034568     
   6924.48337713312        6954.53031503589        6128.28802411406     
   6375.13861705917        6801.22749837132        7218.96777570141     
   6728.56535542093        6142.88851021593        6435.30535411539     
   7065.20879928349        7277.14665584713        7609.46906824968     
   6445.09063167312        5879.37426352209        6284.67368816540     
   7191.71470878920        6713.08706880088        6641.72443654421     
   6912.04712218720        6862.54289438987        8109.13315804445     
   7530.43020452253        7567.21503048667        7201.55238193444     
   7344.87859563007        6529.72438256509        6209.14137980447     
   6658.92813653192        7015.75677368966        6774.55616337525     
   6228.30751491988        6065.64798654787        6303.11336712980     
   6282.29151031262        6883.89921916299        6908.36925023532     
   6153.29610218660        6502.25885538797        6897.52428015030     
   6495.11603937939        6343.12701012486        6586.23171909298     
   6808.19797936885        6718.55714071444        6913.33536359542     
   7008.81623588418        6698.66804724432        6716.15639241189     
   6248.64448389567        6789.25295504188        6672.98662917899     
   6915.17402347091        6372.10591978813        6442.71470504666     
   6434.98465240358        6766.67130629030        7115.64526025555     
   6810.64625772860        6758.74822814477        6376.27661714845     
   6591.81787722218        6732.64085980338        6899.99113201936     
   7370.13230859224        7165.66284523620        6880.11897122964     
   6886.11534107101        7175.21225121206        6636.71802605255     
   6426.50920598424        6934.47673644397        6829.67590941815     
   6317.16580281446        7087.76412921737        7366.01898384044     
   6650.47236692526        6533.36117821594        6159.49886318261     
   6328.60382760036        6416.95994487940        6861.45837550633     
   6865.10559740404        6815.06528962159        7636.30324878339     
   6903.96945893216        6137.52755810972        6579.75206337928     
   6759.08438714282        7103.74370207667        7284.15031589103     
   7271.76452471512        6687.60943621487        7207.36979044594     
   6487.57916556394        6588.36630552885        6619.25937494133     
   6330.79249099417        6318.80892317799        6078.82244712582     
   6113.71638128573        6529.48688409860        6487.65435099043     
   6626.32518442536        6646.46408967378        6691.45804150286     
   6071.83083805510        6210.84718894040        6189.04909744973     
   6579.64074287518        6537.28025686715        6706.15211299154     
   6839.36655007378        6301.82905958997        6451.48075057439     
   6380.18805592341        6718.51214392616        6761.97401318963     
   6639.65026903926        6132.29992943151        6202.26890616560     
   6594.97083493745        7099.31986734903        6535.37622472809     
   6114.00886832534        6874.99486468778        6848.17547485020     
   6982.70718144346        6542.85321253778        6453.56291535029     
   6474.56661565875        6633.06810223695        6622.56497330158     
   6674.55035700077        6818.58892738668        6700.91049821230     
   6119.52059898069        6476.04749388461        7032.59405426632     
   7453.23198451245        7072.95905012609        6132.00691601688     
   6124.14161188942        6545.75333123578        7764.11151434814     
   7449.93235597076        7078.71834346136        6446.33853522553     
   6712.26773706614        6713.22928953000        6348.73537866709     
   6547.52885131814        6282.45517347712        6815.61607341920     
   6520.92079166509        6383.48900290275        6937.98652614703     
   6390.95924206953        6418.26709901196        6190.11676550359     
   6047.66520305293        6371.52047528473        6819.05571376807     
   6958.34290053084        6616.18023685071        6616.45368031577     
   7167.65918234836        7230.20240978356        6822.53278945582     
   6910.17035987321        6649.54640241534        7004.09952342726     
   5798.67131568994        6395.39976826079        7259.41341721729     
   7206.38680601322        7506.75716236879        7366.12090636153     
   6952.63462428942        7192.06514189272        6908.88487506257     
   6940.66965896713        7175.02757632857        7197.63952692592     
   6536.33448393046        7063.84145683630        7041.66545077876     
   6351.02355276946        6413.92205595833        6597.46561743121     
   6051.38436165019        6306.87468458731        7002.68301219080     
   6760.39768334627        6527.84599833985        6845.46379435250     
   6847.64348914543        6590.05308120926        6217.59457875156     
   6991.15160724789        6888.40708715401        7070.93615802488     
   6543.12200073315        6700.17532146619        6993.11281126652     
   6977.37878327422        7043.44206359279     
   1055901.00000000     
   11056.3789831963        10783.1848994938        15587.0786379830     
   13278.7695651300        7131.15019750149        10972.4389342052     
   6275.82916848466        15273.1912166704        6205.73821299154     
   10539.4560727146        6358.12051586879        8400.08395784800     
   9432.01052104337        7826.03987784742        3730.18315815911     
   3285.54947197972        11664.9781579013        13184.5568368960     
   11224.6057312598        10551.1322620434        10673.2799139142     
   10438.9529137343        1964.82111653661        15733.9060846770     
   8850.52614661169        3183.98099811497        10124.6089288997     
   12587.1181038376        7586.94432532756        6699.90904129810     
   13575.2314786898        8369.82394220146        4294.28429923811     
   4896.43240047621        5909.06492743090        9705.77108170820     
   4180.62534692280        5278.99881231605        3872.83389411566     
   12742.3497012868        5460.07697803329        11359.4441580636     
   9183.47086752401        9536.79184932155        10284.9219092501     
   12851.1132780616        8631.74767081678        5599.70086693718     
   10406.9258281603        6028.34637496972        10587.6066145159     
   5426.28282253197        8374.67704334175        13693.2024198231     
   8049.37553398138        11946.7285801996        7041.81593504791     
   9591.53719755049        5477.46866626602        8958.02149138122     
   8449.69719389547        4294.54640051920        14520.4109727224     
   5305.08211722512        13129.8199435471        10622.6774569026     
   9937.00359579518        6990.77382427446        5785.53067523429     
   7046.28856658661        5102.46091717779        5262.10596200540     
   7480.17610024107        12386.3738871581        4494.63113655593     
   7783.86693623106        8305.82895521384        11756.1386744426     
   9124.24443287634        3633.72988671576        1985.85685806458     
   7796.96354540583        6917.18254844671        11662.8813476526     
   8661.00155573912        9736.84276583814        9116.99860068604     
   12477.0693852974        10744.9265673338        10435.8753374014     
   10619.2025012080        14760.5295657265        17906.2606865615     
   12132.1440993750        6868.38098088263        6826.04739654559     
   11703.4055876620        4418.75704311864        8814.60981622149     
   3257.66527762311        15175.3936193014        12045.2448423716     
   10572.4301048525        8080.09211314984        3582.35803562093     
   5944.88825414071        8364.59037145957        6976.51889653484     
   14787.7204599202        7189.23522334439        7319.47419540904     
   5293.34674373605        9000.32125619811        12060.4298069151     
   10952.5615112421        3934.09795485186        6288.33393605695     
   11656.1512631444        6574.04124221174        11173.1916057648     
   15805.7049259373        9739.32004568850        4696.99023532217     
   10710.6335739104        6674.45139751164        9551.79926138431     
   12748.4118502721        11992.7654019921        14239.3284859469     
   11725.5658282347        9286.20611483364        10488.4646912213     
   13802.3041917993        3678.81976194432        12665.8922211270     
   5931.74937056576        1740.29332231767        7092.14783589839     
   16852.4444389546        16483.6510266924        11335.6521256441     
   15669.9956464898        11613.9952312881        4780.39762687097     
   6880.50527885333        7910.21666347944        9773.46930615131     
   5092.23896721504        17248.1243697293        7558.73884552961     
   6315.47410097045        9802.34272147205        9790.44670526230     
   11110.7354069436        19307.5048645813        5905.61533637647     
   1150.66689841193        7614.44805008258        7916.82837966709     
   6504.06865503912        4649.35544120297        7451.15895195972     
   7678.47685659034        8206.94067832030        7775.87707459765     
   8493.66257007933        10181.8822862592        6378.31076939322     
   5263.76311849233        7904.92390857731        7259.14862635676     
   4733.65059515548        7484.53036345928        3541.63087849061     
   3976.21171230797        8581.44958948644        4986.82352293421     
   9469.38109079965        4444.81498338761        11587.6075506978     
   13091.4770625868        12092.4653473690        12840.6545914579     
   9162.20684423509        11519.9346908948        9627.41970842055     
   7534.70162158909        10752.6543276861        9298.39805184462     
   7497.06895055171        18649.9350247115        10159.5360383258     
   8234.76568851666        7541.12733041596        10682.0053501107     
   10569.2257053191        8312.95641908364        12760.6629714433     
   15396.3449992654        9371.96396303227        9629.39815034882     
   8604.35385950223        10111.2840379640        16344.7542574715     
   7086.84662611622        8747.74017002185        6897.49958772440     
   5769.96524108920        4842.99755865275        13306.4677521258     
   4279.00633101422        5886.36357453596        7486.18751994621     
   8986.20160653906        4996.66500329537        8295.83528701205     
   13244.1637411453        4560.98503507341        13162.1936792025     
   7135.78347176087        11604.9992389305        9640.34721999461     
   6159.81130463948        10259.8785545854        4903.87269490732     
   8148.03552911397        5529.56763704389        11441.2704870458     
   4606.61602262424        7147.97540877185        5730.99669900624     
   16907.5026177449        5795.52434343609        5561.41717013708     
   9079.54348212940        6745.70067156959        8500.64630098854     
   6130.29531843605        12907.9047072591        12480.8825361933     
   7938.20231639647        9060.78210333094        7611.64102991084     
   7463.13106208979        12087.4093291079        7181.41445931169     
   9995.19008019851        7572.44420606692        5164.21536095604     
   14214.4542288829        7816.78178420871        12436.4352318475     
   6914.19797579423        24457.2116513967        9219.47174671456     
   6075.93889468874        6508.26227553666        7907.35891402749     
   9672.83086909045        11340.6405048650        3992.55499541632     
   14969.1790952391        10199.0964220112        6869.95358856920     
   7757.36934220025        11208.3216323117        2411.72071056549     
   12404.3827816334        10694.4509335227        8504.73846292565     
   11367.5523880175        15821.0758978416        3844.76369239827     
   12956.4103540219        14582.3852433815        6717.41909785132     
   9300.03829857148        6597.22452326869        16701.5248303235     
   3202.37881707191        11154.9375197684        6912.16880458574     
   8909.98931790035        5064.59150949943        10631.6142651000     
   12013.6743203195        16824.4926055577        7984.17995402874     
   5561.90755317913        10670.2192473414        10696.2856424904     
   10252.1677039932        15600.8431826806        6402.46636165423     
   5318.91430096297        14139.4509880892        12821.9608516997     
   6278.04434705392        11201.3717209226        12824.7425072313     
   13622.1476080060        8702.65029479329        12164.3233727895     
   6205.43383731027        14987.7375569167        9181.35714751517     
   7846.72896929394        3485.87939953747        5604.22422775610     
   9456.87632322736        9759.94995297477        6846.12773662957     
   9401.77587003694        2445.67550878748        6609.78847500123     
   8233.10007714969        7100.78026841449        16595.3484468395     
   14038.3137131063        21112.5794777299        6407.31100791450     
   5897.22809538140        7295.83435083018        4944.77740451838     
   10056.3357726142        9147.32625537286        5381.31131562391     
   4013.63301134446        11882.3446687303        4052.09426062530     
   8026.40362492532        6016.00225011810        9110.60671137931     
   3000.62846966822        14771.0389816105        8617.64493091781     
   6791.79667752236        9104.57838191410        7933.44221893657     
   6763.21918300285        7862.92006456165        15702.0396418238     
   9417.07074802090        9438.89279339215        6637.71494375801     
   7067.78087163649        5572.84816794489        8125.74846534076     
   10089.2337108318        12002.7759799540        12493.8776868077     
   4106.45913925265        8665.81238247924        12794.6684989455     
   7707.31645239094        9969.28432777018        10157.1263975157     
   12247.8998619390        12197.2720402873        12318.1091857526     
   6754.45992728622        10241.5906490689        11807.0877815356     
   11157.7191753001        13279.3191323323        5794.67040055252     
   13988.0325415360        5746.37612579056        11328.7191240151     
   8534.68564801088        3618.67174537279        9454.18767137612     
   8112.84631840681        7810.44062418219        7257.74511627089     
   7730.77028960902        4880.63868457016        11032.8659618179     
   12386.2301541975        7686.39062430343        12394.1946511908     
   3804.84820375135        5840.91859434592        7467.39232162761     
   10840.7119032544        8639.87281053076        20915.8851485874     
   12634.8120821171        2406.13203486211        2083.36698951235     
   8845.05583922881        12580.4725681298        10010.2059471413     
   7330.24571257408        7440.97082151712        7501.38939424978     
   6128.37606066803        8108.25531854761        5801.15529353963     
   12325.2028301023        7557.94408680628        3935.51837469780     
   10457.8326608532        2617.84223094746        14145.5892309949     
   11287.0196556808        8274.92636868461        7534.89608382990     
   12643.8588037549        6940.01072454217        11312.5449385075     
   10151.8590072537        8154.58806114137        7836.74375597219     
   15514.4765831194        12569.0162056819        11882.8012322522     
   10625.7888527556        8145.43988094311        11288.1018803253     
   8373.78082605800        5854.43794752246        9575.92103412519     
   7552.41459526316        4681.91518421913        3789.86615632870     
   15190.3587569640        8877.19283824320        16526.5595428718     
   8920.89611314596        9329.61346893516        7178.97099898147     
   6984.42420936790        10708.8495942229        10132.2521404517     
   4270.06952281684        12874.2796493585        14527.4961621920     
   12916.9852484171        9015.81905130292        14268.6584647896     
   8352.28006612809        13859.0110721965        7120.28567665606     
   5514.75468722195        7173.62751479913        11395.8846910160     
   10233.0850397534        9578.20385173473        6914.30788923469     
   8138.17713899274        10227.5978226104        12249.1934585844     
   13423.4156527749        12465.2579178880        15041.9587025834     
   8383.74912961969        5047.68174942871        11317.0260249263     
   4921.72940154200        8473.57377511532        14178.2335228114     
   7778.43890324836        6518.90696950117        6559.76094983202     
   8947.04705709532        20523.2827941456        13312.0479729492     
   9413.27450688502        6375.52065898155        14225.4709375690     
   8178.93811564320        9937.94208747911        7839.57614078403     
   8840.05900512791        12229.9247869839        13984.2701199203     
   8931.65072055094        4415.15526422357        2897.62266619746     
   14570.3793137313        10377.9002249990        5797.31677800358     
   10532.9627248474        2043.07103126384        7917.27648830896     
   6575.30101933701        9700.01330840412        5883.43818604373     
   14124.2068393855        8712.50023003448        12631.7936899444     
   11592.6128396787        3430.77049146701        8174.11037914301     
   8951.14767391247        5821.41318610435        5492.62826616942     
   3402.22681646765        5737.74369327446        4044.16358315214     
   6725.45123388491        8855.26933431152        3471.42155467701     
   8062.78497371746        9411.05932831576        11945.7647238755     
   5473.72315441036        4754.45805492249        10724.0937429267     
   3689.68428278975        11988.0560338124        15516.6410324085     
   8454.59256943595        9981.18034397993        10809.0061031218     
   9358.11486953435        7284.78382262397        6611.92755965017     
   14606.5831100427        3374.01288178966        7304.99098590847     
   7043.13489633342        5608.46012265381        2393.44971480908     
   7886.68673234104        10987.9705488302        3637.23866193043     
   6901.91303510285        4228.86043752451        7997.58093888479     
   4287.07228656795        9260.13126480460        7772.41902866319     
   11857.3943177460        4865.63972738744        14210.4212511060     
   5359.97119841466        4821.01487056082        7626.07351013119     
   4811.95123916292        5681.12136167767        9518.25029740401     
   15936.5864688846        7969.67137988807        10705.6705593296     
   10190.2610723743        8454.57565967587        5973.06836929855     
   12312.5881490896        6652.24042765876        4470.60236749544     
   11349.2222081009        9140.19879150306        4220.82830149092     
   10185.7292566753        7225.97167709802        8031.99230062869     
   5620.61824014465        13219.1964804009        10419.3460469323     
   7263.90026893663        5350.49327789503        9196.66048037917     
   4997.71340841975        8566.40835790355        6389.51348544007     
   13368.7633082263        10717.9724097811        5671.24606179637     
   13494.4450999519        7810.90564258413        5825.20097236019     
   2537.12349124990        8140.86579084398        3131.67065533622     
   9579.15925317873        9415.37977201382        8707.99377897563     
   14403.1925159122        6264.71945611820        9460.54574116270     
   9036.75333427046        11578.2479984986        3296.22798546437     
   4517.86514689309        7833.62390523914        9922.75712293561     
   8815.75967990630        8950.53892254992        8793.92072477497     
   6365.61153958011        7795.96586956166        7036.15116542422     
   9319.94954105475        6625.43845794667        11101.3082157041     
   5779.63762384965        6540.83047343286        9877.27832322542     
   4700.92175453861        4748.31135713679        5409.83808086320     
   16045.4515042199        12309.9755911586        5877.49440537887     
   2807.64583286119        6730.82008270737        15134.0323461684     
   9706.48974651121        13339.4840586639        4313.57833547879     
   4063.34770595236        14026.5191554570        5146.67148488267     
   19191.6138239367        6042.00946110685        7150.10603854076     
   6651.73313485663        8488.23453709663        7758.08800700326     
   7602.58585339297        11274.5656173887        10562.7746318521     
   5527.32709383452        15441.8576184957        10753.4744510496     
   5345.86000363565        4011.70529869640        4953.35910775427     
   15548.0424568598        9557.75995180924        9578.87178725753     
   13316.2500483267        7691.20145104355        4707.53347072626     
   9349.09351253662        14535.9256775872        8718.55392413980     
   8029.89549037992        12096.5067800259        5872.12555655642     
   9002.43497620695        7249.36633015585        13358.7780949046     
   7639.14475466585        6819.14821443674        3539.16205352029     
   5528.39240871898        9197.06631462087        5672.70030116245     
   11741.7653783825        6558.79709350799        7117.31801376365     
   8698.50740357596        7146.80018044694        7428.28850146408     
   8052.39392615401        12208.2972038534        11874.6930022983     
   6897.82932804577        8506.40407429261        9810.05357206430     
   2661.12276184845        11793.8474394003        12950.8554978387     
   5384.58335419759        7350.66424785947        8460.30806833985     
   14287.7580387894        6233.58013294798        6486.71924120657     
   10913.0772214770        6066.71462057017        4503.74549723405     
   4406.39600850694        9847.37341254036        9607.08572193551     
   5662.02178767780        14004.3927344044        10466.4228189691     
   3416.42256004701        6535.07270012878     
 ------
  0.000000000000000E+000  0.000000000000000E+000  0.000000000000000E+000
  0.000000000000000E+000  0.000000000000000E+000
  0.000000000000000E+000  0.000000000000000E+000  0.000000000000000E+000
  0.000000000000000E+000  0.000000000000000E+000
