           3           8           8           8
   4.00000000000000        7.91500000000000       -5.20000000000000     
   2000000000.00000        180244335.000000     
      259328         695       11375
   2227945.25000000     
   54457947.5000000        55877427.5000000        54167419.7500000     
   62685142.0000000        52298499.5000000        51545988.7500000     
   55047841.5000000        46977058.2500000        52163134.0000000     
   56470687.7500000        52600247.5000000        55250429.7500000     
   50929621.0000000        55846056.5000000        48736224.7500000     
   52320495.5000000        49768735.2500000        54728155.5000000     
   49317860.5000000        50517216.2500000        43271042.5000000     
   52988012.5000000        56951709.2500000        51876557.2500000     
   54745709.0000000        54261650.2500000        55375082.5000000     
   45710086.5000000        50057724.0000000        59487308.2500000     
   58662152.0000000        57544777.2500000        55269097.0000000     
   49349475.5000000        56490383.2500000        51523964.7500000     
   45438325.0000000        52996879.5000000        53681179.5000000     
   47912474.0000000        46030673.5000000        52646113.5000000     
   52557013.5000000        54105479.2500000        60283290.5000000     
   55429906.2500000        48916824.7500000        51359156.5000000     
   49715463.2500000        55643620.2500000        58073509.0000000     
   58057162.2500000        55610897.7500000        51318650.0000000     
   51615098.5000000        44509190.2500000        58284094.2500000     
   51822995.2500000        53714059.7500000        51228761.0000000     
   54192495.0000000        49820036.7500000        52090219.0000000     
   48309945.7500000        55515966.2500000        52412702.7500000     
   53232550.7500000        57401457.7500000        46740081.2500000     
   49316216.7500000        63939183.0000000        47631372.2500000     
   53527517.7500000        56917906.5000000        56234109.2500000     
   53601543.5000000        58435219.7500000        52052951.2500000     
   54737677.7500000        53285474.7500000        56505775.5000000     
   57520809.5000000        59677180.0000000        58803029.7500000     
   57550349.0000000        52525378.0000000        54333698.2500000     
   52252443.2500000        54671935.7500000        53326906.2500000     
   55990895.7500000        55254188.5000000        51819962.2500000     
   55479288.5000000        52156574.0000000        52574506.2500000     
   53648272.7500000        47427229.0000000        58083588.5000000     
   56124194.0000000        50324097.7500000        49697032.2500000     
   48251924.5000000        49696961.7500000        52320224.5000000     
   46460009.2500000        51178486.7500000        48659080.5000000     
   60919455.0000000        55977253.0000000        57983567.7500000     
   56635233.5000000        50787668.7500000        55222285.7500000     
   55546671.5000000        55947418.2500000        55715181.2500000     
   56161068.2500000        54646345.7500000        56862492.5000000     
   51849365.2500000        50255857.0000000        52358747.0000000     
   55192586.7500000        56078251.2500000        53178917.2500000     
   56538162.7500000        53712422.5000000        56017136.5000000     
   51789731.2500000        51482921.7500000        49649438.2500000     
   51964997.0000000        51507685.0000000        47481465.5000000     
   58203213.0000000        52127348.0000000        54711428.2500000     
   53963336.5000000        51132747.7500000        57057547.0000000     
   57724722.0000000        62878612.7500000        52080299.5000000     
   48655856.2500000        58182327.5000000        53089234.2500000     
   54098964.0000000        56555861.7500000        54410167.0000000     
   56105090.7500000        48188748.5000000        59682099.5000000     
   60587526.0000000        51605107.5000000        57075897.7500000     
   54609722.2500000        56767821.5000000        56275568.5000000     
   56586309.0000000        53770951.7500000        63092052.2500000     
   54671967.0000000        55823570.0000000        55590448.0000000     
   53551220.5000000        67268319.2500000        56949973.0000000     
   57245674.0000000        60367706.7500000        55520341.2500000     
   57494800.2500000        52338154.5000000        55347936.7500000     
   47733968.7500000        53747770.2500000        56215868.7500000     
   49496681.7500000        47090371.0000000        53014885.0000000     
   54673523.7500000        57450841.5000000        47870799.0000000     
   54151900.5000000        55689203.0000000        58403709.5000000     
   52419050.0000000        55600761.5000000        55771565.2500000     
   53916060.2500000        51441651.7500000        45644234.2500000     
   57300812.0000000        60767731.0000000        52420270.5000000     
   55389996.2500000        51977588.7500000        55990453.0000000     
   53055327.7500000        50835279.7500000        49492093.2500000     
   55282903.0000000        54005756.7500000        52195497.7500000     
   54579989.0000000        48230036.2500000        52815662.0000000     
   51205779.5000000        54980532.0000000        60468060.5000000     
   51147621.0000000        52981369.2500000        53119850.0000000     
   58029153.5000000        54657321.5000000        53568119.2500000     
   51874638.2500000        50790985.5000000        49547545.2500000     
   48118409.7500000        52591608.7500000        57307621.2500000     
   56178548.0000000        46072050.2500000        49834606.5000000     
   51977394.0000000        56188210.7500000        58880378.7500000     
   56376896.0000000        62605347.7500000        53066749.0000000     
   52344410.2500000        59618706.5000000        57336196.5000000     
   51747828.2500000        54077677.0000000        44930712.5000000     
   50802820.0000000        52525131.5000000        57649870.0000000     
   60236668.2500000        60147862.5000000        45944373.0000000     
   57812515.5000000        55843738.0000000        54684759.2500000     
   52951181.5000000        56114560.2500000        60230983.2500000     
   47464445.2500000        49947391.5000000        55655601.5000000     
   55977051.0000000        53916097.0000000        49266198.5000000     
   60710507.5000000        50621235.7500000        58326721.7500000     
   58879643.0000000        51549017.7500000        47114323.7500000     
   47184189.7500000        57428824.2500000        55356549.0000000     
   56160837.5000000        56393901.2500000        50316552.5000000     
   51371665.7500000        56041568.0000000        50982749.0000000     
   59426619.0000000        51193624.2500000        52157809.0000000     
   49677115.5000000        60359911.2500000        55299882.7500000     
   54651171.0000000        51314636.5000000        48493956.0000000     
   51761091.0000000        53881382.0000000        52722177.2500000     
   56153888.0000000        51388432.0000000        53031132.5000000     
   54477664.2500000        56244755.5000000        60143831.0000000     
   47915585.0000000        48615442.0000000        47794597.7500000     
   50346672.7500000        51703870.5000000        52231075.0000000     
   54463403.7500000        54637284.5000000        49711098.0000000     
   51212010.0000000        56805075.2500000        59427845.7500000     
   55241071.5000000        47914594.0000000        54757168.7500000     
   57163639.5000000        52491820.2500000        53076893.7500000     
   51017313.2500000        58619055.2500000        54773984.5000000     
   53645190.7500000        56838604.5000000        53227881.7500000     
   51296802.0000000        49745252.5000000        49755270.7500000     
   48756397.0000000        52673286.7500000        56160890.0000000     
   51325009.2500000        55454266.0000000        49405173.0000000     
   58351986.2500000        55634914.7500000        51516387.0000000     
   60784988.5000000        54011818.2500000        51652465.2500000     
   56703424.0000000        53831929.0000000        51067915.7500000     
   51792961.5000000        48672214.2500000        44157575.5000000     
   50353742.7500000        55764197.7500000        61063331.7500000     
   60973295.0000000        60798763.2500000        55276985.7500000     
   56500921.5000000        50691742.5000000        58663530.7500000     
   47337765.7500000        47020038.0000000        53341467.0000000     
   55667033.5000000        52104658.0000000        52109399.2500000     
   51564861.0000000        47600562.0000000        57312302.5000000     
   56995145.5000000        52589386.2500000        55023027.5000000     
   56230114.0000000        53140430.2500000        50609532.2500000     
   50304448.7500000        54198031.0000000        51155887.7500000     
   54588368.0000000        50262076.2500000        53502138.0000000     
   57753894.5000000        54460211.5000000        48083910.0000000     
   48129492.5000000        46335581.7500000        56366147.2500000     
   55413563.2500000        54532089.2500000        54468377.7500000     
   58197609.2500000        56179264.7500000        54193229.2500000     
   54606833.7500000        54152735.2500000        58174858.0000000     
   57956329.0000000        49356673.2500000        47780623.0000000     
   49673997.2500000        59197430.2500000        53975039.2500000     
   54183354.0000000        50041540.5000000        53376141.2500000     
   56585892.7500000        55163855.7500000        52709338.2500000     
   48956588.7500000        42941544.0000000        48489364.2500000     
   54364182.5000000        53096371.7500000        57656733.0000000     
   53043908.5000000        51698028.5000000        48699389.5000000     
   60832270.0000000        54597023.2500000        56387300.2500000     
   52440016.7500000        53474844.2500000        50395836.2500000     
   54458729.2500000        50358579.2500000        52628796.0000000     
   51300521.7500000        56415284.7500000        53878612.5000000     
   55857409.5000000        52395031.2500000        52731207.7500000     
   55280784.2500000        56144975.2500000        61614626.7500000     
   50169997.5000000        51232519.2500000        52062858.7500000     
   53482061.7500000        47019386.5000000        55416557.5000000     
   51506361.2500000        48597580.0000000        49711564.2500000     
   47841305.7500000        50072927.7500000        51011429.7500000     
   50939826.7500000        51387699.2500000        56493713.2500000     
   51195262.2500000        55232339.5000000        56156953.5000000     
   58465339.0000000        59341273.0000000        53799564.7500000     
   52801251.2500000        44788479.0000000        52047931.0000000     
   53140436.5000000        55057226.7500000        60929748.0000000     
   52874139.0000000        57863835.7500000        54880884.7500000     
   55584752.5000000        52200411.5000000        51099440.0000000     
   50992821.5000000        55878195.5000000        56618449.0000000     
   51516709.0000000        46978887.7500000        56629349.0000000     
   52313442.2500000        54544491.2500000        59265115.2500000     
   55351959.2500000        56639000.7500000        57600284.7500000     
   61509538.0000000        51700971.0000000        55650149.7500000     
   54964089.7500000        54982464.5000000        54830904.7500000     
   60973565.5000000        56532300.0000000        58821987.5000000     
   56559206.5000000        53819256.0000000        53223517.5000000     
   54744411.7500000        57596241.7500000        61870039.2500000     
   54512563.5000000        51678203.5000000        47651611.5000000     
   57504545.0000000        54894975.0000000        57093537.2500000     
   55549004.0000000        56674631.0000000        49240014.2500000     
   50620991.7500000        52900183.7500000        52619061.7500000     
   51741065.5000000        56470304.2500000        52934353.0000000     
   51532626.2500000        61323208.2500000        55418075.5000000     
   55167973.5000000        53754892.2500000        59050577.7500000     
   50906329.0000000        52728874.5000000        52545036.2500000     
   54588185.0000000        56626944.5000000        60792530.7500000     
   55576508.7500000        49610537.0000000        57085985.2500000     
   50607453.0000000        61722499.2500000        55133091.7500000     
   61641354.5000000        60054952.7500000        52711727.0000000     
   50335633.5000000        50288884.5000000        61586959.0000000     
   64258416.5000000        56402483.0000000        53302107.7500000     
   55248532.2500000        50836445.7500000        52931286.2500000     
   52851673.5000000        42755645.0000000        54109348.5000000     
   68796056.2500000        64451947.7500000        57176054.2500000     
   50912780.5000000        55107284.5000000        51625336.2500000     
   57667938.0000000        55872717.2500000        52688176.7500000     
   55516602.5000000        52032433.7500000        55765762.2500000     
   52882211.5000000        48419143.2500000        51205979.0000000     
   58058746.7500000        50473513.2500000        53598758.7500000     
   44307503.2500000        52925548.2500000        50699788.7500000     
   53936174.5000000        54792458.2500000        55259769.7500000     
   55487872.2500000        53849282.7500000        54975940.5000000     
   53675877.2500000        54068766.0000000        51093946.2500000     
   55381643.5000000        58164822.7500000        61553620.2500000     
   61050088.5000000        56319596.0000000        54608929.5000000     
   55204666.2500000        54561688.2500000        55933755.5000000     
   53652158.2500000        55893466.5000000        50560689.7500000     
   55912700.0000000        55574638.2500000        51989981.2500000     
   55175342.5000000        54127687.0000000        60479703.0000000     
   61067632.0000000        63184781.7500000        58682725.0000000     
   53458561.2500000        53023936.5000000        53463600.5000000     
   52031290.5000000        54208110.2500000        57645200.5000000     
   64276860.5000000        61133366.0000000        53731978.2500000     
   56625147.2500000        49412124.5000000        52917057.0000000     
   58682197.5000000        53545440.2500000        54677955.2500000     
   47581216.2500000        47762316.5000000        52462323.7500000     
   52064014.0000000        59187807.7500000        56771193.7500000     
   58861301.2500000        60116905.0000000        57598343.7500000     
   51469642.2500000        53032135.5000000        52255886.2500000     
   53323620.2500000        52310742.7500000        55348837.7500000     
   47644251.5000000        46082580.2500000        59917572.2500000     
   53225882.7500000        50786106.2500000        58110584.7500000     
   54826418.2500000        53036371.7500000        53306703.2500000     
   48979801.7500000        51598178.5000000        55939065.2500000     
   64433877.0000000        58187059.7500000        54575430.5000000     
   57434930.7500000        53181056.5000000        52445289.0000000     
   53782135.7500000        54106693.0000000        55168076.7500000     
   51414319.2500000        57759700.2500000        56953879.7500000     
   52347234.2500000        54402642.2500000        55752692.7500000     
   49550836.0000000        55410721.7500000        57612126.0000000     
   50932995.7500000        55651818.5000000        55867565.2500000     
   53258153.2500000        53901109.5000000        47644079.2500000     
   54732136.2500000        50013683.5000000        53021875.0000000     
   49085045.7500000        66004650.5000000        49547324.5000000     
   55035072.0000000        49205558.0000000        58315259.0000000     
   54022750.2500000        56036511.5000000        63490022.7500000     
   52553480.0000000        57915606.7500000        56707419.2500000     
   56921032.2500000        60226355.7500000        50948160.7500000     
   51300869.0000000        46887121.2500000        52676491.5000000     
   55312588.2500000        55250423.7500000        53975866.5000000     
   51810653.0000000        58184676.0000000        50347782.0000000     
   56472250.7500000        56371516.5000000        51295247.2500000     
   46868879.7500000        52132974.0000000        51291849.7500000     
   56633920.0000000        53709457.0000000        51995695.5000000     
   48300134.2500000        51832421.2500000        49305096.2500000     
   46702935.7500000        60363478.2500000        51915110.7500000     
   53247734.7500000        55124793.7500000        54596710.2500000     
   50310857.7500000        55728736.0000000        52425789.5000000     
   51766832.7500000        58409294.5000000        60969119.5000000     
   56505216.5000000        56349511.2500000     
   1519999.23498282     
   32970373.9921656        33918062.8236086        31568513.1907107     
   35345046.7724311        32764701.9656376        32216503.8405435     
   33935776.7295572        30526572.6353458        32353593.7173533     
   34423430.2869512        32071551.1553164        33541369.4594007     
   31567741.0273671        32399732.4136473        32532768.5614880     
   32536925.6248498        33199241.2113591        33244176.8749881     
   32099977.0594143        32714478.0405572        32889711.3857328     
   34447856.2734120        33675404.2798258        32659461.7936000     
   32902816.6007929        33692397.3119559        32830050.7553664     
   30954978.0168282        31077907.1100796        33939841.6808964     
   34302153.4374173        33921586.5069599        32751926.5187215     
   32297554.5336235        35305382.5428170        33667270.0058739     
   32276282.8546561        32881668.7819907        34232047.5976188     
   32497009.0416699        31714093.1918153        33946011.9011692     
   32922337.2526476        32778119.8619921        33243231.6360480     
   33696870.1727956        31942256.4623713        31450846.3037943     
   31628958.1486515        33912164.6578353        34307868.1851371     
   33899646.8460976        34303146.3417917        33199315.5114519     
   31804667.0610508        31270788.0317590        34818091.4201860     
   32224850.3723693        33553356.7956802        32386342.2582009     
   33640931.3632479        32374423.4862306        33582981.1240925     
   31628484.2140313        34030403.6491406        33035216.4606060     
   32376330.5831557        33388550.3051877        31558410.6362761     
   32661890.2191604        36633473.6725096        33095377.8327213     
   33306948.5402724        33582385.0697038        33606213.2961111     
   32760785.4378946        33347718.5514364        33508188.4638721     
   33080566.3342639        31629955.8738141        34513330.0799116     
   33459856.1169987        33943227.9877300        34130528.2649911     
   33869904.7011884        33289273.1527313        32464456.2126853     
   32662618.6669479        33904962.5002983        33465201.7348938     
   32396318.4627561        33674537.5187902        32229854.5620316     
   34156411.4986650        31595305.1681318        33935637.9230601     
   34655662.2933701        31047360.8417742        34265428.8350182     
   34587579.2730636        32561652.2432486        33265783.0011734     
   32316695.0344193        31969348.6866862        33643721.2367516     
   32126052.8170855        33667164.1165411        32761694.3629935     
   35464903.5458729        33378839.5097728        35399184.9623770     
   33184834.6835070        33122729.9876018        33167425.3819902     
   33319955.9536076        33750244.5739790        31682831.9176237     
   32730951.5049371        32469450.3790085        34573658.8143250     
   31742049.5047391        32499598.7241268        32385751.6429764     
   34098467.2258189        34052943.3797229        33488092.6271682     
   34560683.3240701        32873175.6551693        34599614.1177594     
   33720740.4245156        32318624.1823890        32132809.7700205     
   33655065.8627793        33863514.0943175        32440123.2984503     
   33617984.1385631        34129961.3547340        34423691.3972398     
   33948064.2968873        33292168.1179776        33660857.8268281     
   33966525.6949485        35222901.5138416        32227496.7734423     
   33118784.3890976        35317328.9917990        32023020.7759705     
   33370510.1855714        35006327.6879584        32088681.8306852     
   33584206.7172024        31797301.0210704        33967846.8790490     
   35372111.3321134        33117004.3000440        32804885.5312826     
   33169046.9117486        34366923.1874924        32431341.1549614     
   33918058.6570038        33596009.2773005        36783096.0647652     
   34203650.5929266        32570712.9151408        33305141.2458480     
   33092464.6436296        35984823.6155117        32564862.5720271     
   33425818.8969817        32844018.0316010        33332052.0274511     
   33556000.5762209        32493196.8520806        34241791.8537089     
   31518843.5612795        33609012.1908291        32310180.8177483     
   31766081.6383616        32016386.1242154        32495076.4177209     
   33023182.8039235        32637816.3930869        33332298.4776690     
   34731764.3366305        33364982.6150116        33771740.6885059     
   32496165.4887399        34321937.6627161        32858824.8353293     
   34615498.0798036        33947858.2137396        30634803.2405918     
   33444304.5743936        34004993.8150810        33684354.2130989     
   33818478.0575488        31920883.9652422        35251597.5520677     
   32360507.9264932        31528725.8016673        31735146.6911378     
   32944976.8673809        31877452.2986578        32884084.2079640     
   33563690.5140529        32762912.8675033        32400966.1065250     
   33126039.9903112        32825125.3978193        34891117.3116947     
   33004932.0116362        32582610.6196011        33399621.1186004     
   33423240.2408176        32720271.5022465        31997844.6616748     
   31333192.4256670        33462729.7591984        33009429.5855805     
   32451588.6964584        32650158.5364200        33968660.7979490     
   33170668.3102227        31996706.7346663        33340429.7071577     
   33216799.7632258        34325710.6385488        33044640.4100322     
   33963877.5728943        34406734.4823386        34213240.4351122     
   33044450.6420071        32951459.1470747        33642290.1708576     
   33411768.5644575        32984783.4993647        30382596.4507594     
   32990229.3836970        33259174.4504124        32979466.4127059     
   34672509.7485635        35194077.3894157        31894367.7296031     
   34556982.6120416        32758767.6988166        33894915.0591240     
   32690615.0884403        33965327.6017835        33118189.4491819     
   32739563.2272314        31487474.1403869        35369827.9591734     
   34650483.8902664        33629084.0239121        32659445.7874757     
   35711112.9577637        32489159.2439550        34762264.8746551     
   34792483.6357410        32445934.9458284        33585703.2755584     
   31971775.4854615        33455902.4941982        34063780.4652899     
   33470959.0859527        34505342.8335798        33347909.4309127     
   33894440.2952027        32854040.8021289        32367785.6453244     
   33659886.8996960        30941211.4506099        31159274.5043114     
   31963182.0467849        34155799.7773100        34008512.7515947     
   33867667.0813528        32177565.4246429        32573055.0542802     
   32930639.8202166        33469040.2353915        32225514.3468748     
   33556073.3574679        33440197.6605077        33122706.0105117     
   32906330.5155786        34136107.7984107        33898016.2573254     
   31520548.2889336        31825423.8516384        31018790.0478415     
   32696674.3242441        32391399.8832659        33287361.2602877     
   33344908.5937166        32726141.0864931        32448961.0003568     
   33010448.5939224        35412863.9653081        33779134.1497869     
   32775590.0586275        32103592.5488081        33408118.5341530     
   33293292.3051939        32246423.4258116        31932956.0481998     
   32257399.8044467        35027831.5989242        34186122.4096246     
   33653813.3466428        32741295.6474576        32307539.2945355     
   32656494.8004974        33233344.8659321        32972892.5623374     
   32351049.1042296        32742316.3383063        35452464.8153294     
   32261879.9771242        33081743.4653192        32743327.3794687     
   34741868.7057878        35472751.6992117        33566359.8122284     
   34927822.5803300        33596605.9453862        33075629.4413326     
   34043367.3766131        33142345.2109283        33367147.8084325     
   32543779.1847819        32234662.9915691        29761181.9492872     
   33073708.4563263        34611400.5156650        34324827.0959452     
   33453010.7158053        34741202.4478388        31877569.1317939     
   34250437.4436079        32814497.0347526        33546504.3221000     
   31191379.7980747        32019433.9802478        34723445.5315606     
   33773997.6880189        33195451.8835521        31154663.8432138     
   32848962.3723442        32595635.9081253        33366538.6591910     
   34550758.9227004        32872128.4724104        34325420.3422850     
   34531907.1129775        33946427.4452696        32686221.3465946     
   32311086.0025395        35043919.1117426        33617183.0670031     
   33469972.6524208        31880583.6792985        32772637.9379955     
   34778878.3851726        32820308.3743993        32400380.5367756     
   32152137.9110070        31588836.3912970        32809301.5020671     
   33001720.3342163        33120121.0257867        33537742.2069706     
   34322457.4125235        34446854.7370749        32446265.5088511     
   32944663.0181753        32755160.5061792        33841877.0127259     
   33454086.0600109        32809241.2285696        32079307.4185780     
   31963757.0202799        34318103.6894175        33354466.1829142     
   33858504.7227258        31880499.3614167        32283272.5362124     
   34706443.3055011        33527099.0231605        32491188.3245618     
   33975481.3305836        31088969.6272590        32875828.0070335     
   33663570.5501134        32116530.4375117        33646985.4679332     
   32281726.8268487        32143716.7352165        33422145.8538621     
   34648298.6823089        32815689.8548392        34462751.0517091     
   33142695.8495520        31600166.1742905        32044782.0703514     
   33274519.6205831        32481857.4176528        33385785.9797898     
   32763156.2748881        34338833.2365068        32667165.4731262     
   33395192.0440204        33952691.9899602        33921919.2712955     
   33733421.8009377        34757004.5989298        34387976.3766086     
   32741001.1649283        32960907.6376616        32920157.0296285     
   32462170.1451581        33143248.7753308        32310537.2723977     
   32153361.4616820        31560400.7194372        32174109.6238411     
   32033783.8690711        33132765.8351906        33601059.3686594     
   33611639.0275788        33482934.6004701        33465908.7937722     
   33078841.4001307        32416365.6330232        33244264.6735888     
   33694952.0730922        33624977.3990930        33446017.7311906     
   33085450.0720844        31862738.4682540        33171444.6480020     
   32444062.0287140        32531352.6933061        33932430.6601658     
   32943831.8335935        32992684.0271558        33330056.8700499     
   33379972.6386506        32943076.8681475        32076645.8712029     
   32207717.3925743        34174326.7065993        34004361.7815989     
   32643196.0298964        32131937.5092898        35142075.5346936     
   33154897.5640695        32327922.0768652        34784698.6580046     
   33345435.0062351        33892674.5269551        34563484.1056048     
   35409952.2181631        31928462.9057775        32057038.6909247     
   33624992.9686578        33441968.1482747        33347029.2291749     
   34823555.2212851        34658403.0463017        34473539.1998883     
   32792497.8245249        33362625.8783799        33313091.4594298     
   33867749.7113407        33306484.3851320        36188082.8033368     
   33083523.8821095        33765199.9789512        32587142.0878223     
   32850895.5683828        32200236.2310444        33462055.1758584     
   32495777.7856254        33266723.0077069        33342295.1445749     
   32608215.7626285        32674388.7045827        32922216.3100944     
   33276277.7832902        33347192.5806355        33559344.2281457     
   33250742.2803381        34976839.0583786        33995346.3818958     
   32967584.2518534        33052763.8500837        35261583.8408961     
   33252198.9227881        33209528.8047424        33758520.2139722     
   33673248.3612002        33459850.4787930        34220331.4542335     
   33576156.7226062        33160226.9694964        34038656.9039482     
   31168523.3577231        34448535.8876221        32760701.8234779     
   33043881.1560243        35459547.1117570        33906254.2862308     
   31582319.1324398        33193950.3463399        33152043.4352626     
   35368333.9450987        33080487.5129977        33254846.1297373     
   33244541.5217538        32531382.0333044        34332672.6875778     
   32826836.6523344        29452325.3655315        32647409.5760865     
   34545627.7100542        36237342.2848866        33448414.5056789     
   33571119.8933353        32789819.6579658        34349913.7745179     
   34056362.9155376        32731398.6896924        32302302.9504783     
   34547367.3847314        33286297.6860775        33628017.7465466     
   32302829.2258094        32825321.1775619        31305756.9825901     
   33948483.9263728        33437359.3102925        33608502.5280648     
   30462946.8289595        33163121.5760962        32183325.0933405     
   32998551.6141848        32906854.0447130        33380978.7387258     
   33576648.7261113        32912896.2202581        32712376.9649923     
   33433031.6623918        31870399.1528403        33531943.4842363     
   33986133.8142159        34347622.5477571        34928221.2576724     
   34693221.8794277        34463782.3998349        33495996.6399112     
   33399181.2245350        33847542.5498471        33405903.4371500     
   32889241.2718205        34128469.1681850        32187933.1040510     
   33081587.7593331        32813644.7279421        32199363.8480705     
   33234104.4204338        32587277.4792905        35123608.1030137     
   35287634.5670488        36053451.2021338        34011723.3204965     
   33575252.0737750        33412881.2317696        33715615.3977011     
   33118664.6986384        34087732.4362311        33738552.6077278     
   35505865.4722423        34771736.3011630        33581526.4951089     
   33103621.6471343        32983190.0845506        33258443.5142221     
   34092992.5189498        32997853.4576246        32827446.1039765     
   32178658.5690955        32188073.9574240        33532223.2055779     
   32305845.4263875        33095970.3555040        34277411.0408650     
   34011836.5584840        32926884.5753343        34245747.2274173     
   33114288.6427601        31638476.8929139        31956005.4501239     
   33379894.2455080        31705448.7268856        33886919.8274771     
   31182745.5223867        32103385.6343382        32590739.5521946     
   32917741.7730597        33688825.9608194        34153685.9174810     
   34003758.5101757        33104519.1604977        33233066.0759937     
   31351614.1739073        33247607.2961484        32651632.7285281     
   37033118.6126493        34470865.6344809        33941729.2845479     
   34056084.2820212        33803510.8445077        32135695.6435381     
   32796285.2669745        34118999.3739064        34362173.5149920     
   33854202.0751772        34643314.9362451        34266994.0424687     
   31877499.2125964        33320618.9707750        33004708.1867673     
   33131918.1828830        32917829.4904051        34036256.8022554     
   32490806.5462889        32792653.2979688        33505850.3183820     
   32164305.8003258        34024125.0847878        33088673.4463946     
   33417002.7952537        32763776.3769430        33724922.4455796     
   33803647.8982117        36704700.2881591        31049123.1191591     
   34140469.5185082        31072339.9335412        33949288.3361891     
   31818043.6731736        33765623.8905421        35384234.9272760     
   33256848.5881509        34867735.7282865        33728091.4845943     
   34403052.0014781        35413136.2516141        33309037.7247417     
   32145376.2251701        33148114.3433307        33212355.9876130     
   33505780.0316429        33262401.5142457        33121832.4187601     
   33721507.6329827        34013837.3400483        32959511.8660238     
   34304967.9464074        34217506.9507416        32345201.6142723     
   31319326.8418293        33595911.6814105        32656237.3486072     
   33220612.9332728        32747933.6337457        33625627.8004359     
   32137934.5658748        33476098.6555520        32459268.2201550     
   31773359.2318093        33320688.7107042        33587842.8693007     
   31478010.0620555        34652076.6671198        33991121.4739408     
   33055906.1723988        32724287.6447504        32506191.0982197     
   33382950.1866767        33926425.1174581        34667825.1170752     
   33457328.2415785        34071956.9073354     
   1983.82223407429     
   44035.3724023856        46207.2862322663        43958.1596664692     
   48321.5411408658        43545.3458531326        42621.5937758515     
   45060.1203183267        39877.3698449224        43603.5278076042     
   46367.6526276071        43386.0487838087        44407.9771874903     
   41846.0405933315        44200.6159698533        41576.5962999351     
   43592.3696902312        42480.6882043005        44576.4924189727     
   41009.9436225669        42018.9173758755        40473.9010314062     
   44324.0416617270        44950.9097802284        42911.9534811465     
   42747.0967697376        43506.3949487761        44299.7187394945     
   39437.0345714119        41239.7802684263        47122.5571892952     
   46971.6755335937        46039.5539085170        43826.9994794628     
   41342.7607579254        46056.7162656583        43092.5179921114     
   40145.5130796212        43021.9396585062        44687.5929472962     
   41959.0366123620        40058.0004148989        43154.9105756362     
   43177.8757153452        43948.4811312488        46683.4781668353     
   44645.9378141413        41578.8707935350        42330.5466684282     
   41573.3568730911        45282.9847291131        46765.3573787477     
   46155.9415402193        45138.6107213534        43096.0759525669     
   42591.0556332856        39348.1725848725        46506.1383468090     
   42629.3644694672        44454.5242577646        42329.0673000700     
   45418.1716955834        41629.8443675843        43449.4871301464     
   41014.0048649667        45173.3982344604        43760.3936276656     
   43399.7962349867        45617.6583747935        39730.3087856944     
   41702.6758821415        50496.2393010396        41661.8371956287     
   44614.7073514055        45704.6174423708        45383.4656846314     
   43645.1693388959        45415.1778440542        44198.2084092887     
   44292.6183849402        42814.0526463051        45702.4973570130     
   45682.5984262013        46737.2415878374        46385.8425115847     
   45945.1177581341        43056.3135902284        44314.3809741316     
   43616.4568586390        45479.9468684414        44649.2711847419     
   44201.7352562800        44273.2927904126        43477.0910985457     
   45493.7514573932        41661.3565991655        44337.5215178455     
   44815.3440134305        39995.2874510304        45695.2076985931     
   45662.6256021106        41677.9486828697        42427.8795065515     
   41732.7543269809        42135.1729918971        44293.5846248226     
   40002.6378796450        42999.0025665567        42081.9918727353     
   47253.3642165896        44948.0998664037        46791.7038521619     
   45651.3168175844        42820.5435929088        44170.7302085936     
   45120.9009532304        45662.0920418447        43467.4499499377     
   44454.8924263027        43533.0376167748        45945.4152168545     
   43122.0855072389        41634.9708143748        42984.8212877831     
   44997.6826211354        45578.5075689440        43977.5707426296     
   45788.0528511716        43917.5674877571        46259.8010969777     
   43848.5172031761        43220.0793434893        42064.0568041050     
   42788.7378047307        43402.7134910020        40947.3802745686     
   45215.5517165617        44153.5960921360        45737.5227580172     
   45399.7763290541        43224.5336994842        46489.2974490492     
   46654.0151827445        49093.0702755370        42720.5191182691     
   42281.4811404514        47303.1156490515        42002.4187425916     
   43465.1546457368        45959.8273980868        42396.1325763263     
   45154.7793397679        40572.2654959325        46805.5745892651     
   48838.0200168078        43138.0174591792        44104.4561899532     
   44316.8822216102        45316.1125806947        44228.4701607289     
   45807.8854896886        44563.4654136649        49957.1901961275     
   45056.0724009251        44502.1188734796        43990.7826637671     
   44217.9401947259        51354.6583055943        45197.6575116128     
   45089.5673994494        46500.2963614505        44583.6950009543     
   45548.5874173654        43091.8158748202        45150.3795611478     
   40716.7975048227        44172.9660266935        44326.0873274705     
   41635.1181279044        41442.2511273813        43912.2698214130     
   44361.2993746475        44863.7788272888        42166.7800889631     
   45787.0759710596        44854.6934100250        46373.2550735551     
   42730.8238317665        45109.2104174719        45173.0776030246     
   44871.0342115810        43731.1379733684        38992.5931825548     
   44667.1088920739        46946.3955491602        43352.3988044435     
   44852.8948436936        42722.7358487064        46772.6879905560     
   42699.4096496410        41716.0597122747        41711.4885296593     
   44266.3581729137        43084.6843992758        42741.6095182701     
   45493.7398981084        41537.5174823321        42874.8029827849     
   43175.4274554681        45685.3188204570        47586.7963017318     
   43189.2856093152        43189.9909447686        43589.3296378196     
   45867.8111416844        43959.7981803559        43349.2713194858     
   41936.8055124043        43255.2765219083        42082.7265084503     
   41284.4637653855        42966.4502353132        46067.9319511745     
   44777.6350753348        40286.9980610128        42550.6304681994     
   44736.7088799325        45771.0310782208        45517.3211377386     
   45817.4225834458        48570.9901241508        44600.2650402555     
   43152.2221582507        46273.6211742107        45709.2920584636     
   43312.3006707710        44396.4950875748        38662.2591182119     
   42844.2451754440        43551.6571263207        45670.6715217152     
   46995.9569463968        47821.3175229700        40372.9336550089     
   47015.5145383298        44314.6197241722        44575.0636463133     
   42971.3831806982        44769.1052389262        46445.4450576411     
   41819.5162378054        41226.0161329448        45690.1343643398     
   47158.6017377021        43908.5936588367        42305.8384284771     
   48971.4366436794        43114.0459151785        46511.6678761054     
   46467.4496525339        43110.6453141937        41521.0542884187     
   40543.5867682436        45462.3845469546        46188.3837866073     
   45303.1611577650        46029.7666184401        43289.3163429197     
   42947.7604562078        44007.5583051781        41854.2050223946     
   45861.8440753636        41632.7241456970        41897.4206198238     
   41816.7644348160        46804.2980116200        45638.1463218431     
   44442.3260869258        42460.6760103260        40479.3857749486     
   43920.8321205805        44115.5174043914        43058.9109999066     
   45145.6903323380        42841.0876644059        43890.9181141591     
   44149.6251487651        45841.8883589279        46442.9914463165     
   40863.6359197122        40852.3734141744        40130.9859657643     
   42193.5174978522        42524.3523966296        43658.7241723057     
   44076.9224610365        44297.8010590234        41487.4045806987     
   42413.9409294189        46121.9196326069        46965.4736244334     
   44539.7509714398        40830.3106311038        44502.9978120635     
   45566.5704109923        42874.0398064004        43118.6359731945     
   42863.5881508209        47485.5727403413        44843.9715122243     
   44126.3134772104        43869.4614510600        43310.8795966015     
   43164.2123291628        42414.1656964860        42358.0486152258     
   41281.7457935560        42949.9139029423        45871.7261092731     
   42782.0137758419        45512.3129066956        42206.5170878856     
   47285.8442665261        46167.7217634433        43325.8395157573     
   47828.0153509472        44485.9684085155        42962.1464371991     
   46294.3002284848        42937.6217439824        43183.6211613053     
   43405.5843430058        41605.8533798963        38713.6202306273     
   43105.1753692610        45417.8334920937        47453.6564785195     
   47344.6395345250        47721.8204936476        44379.7170519030     
   45550.7118550606        42669.2656864503        46252.9630165058     
   39975.2719204424        40684.2775833609        44414.8875940717     
   44788.1756292989        42850.8449886800        41929.2209974397     
   42598.9703140562        41324.2468378722        45385.9444252468     
   46255.1726880123        44809.2999970637        44642.9729168148     
   46063.1753591778        43525.6706156659        42977.7618543628     
   42885.4816432662        45234.4795168963        43826.9338676293     
   43901.5437190135        41199.7752457190        43551.6391068978     
   46874.2684045734        44577.5448186048        41002.2426653668     
   41267.6922995312        39794.1579702464        45314.6519202838     
   44993.2362219936        44235.4052145303        44440.4677551254     
   46492.4014920948        45832.1258970163        44129.4677963832     
   43827.9696774037        43526.0122868975        46006.6717054894     
   45491.2216353881        41461.7473253083        41190.4859480396     
   42211.5392503878        47173.5816132021        44373.4801649256     
   45030.3925472368        42320.1703136598        43295.4136626018     
   45879.6564112499        44434.7693350477        43860.6354881793     
   42466.8610996888        38324.2750252585        41524.2029298917     
   44452.1441830906        42675.7992199774        46097.1069438560     
   44103.8118402246        42696.5083218646        42230.6697254092     
   47661.2005940471        44391.5335434992        45637.3205713566     
   43238.8910384573        42602.4519846408        41026.2084588918     
   43990.6979754528        42789.3339363495        44089.3906792832     
   41962.7327727491        46086.0724670603        43635.9901646698     
   44957.4858899635        43185.1111956042        44555.3281831721     
   44322.6279215913        45985.6549137757        48841.2779639301     
   43370.6815914548        42263.4167644861        43538.5150930460     
   42881.8019935459        40877.2612197712        44128.2842451258     
   42832.7082193722        41313.7526802744        41447.8641448500     
   41003.8484465851        42314.1051898240        43069.6031122937     
   43499.0437933285        42602.6259621303        45820.2052998133     
   43157.7166144600        43629.4681935695        44569.5717993784     
   46305.1759149386        46718.0793925601        44330.4354361420     
   44114.4959945805        39786.7706977715        42947.2193476734     
   43829.6308676354        43656.3261731111        47210.7159190837     
   43898.8769126706        44300.2194497153        44302.9844220701     
   44347.5176844336        43026.9853995339        42992.3387438609     
   43208.6325008169        45823.8250432896        45861.3584853370     
   42454.4617147778        41132.0686896951        46529.2159467257     
   43575.2337196308        43763.9165006992        46773.8564497241     
   44686.9094789685        46447.7393448132        46391.1441939606     
   48478.3608348418        43030.4686017817        44672.3204666638     
   44794.0828290553        44231.8657207174        44488.9065392093     
   48620.9619668622        46357.9945487248        46581.2413137375     
   45328.6477539049        45022.6369888128        43765.7594333089     
   44679.7325593168        46130.7948293533        48750.4948545269     
   44335.9851421836        43626.3529597726        41072.1749281056     
   45047.6790307150        43858.3701599686        45126.9496851619     
   43649.3847904588        45081.9179459541        42203.5901005856     
   42419.1165632736        43286.4775319494        43442.9322850929     
   43063.9975028199        45534.0579881095        43721.5931940611     
   43696.3001960134        48576.2068163730        45251.7037478317     
   44152.5985793655        43616.8293175257        47234.5907665962     
   42648.7077564830        43754.9591814548        43952.4124557433     
   45009.7476451656        45218.6308087361        46782.5265618190     
   43978.7095227867        42096.3328707711        46534.8064587031     
   40896.5334232289        48013.1041429965        45052.3120262283     
   46639.4635577954        47942.5242120578        43707.5537436590     
   41827.0161644706        42974.5708915425        46697.8686556404     
   49407.5369398085        44920.4910642171        44975.7598488859     
   44926.7100623293        42502.4965611459        44925.4732505844     
   43622.4120550809        36901.0107462331        43609.9151203477     
   50438.7834688644        49493.0577472281        46208.4563976599     
   43555.6231389431        44848.1737413902        44387.6359852976     
   46227.0577469589        44266.7991722716        43556.8556536282     
   45226.8454433401        44184.2748156483        45976.3985513591     
   42942.4971770391        41008.5920748695        41544.6339231922     
   46064.1174726999        42668.9580853392        44157.0036416977     
   38982.1614906679        43872.5832480258        42581.4310961163     
   45152.5785189022        42860.7762435303        44584.9915316491     
   45271.5433514178        43847.2484619193        43972.7539703019     
   43891.8882087735        42110.3448826346        42708.4971512354     
   46336.0390175053        46421.0195713345        48953.7613542592     
   47502.8795985438        45792.8092132792        44455.8443126859     
   44859.6405094788        44455.0407090690        44592.6825968239     
   43390.0194198284        45531.0234158854        42609.9492604510     
   44653.0598623478        44953.9944632112        42239.7234664161     
   44565.6555561411        43662.1527448335        47294.2319229954     
   48439.9198864125        48396.4356531613        45805.5397376880     
   44121.7063740163        44059.6481889821        42873.3470738362     
   43533.8238934495        44068.2545829716        46315.9382586206     
   49291.1856005441        47683.2688111596        43972.7049623322     
   44389.7324320915        41819.7167835619        44188.9576246877     
   47006.1897602932        44249.5097795370        45019.6599684837     
   41372.0170677164        41567.1269988423        43853.3743144858     
   42431.4714194881        45449.8134864368        45788.8405998963     
   46477.4787093596        46123.8555068289        46315.1737152718     
   42703.0691959239        42343.3127249953        42504.9313994553     
   43619.2968109599        42034.3030836354        45258.8372218018     
   40521.2590410708        40337.8155110277        45515.0661130365     
   43722.8638697352        42893.4661844870        46257.9465458276     
   44753.4705716262        43843.5431675245        43539.8052033640     
   41123.9261047497        43611.7212324740        44065.2369647300     
   50820.6614623487        47660.8506205004        45490.0958391898     
   46413.6944735513        44921.8311232198        42926.7589573578     
   43737.4868085401        44512.5051903033        45183.3031535178     
   44310.9381299847        46983.7914165177        45472.0904067025     
   42819.2834394829        44531.3546311298        44525.0384892984     
   43030.8275645008        44185.9643849867        46307.9131092985     
   42347.5038744469        43719.4022988181        45045.7686077692     
   43387.2803080684        45027.8757466592        41555.5919617297     
   44595.5720079284        42319.1297417752        44336.2977638101     
   42218.3524983859        51227.2280850058        40602.3640026149     
   45412.4370672045        40970.8924297880        47048.0504585883     
   43016.2830141878        44963.3719681581        49688.6055636785     
   43587.2389394878        46909.5555662159        45930.6430048817     
   46047.2333440544        48420.3139570788        43079.3835145755     
   43183.9318194212        41681.7010801538        43473.4175351005     
   44440.8068424140        44822.0144121214        44338.3238878401     
   43237.9278269187        46285.7980077169        42880.7250771284     
   45386.8204123158        45516.1820191148        42099.8026641337     
   40445.6038763621        43503.1904887898        42464.3348752699     
   44834.7245212473        43772.4175686305        43897.8034017825     
   40851.2091038701        43581.6911855132        42011.6156564001     
   41437.2507238503        47314.2930062723        42804.6723271468     
   42985.6875742126        44873.8676966882        45099.5289441131     
   42154.2017965560        43852.0040934070        42996.3633571561     
   43652.3507120524        46226.5362976593        48353.3166224589     
   45865.6188451083        45577.3268234381     
   129343.000000000     
   30799.6589333999        23713.8776221682        13835.5868270585     
   28516.2706194511        25100.5624967671        35591.7264084397     
   42031.5760221703        13957.6858633691        26551.4304794344     
   36401.5982298265        21336.4921794263        35896.7890487154     
   21876.9175426863        18736.9864695555        22904.2277413823     
   30254.0760933184        36132.5005355012        28034.0571052346     
   32245.0629498444        32492.5161512792        25658.9016371020     
   36566.4895277160        25035.6924296958        23480.3221297915     
   30046.5299256505        21566.0738781864        29364.1999695971     
   17113.2267587652        19502.4278963565        29215.4891983752     
   31585.6034442867        27693.7164780113        30537.8535731051     
   18636.9123957370        46459.9674010892        22761.4670919853     
   19543.1381437267        27801.4633554619        35806.8608309394     
   31129.0504909774        21026.0078473279        30243.2221410730     
   25474.7332127318        38970.8671749708        29382.1560210721     
   38485.0180623391        22340.4669092248        32962.9245392464     
   20601.0655767508        19839.0378077641        28534.0258675254     
   26445.4168523911        36244.2317751684        26783.8868374065     
   16816.2068231231        20652.4395415657        32410.8103043376     
   13066.5732134426        33959.1841910126        17741.9527753944     
   41441.3091411019        29392.7140525163        33738.2370384887     
   30789.2699995565        24736.8969692463        31234.4300020181     
   19739.4181837475        26763.1089697196        24387.0340333832     
   25197.0538151706        27776.5320279576        25900.8697351139     
   27138.2837026886        33712.1008905794        25064.4812962162     
   26093.9686265214        23928.2299682646        34601.9981515008     
   38140.9678565003        17564.0198250503        21576.5262236301     
   21638.2679850883        34679.5399700251        32910.8107724285     
   26874.4174653851        32847.3251919630        19166.8325705531     
   32129.1571131597        38647.0769754168        16442.1312245587     
   29446.2862861403        14641.1677968274        17308.3336841811     
   31006.5815536653        12117.7031642746        27414.5363392438     
   37678.2428407652        25216.5528822522        25314.1116292601     
   44083.8396217526        26523.6244927182        28922.8129573512     
   26485.1547885573        28155.3317907417        24153.8484420081     
   30869.5385168922        33841.1223599189        24599.2832280708     
   21468.1769359770        36078.2307742742        30423.7655356280     
   20799.5121797807        31424.9395864148        28400.8086639683     
   23350.6454072492        25163.0440602284        34363.6022403039     
   20528.1739422460        20051.0333560507        39137.2803512667     
   19863.8845864680        42480.6358380482        30152.5858270940     
   25341.0087163726        30559.2866939947        32022.6784677144     
   31502.3862875387        24200.1917532019        17205.9345183529     
   23223.3677569169        20882.6236505283        21133.4270981771     
   28748.2302532212        46240.2039317702        31459.1818505580     
   23145.5088803913        37246.9911159618        28052.1716857103     
   20409.0129767477        23111.2032046479        22116.5394114883     
   29327.7594366447        27606.9482716485        23842.0113291040     
   23475.1223785697        37391.8232109675        25348.4173050036     
   25379.3621659330        29905.9358392625        15553.4070782422     
   33910.6003366095        24960.5708205817        25186.1258827249     
   43174.7180773507        19031.4488039869        30238.0646642514     
   22723.5997980270        34557.1978559135        15000.5741785303     
   27270.7611042426        33316.1271527235        22778.7150472575     
   33858.3280407909        28114.3784655705        30543.4866369287     
   32948.0650875843        46148.6798553874        18990.2524010146     
   25718.7199133522        13699.9705512914        27608.7977766562     
   27259.2518987944        31066.2307323147        31491.1730028918     
   18233.6463238506        25471.5626327186        18679.3347563144     
   26182.1530252902        18726.4390067114        26743.2611388366     
   22180.9550287577        21910.4200048264        28321.5864380370     
   20138.9112654182        21860.0077826156        25934.6469808551     
   24799.7907081093        22928.1127774822        22144.7998480065     
   29835.1579247665        24051.7874713813        23242.8139809983     
   22474.6881297861        22083.3751445496        28916.0173475228     
   25343.3972199826        11867.6712244290        32490.4024312704     
   30570.7113506425        25341.1144023731        22653.7836261350     
   20007.4695866685        21666.5812646067        34823.5265770272     
   28598.0081721929        27670.0639511124        21372.8270263782     
   21242.6535796339        16182.6403876736        34800.3390685302     
   37695.5436390376        24617.0173389450        24150.8575281956     
   36197.9835813750        27515.0331570641        17281.5634202691     
   19257.8810599338        29196.7616390968        22990.4146747428     
   22386.7045344181        22401.6908092808        29641.2346825556     
   27853.9258860813        13572.5872149587        43301.5412778811     
   14250.9433773955        26311.0582400292        26049.2951541346     
   23776.9510272319        28527.6847074989        31031.4071951691     
   26712.0414943061        16865.6150283297        23983.3346488950     
   41941.0665313918        29051.1474676879        20377.7404892169     
   22957.6942890059        31818.3979974602        23548.0140130746     
   42734.1025729081        52246.7092378886        29089.3001138475     
   33474.1277233842        32423.3869383902        37669.5554515289     
   30977.1374339421        29880.7085909570        31646.8062071426     
   20053.3901538605        14404.8221940390        40206.8649501396     
   46559.6821425062        34036.5146375360        21631.4618066598     
   39057.5191267332        21804.4592207833        36946.9168549069     
   34177.2672529246        22757.2924949679        30449.7325859366     
   28549.9738849921        25883.3258590405        21858.7818250104     
   28491.9628393495        36940.6179692806        29965.1939797103     
   32134.6210793826        23441.1337608276        16653.2284418415     
   15867.4107541553        22362.6398321175        16248.2396881479     
   19827.5603081161        35198.5744867956        33360.2827637081     
   23090.1188475597        30030.3493989828        30540.0201361142     
   23666.1286871685        34164.4264038709        21407.3969171228     
   38467.1148538642        27278.8355146763        27764.8220191087     
   30805.9366818262        41281.0785958318        37205.8792617899     
   23339.5166714027        16052.9319593312        24523.0307787519     
   24771.5091343911        28497.5007857726        26093.6092941199     
   25872.0280255933        19990.2956115967        19846.3724161948     
   26107.3061997772        28565.5837072573        26452.0645018189     
   24061.2675056209        27442.3000515599        35959.7779049789     
   21746.5644297411        21641.5336825019        27284.0141286980     
   20723.9044150645        25034.6250010914        36953.2157405333     
   32051.9429212368        19754.7532224117        24698.1841872844     
   23676.2428374108        28744.1824794042        34593.4798598652     
   27441.7821901578        27959.9817875248        38512.7077944549     
   21791.3964311286        35803.6268393259        25988.8744676819     
   49273.5083990550        23620.9690591796        24539.2535798198     
   24457.8330850793        21515.9787139769        33123.0705357161     
   29741.8160491762        31283.2146598221        27946.6547828691     
   25554.8749068670        20147.6409290547        17507.9956762160     
   29637.8210247413        37197.8154199562        38773.7839213466     
   30648.5490899680        23097.4534559904        24385.2585085758     
   28940.0820498234        41690.3687697434        24485.9244239968     
   33010.8531404469        25333.6106963417        25122.7671254600     
   27984.4163908270        30095.1032114536        14938.2828498698     
   25773.3278697805        35825.6835076181        25958.8385063563     
   32786.2492523076        35923.3056662263        36861.9453105516     
   37198.7454567601        31678.0998318735        31574.5803944406     
   21960.0184448338        27432.7671743201        28987.1123200201     
   25949.5592755175        24081.6649037062        20328.2477352099     
   45849.0072011343        12824.2986260295        22272.3734191400     
   28192.3535966966        16389.4678905385        26752.5826440756     
   25906.1328979359        27619.2289848998        36384.4453919548     
   26494.5291367965        25808.0774267258        30108.1025895080     
   28638.8769485639        12855.2963299591        36597.0433504438     
   24463.5612663033        37744.9624128443        15025.4738002345     
   17328.8684740669        33394.2396756501        28985.0303058114     
   36133.4622781052        19169.1682311628        25795.9869482753     
   24165.9494890587        32860.1554724167        29495.1132183445     
   30855.2709068325        17559.2005434302        29298.9177271240     
   30811.3055306486        22755.2104807592        29920.6684677241     
   33620.9255779981        23899.9378259463        26752.7834474765     
   35784.5188104459        18292.4605830966        22481.0504270127     
   29228.8373402310        20513.4835881846        22441.1222560457     
   27800.5755930582        23022.6594734776        27633.4543205593     
   25675.2512613704        29630.0953781090        25918.7940807888     
   27410.3617422264        38402.8683341955        36244.8236167709     
   42835.7407995332        32942.7702189621        27922.8860013697     
   17845.9372312293        27965.1498329464        22219.6466735195     
   27760.8376568920        21321.8229625649        24801.6719189172     
   23725.6616112175        25060.2855619987        37000.0663445292     
   19871.7159191008        30867.3613852831        30456.6233131654     
   28934.1847709988        37871.9230051752        25641.3366238285     
   19941.1304841911        18241.7418714845        24019.1939088450     
   22750.6976885403        24745.4575352821        37011.8397649784     
   33118.4309202967        32336.0480276249        35927.2266168427     
   21701.5527621529        16123.8789714278        37231.0430984951     
   21039.9266935861        23190.6896455803        27850.8398548684     
   29931.7549291705        36762.4313725354        17254.7191761569     
   25439.2544223835        28707.1818106495        27649.2755148255     
   40038.2112306343        21329.5803149974        27453.5661792070     
   20841.8499915578        16034.4263406538        39644.8902113895     
   31714.6883252265        32474.0528070020        31867.0135576635     
   37266.4056342430        22603.7518735258        27204.7813341667     
   37466.2155866786        27631.6470899518        26300.2676993841     
   38903.1541544876        33082.0537989446        34983.5668874965     
   15615.6667011026        16410.5099732265        29146.5924946871     
   40612.8682894374        26360.5615626362        39637.3653681580     
   27092.8809968987        22243.8064932205        25388.2080841700     
   26830.0821881997        22119.6888543015        28300.7240215497     
   15642.4686708147        29188.9620122642        37103.9134085635     
   24144.6220541695        18264.6017533801        20086.5861265993     
   30708.3462290181        24213.3602288569        26575.8333769365     
   21803.5397525794        27606.0182348446        28369.4304904371     
   28780.2953857552        26425.7592563089        30144.0992412585     
   34749.7366115186        26529.7648493438        32088.6371005903     
   27889.4997938301        27406.6838694110        34499.4087508718     
   30764.4972010529        24341.7053077937        38562.5387436632     
   16434.4372837266        31839.9473729503        19503.6749911617     
   19170.1828167671        32839.8848975319        43082.7289825661     
   25968.9632251986        23573.8753773827        24116.3510490513     
   24927.2902990425        35446.0382568305        31234.2820416175     
   26884.3942238268        32140.4549466070        27681.0235893582     
   15034.8692856738        17656.6958788379        19394.9029595068     
   31308.9174951296        31158.5051793006        27136.9414904830     
   17653.1448292230        17579.0589429132        31994.0904045949     
   21182.9198521841        35000.6246079678        25899.0307987062     
   48782.5652212020        18773.9977069103        29590.5371081436     
   24562.1557361156        15017.4310956008        22961.7843372230     
   31390.9721058727        31614.0118412055        26196.9279281520     
   22374.7831535683        25527.4810955524        34382.4777599828     
   14969.4496514002        32306.9949461034        29947.7240838373     
   34137.3707877578        14929.3946572327        21964.7637462536     
   39976.2686657753        18745.2194089899        23457.8321488974     
   24333.3349765587        49709.9915808804        31425.5525652173     
   23422.5224561498        41917.4562788930        19764.5714518527     
   44509.7964779339        31596.9646893342        26579.8177391531     
   23422.7972397509        29973.2472529440        27209.7697133875     
   18089.7442656488        23943.1105571268        15953.0903947136     
   32153.0421492596        30815.5646764665        31715.6500678305     
   29752.1310028193        44769.2133346187        34887.0861376930     
   24646.8313596697        26845.0261886622        35636.3470378263     
   28769.3568847095        30323.3849724082        34774.5516844224     
   34025.3859016895        32208.3370646908        21643.0132865081     
   19299.6164615083        32251.2772866704        27755.6061998701     
   34907.6632019791        23252.3997012383        28584.6388931370     
   16999.6988570904        10948.5306471853        27284.1832262987     
   23491.8313352396        32365.4287357478        41087.7049208231     
   19199.7009166905        18082.7372838195        29472.8029036512     
   37712.9184175102        19522.5610794407        23493.7231146475     
   39519.2612626641        28791.9314144039        25268.1910620681     
   18714.9720756634        17432.4724603002        24635.8822900239     
   25287.6267175494        31531.7247212613        35822.1958696035     
   29969.0515187265        26868.5307551605        35494.7383658341     
   16014.0817855687        23972.9245778515        23232.2453809541     
   31980.6365767386        33808.0003673804        22784.6651690823     
   26846.9391052702        21604.5964253475        25188.4721119347     
   28153.1229533325        32095.4115732186        41513.3447190031     
   31709.9535924067        32356.6039547109        40546.5397555601     
   11724.6886344310        17442.0898863404        28704.8461500397     
   25452.1269772373        28077.3038166154        21696.0465215299     
   25089.4866039208        20454.4579569377        27901.6853896810     
   31177.6026395805        43891.9561193501        34518.1468787502     
   27012.7921457638        24415.9814289043        27165.2019270011     
   25882.4698024369        34724.3191284123        16683.6765785688     
   38337.7657579233        27074.9989256239        34712.4400219627     
   18334.9780610744        17536.0870151335        54342.4203522525     
   31993.4351513922        36970.6433620062        39038.2737060527     
   22590.1289480688        37890.1855460516        26053.0258699502     
   34686.6632064549        33282.8677683844        32979.7603191168     
   27041.2322484827        28398.5892579590        30459.3288747767     
   26862.5594961355        30076.1642801744        25597.6354626458     
   43053.8449986453        29626.4597796938        30023.1310451526     
   20760.3238108168        35910.3908369723        24665.0621947459     
   23090.0448673594        25343.8833755846        27842.8394246349     
   22622.6590990049        22181.9273399618        21823.6729356636     
   23619.1512599720        33627.1610520242        40137.1756014482     
   21285.7311934140        32996.5960989872        35206.0042126267     
   31748.2753361669        23728.5891134297        28902.7537544673     
   30440.3793748975        24916.1404259959        35154.3766014108     
   29559.4971298138        30060.2585371079     
 ------
  0.000000000000000E+000  0.000000000000000E+000  0.000000000000000E+000
  0.000000000000000E+000  0.000000000000000E+000
  0.000000000000000E+000  0.000000000000000E+000  0.000000000000000E+000
  0.000000000000000E+000  0.000000000000000E+000
