        4836        2739          52          85
  0.455861866474152       0.456233084201813       0.999999821186066     
  0.273490905761719       0.956032991409302       0.337265014648438     
  0.506853044033051       0.663654685020447       3.017652034759521E-002
  0.281271934509277       0.511308491230011       0.161887228488922     
  0.940162003040314       0.730637371540070       0.399812996387482     
  0.872950017452240       0.895518064498901       0.534160256385803     
  0.169932067394257       0.840200603008270       0.360958158969879     
  0.968313276767731       0.951596200466156       0.965452015399933     
  2.469718456268311E-003  0.574498295783997       0.124155998229980     
  0.383083522319794       0.709999382495880       0.167652606964111     
  0.446773827075958       5.459231138229370E-002  3.796356916427612E-002
  0.693747341632843       0.569675385951996       0.322223901748657     
  0.827513277530670       0.963723838329315       6.637167930603027E-002
  0.331008017063141       0.251465022563934       0.140928208827972     
  0.785287976264954       0.491385579109192       0.496255457401276     
  0.710003852844238       0.924544632434845       0.195246934890747     
  0.917766034603119       0.910605311393738       0.297889649868011     
  0.153392791748047       0.396376609802246       0.401575684547424     
  0.657160818576813       0.997273564338684       1.595067977905273E-002
  0.166014313697815       0.361203372478485       1.352250576019287E-002
  0.342557132244110       0.664084613323212       0.138791978359222     
  9.000617265701294E-002  8.676016330718994E-002  0.128371596336365     
  0.929525613784790       0.813683867454529       0.424807846546173     
  0.716458618640900       0.108674585819244       0.121438443660736     
  0.786040246486664       0.671962141990662       0.409994065761566     
  0.992778420448303       0.144907414913177       0.553864836692810     
  0.993354916572571       0.116270780563354       0.402868688106537     
  0.652975022792816       0.396201968193054       0.543294668197632     
  3.759545087814331E-002  0.658130049705505       0.512181401252747     
  0.685576438903809       0.878287792205811       7.614159584045410E-002
  0.372078657150269       0.498347401618958       0.486202299594879     
  0.597547352313995       0.133641004562378       0.991313993930817     
  0.589908957481384       0.442655742168427       0.740328311920166     
  4.013943672180176E-002
