        4836        2743          40          73
  0.951043605804443       0.456233084201813       0.999999821186066     
  0.536803007125854       0.763239979743958       0.628311216831207     
  0.347255885601044       0.950398266315460       3.827750682830811E-002
  0.300012707710266       0.262877285480499       0.834276378154755     
  0.850531756877899       0.660235702991486       4.338604211807251E-002
  0.963370203971863       0.485974788665771       0.892932415008545     
  0.235225677490234       0.115922927856445       0.144516706466675     
  0.706478893756866       0.972749650478363       0.911940813064575     
  0.480114459991455       0.901484072208405       0.504359245300293     
  0.419881582260132       0.663983523845673       0.311327338218689     
  0.695983052253723       0.811951518058777       0.602972030639648     
  0.349083006381989       0.782362997531891       0.862491786479950     
  8.749294281005859E-002  5.700540542602539E-002  0.341450870037079     
  0.758347749710083       0.996237993240356       0.151838779449463     
  0.454141080379486       0.430804073810577       0.484252750873566     
  0.198825895786285       0.836601972579956       0.441316425800323     
  0.436391651630402       0.345657646656036       0.687635779380798     
  0.115091502666473       0.687674582004547       0.557960212230682     
  0.884061038494110       0.521647930145264       0.999786972999573     
  9.912645816802979E-002  0.237486958503723       0.656892359256744     
  0.420496821403503       0.313526809215546       0.835584402084351     
  0.273295104503632       0.190772771835327       0.698672413825989     
  0.845918595790863       0.632014989852905       0.962442100048065     
  0.315814375877380       0.952745556831360       0.835525512695312     
  0.108149945735931       0.170957624912262       0.412106633186340     
  0.372693419456482       0.137845158576965       3.169685602188110E-002
  0.509870827198029       4.273951053619385E-002  0.453650355339050     
  0.224927902221680       0.772020995616913       0.578171372413635     
  0.816630423069000       0.524540841579437       0.867318451404572     
  0.619933187961578       0.568863868713379       0.637142360210419     
  9.788590669631958E-002  0.467331528663635       0.635857045650482     
  0.942137420177460       0.359560251235962       0.650897741317749     
  0.110261142253876       0.865558087825775       0.825616836547852     
  0.598318278789520     
