           3           6           6           6
   3.50000000000000        7.91500000000000       -5.20000000000000     
   60000000.0000000        11995048.0000000     
       23936         501        3112
   327784.000000018     
   2202247.71428572        2044883.71428571        2366940.85714286     
   2250568.57142857        2352992.00000000        2403216.28571428     
   1959349.71428571        2729891.71428571        2924356.28571429     
   2848652.85714286        2662130.85714286        2060157.42857142     
   2058010.00000000        2132203.42857143        1851311.71428572     
   1914027.71428572        2335175.42857143        2263259.42857143     
   2460800.57142857        3155182.00000000        2934383.14285714     
   2500892.28571428        2505254.00000000        2436749.71428572     
   2241792.28571429        2095174.28571428        2679193.42857143     
   2241883.14285715        2266851.42857143        1982678.57142857     
   1968152.85714286        1907150.28571428        1878885.71428572     
   2414835.71428572        2390420.57142858        2072230.28571429     
   1858754.00000002        2191886.85714286        2763402.28571429     
   2824432.85714285        2685644.85714286        2514760.57142858     
   2600353.71428572        2576786.85714285        2499577.71428572     
   2730121.71428572        2291359.14285715        2080281.42857142     
   1825748.85714285        2362340.85714285        2261683.42857142     
   2355205.71428571        2645918.28571430        2502313.42857144     
   2660646.00000000        2483725.14285712        2108983.71428569     
   2043181.71428572        2140133.14285715        2210174.57142856     
   2333321.14285714        2013559.71428571        2328325.42857144     
   2008263.14285710        2168395.99999999        1949054.85714290     
   2069289.99999995        1846189.14285714        2727154.00000005     
   2548131.14285717        2567564.85714285        2506056.28571425     
   2853657.14285718        2727508.85714284        3256812.28571433     
   2555404.57142855        2547805.42857143        2475268.57142857     
   2637105.14285715        2400407.14285718        2385782.57142860     
   1972125.42857140        1977855.14285716        2329302.00000001     
   2177656.85714281        1961158.85714289        2110093.14285719     
   2186410.85714286        2415584.28571433        2565271.42857144     
   2662714.85714282        2845773.99999994        2278606.85714288     
   1988540.28571428        2336221.71428572        2304298.28571432     
   2311970.85714284        2153960.57142859        1968409.14285714     
   2187141.42857142        2414819.14285715        1789133.71428571     
   2278098.28571432        2560825.14285714        2413931.71428568     
   2622654.85714291        2919075.14285711        2562674.28571427     
   2697130.28571433        2324033.42857144        2149886.00000004     
   2100831.42857147        2219994.57142860        2452874.28571430     
   1966481.14285715        2226560.28571427        2335848.28571431     
   2576681.99999995        2642788.00000001        2178319.71428572     
   1920070.85714287        1851620.57142859        2314411.42857144     
   2686918.85714286        2425956.57142856        2409731.71428563     
   2440659.14285703        2249862.57142859        2627576.57142851     
   2056999.42857145        1964437.42857147        2160194.85714283     
   2721465.99999990        2770826.57142856        2419788.28571427     
   2725522.57142865        2462640.57142856        2028875.71428573     
   2175199.42857148        2114267.99999995        2142103.42857138     
   2481764.00000002        2955501.14285708        2611976.57142854     
   2254094.00000002        2503948.00000013        2412057.14285713     
   2538485.71428570        2298107.99999985        2102182.00000003     
   1808379.71428563        1819286.57142859        2492046.57142865     
   2255736.28571419        2455072.00000003        2338920.28571433     
   2039831.14285716        2005907.71428572        2123070.00000002     
   2159940.85714284        2443189.42857147        3029690.85714282     
   2569679.71428575        2189032.28571428        2352228.57142848     
   1873272.28571425        2003163.42857147        2431608.28571436     
   2247882.85714293        2484988.57142865        2174468.57142855     
   2121787.71428573        2664315.14285718        2509848.85714283     
   2445412.00000016        2761602.28571407        2540318.57142860     
   2593145.99999993        3099723.71428548        2706030.28571429     
   2640989.14285729        2090748.28571419        2113500.85714288     
   2760366.85714292        2556795.14285714        2561839.14285713     
   2768628.57142867        3099837.42857142        3107381.14285712     
   2693525.71428576        2490443.99999996        2624989.14285715     
   2258622.00000004        1872840.00000003        2067032.28571421     
   2037653.71428573        2286235.14285727        2037652.85714278     
   1836159.14285711        1783431.14285714        2048606.85714283     
   1928002.57142859        1757325.42857145        1908497.14285713     
   2137495.42857139        2443746.00000006        2502235.14285715     
   2143381.71428566        2172429.71428566        2694818.57142861     
   2193443.14285721        2461705.42857140        2099340.85714281     
   2217406.00000000        2640074.85714297        2584531.71428566     
   2586302.28571424        2289617.42857137        2217556.28571432     
   2238276.28571435        2064426.57142860        2161339.99999996     
   1629671.42857146        2269019.71428574        2718930.28571428     
   2690987.99999995        2556507.42857147        2693433.14285716     
   2646493.99999995        2788100.28571436        2893126.57142863     
   2830937.14285726        2685556.57142849        3153572.00000001     
   2850121.42857148        2682538.57142854        2378055.71428580     
   2567325.14285717        2921850.28571439        2698763.71428568     
   2416920.85714277        2306816.57142859        2107244.00000008     
   2148840.85714301        2533458.00000005        2723628.57142848     
   2595561.14285706        2329381.71428564        2574061.14285712     
   2319773.14285706        2625259.71428570        2191278.28571430     
   2343521.42857115        2305743.14285686        2740112.85714306     
   2552769.42857126        2510678.57142847        2980726.85714281     
   2398970.57142858        1917777.71428584        1986026.28571450     
   2078276.28571455        2136447.99999996        2874652.00000018     
   2901686.57142861        2588431.14285715        2321886.85714282     
   2857641.42857112        2134640.85714264        2001321.14285719     
   1979480.57142869        2241019.71428557        2454764.28571434     
   2294471.14285707        2006732.57142858        2365338.28571450     
   1977544.85714289        2062072.57142843        1957591.99999979     
   1604088.28571423        1825711.71428599        2142154.28571423     
   2058815.14285711        2070983.14285715        2341289.71428561     
   2187419.71428560        1838783.14285690        1886563.71428582     
   2036440.57142841        2179888.28571416        2499951.42857145     
   2240783.42857172        2310514.28571454        2800054.28571427     
   2187117.71428571        2055544.28571445        1982089.14285714     
   1891076.85714257        1943797.99999999        2264733.99999992     
   2439980.85714283        2503545.42857175        2599481.42857128     
   3060247.99999953        2711227.71428568        2185929.99999990     
   2505508.85714267        2568984.57142826        2529881.14285723     
   2101937.42857138        2443976.57142863        2576879.71428544     
   2384503.14285709        2118815.14285734        2449356.85714265     
   2326902.28571423        2229144.00000035        2315247.99999980     
   2298628.57142846        2857830.85714314        2866857.14285707     
   2385664.28571439        2079949.99999994        1904407.99999997     
   1898482.85714269        1700888.57142836        2091833.14285712     
   2380183.14285723        2166093.14285710        2446665.14285705     
   2692531.14285684        2861652.85714286        2770478.00000004     
   2504450.28571454        1983757.14285726        2073615.14285724     
   2191758.28571411        2338023.14285677        2525823.14285713     
   2479299.99999959        2162801.42857133        2180598.28571438     
   2437051.71428569        2033824.28571435        2294504.85714279     
   2169302.28571424        1943510.85714281        2156075.42857148     
   2560387.14285735        2430180.00000029        2969854.00000009     
   2955237.14285718        3214804.85714259        3152443.99999944     
   2814843.71428542        2552064.28571394        2658044.00000012     
   2129265.42857164        2047112.57142859        1948464.85714285     
   1890992.57142860        2386642.85714280        2543589.42857165     
   2441866.85714292        2760460.28571431        2586532.85714308     
   2839483.14285701        2401491.71428574        2920387.14285738     
   2952060.57142861        3467384.85714320        3540892.28571443     
   3499825.42857132        3172657.71428568        2723907.42857109     
   2122033.99999979        2222621.14285728        2280201.42857154     
   2342042.57142868        2061825.71428580        1915691.71428560     
   2212451.71428600        2612291.14285748        2339197.42857158     
   2031447.14285718        2186051.14285710        1983191.14285703     
   2177673.71428572        2943214.85714283        2321416.00000012     
   2256929.42857140        2244761.14285714        2421175.99999979     
   2014507.99999985        2597882.57142888        2665960.85714266     
   2741140.28571437        2196133.71428571        2040578.85714284     
   2003712.28571431        2137740.57142851        2656034.28571440     
   2935186.57142847        2589643.42857190        2306521.71428575     
   2584797.14285716        2505557.14285741        2574870.57142856     
   2736258.57142903        2319542.28571422        2121345.99999996     
   2158694.85714294        2201788.28571432        2312692.57142844     
   2412265.71428566        2072501.42857126        2107214.85714306     
   1954151.99999992        2437240.57142837        1659332.57142869     
   1682766.57142847        1365140.28571435        2157241.42857140     
   2073471.14285711        2112068.00000030        2146093.42857135     
   2267104.85714287        2874397.99999954        2511572.28571422     
   2558303.14285714        2722506.00000014        2446003.42857167     
   2765978.85714237        2675078.57142822        2664745.14285732     
   3288210.57142877        2543264.28571430        2177702.28571428     
   2025946.28571424        2266281.14285728        2841203.71428585     
   2348057.14285734        2401442.57142865        2434150.00000034     
   2337280.85714286        2094175.14285705        1669061.14285723     
   2219227.71428551        2301991.71428572        2562639.42857179     
   2445470.57142863        1889924.57142850        1621740.85714285     
   1947601.14285737        2088248.00000012        1781299.14285708     
   2237055.71428581        2368561.14285704        2296214.28571414     
   2451170.57142878        2527953.14285698        2366637.14285704     
   1835285.71428561        1865857.71428561        2381946.57142878     
   1719685.71428553        1531117.71428549        2126821.71428591     
   1701438.85714271        1819762.57142842        2156826.28571441     
   2211162.85714279        2506620.85714275        2519669.14285698     
   2514420.57142856        2881542.28571453        2510098.57142886     
   2414679.42857134        2354672.28571422        2105923.71428562     
   2295158.57142866        2556151.14285704        2457917.14285728     
   2185575.71428575        1910242.85714272        2213375.71428587     
   2359937.99999974        2375305.71428565        2466323.42857187     
   2330370.85714287        2226285.71428556        2425102.85714292     
   2503696.57142838        2461656.28571417        2774559.14285720     
   2279423.14285713        2386856.00000023        2345742.85714305     
   2301724.57142849        2879822.57142844        2542460.57142860     
   184561.161398824     
   1357480.33525858        1223491.25667720        1471281.18775250     
   1360027.06541771        1539246.12795032        1450646.97146095     
   1360363.25545839        1366048.66708730        1509380.52833466     
   1433782.36246846        1470710.69036774        1199814.67434682     
   1316503.32728540        1281198.39935441        1253928.73411577     
   1299113.14729301        1258699.76484790        1286875.79459859     
   1384905.16091911        1548379.75954162        1414919.04069175     
   1359826.11833016        1402363.19726018        1327959.00002919     
   1355908.09253044        1276055.72801232        1365943.48817603     
   1303567.72859176        1361335.31631405        1266417.36220101     
   1346086.39800115        1461303.01608318        1398818.83675244     
   1468601.61917409        1340816.94611254        1311344.03736299     
   1324127.66006330        1338873.79564531        1241852.14376140     
   1283907.85384901        1243779.18523618        1329504.86748374     
   1376561.27808174        1356854.76571863        1309170.46950337     
   1483146.32682275        1238269.97399399        1132759.15752661     
   1250145.37766186        1485046.00680417        1331863.90728932     
   1341308.64065882        1457399.16344339        1365155.11443510     
   1326304.32899909        1246790.38372214        1395606.78205706     
   1294808.73163419        1253283.66004925        1335401.50411110     
   1212862.35343058        1225113.14600333        1492898.97595860     
   1350537.66145393        1428411.97157434        1349478.68324273     
   1171414.25125428        1204103.11260433        1542625.39538578     
   1335873.98668939        1404591.14820628        1475424.15496577     
   1409239.50855483        1367008.35376111        1543500.10988653     
   1475852.30845860        1613757.15162710        1637382.86983423     
   1572258.15081686        1311134.54217951        1613878.95128270     
   1391563.20642396        1274892.22931934        1329033.81791404     
   1348869.04444479        1230904.53020696        1332463.91822296     
   1214122.71209505        1332481.15197208        1338849.93877723     
   1483818.16278547        1498430.89734972        1421905.01599482     
   1124954.35637396        1354155.91097597        1327032.72692520     
   1357925.36148603        1439934.29554866        1123845.78384294     
   1436601.69594105        1411923.25163290        1265870.55467980     
   1414261.25613537        1512149.57285883        1315846.96503729     
   1342596.48564318        1274358.11952476        1468702.21630108     
   1398825.63900506        1279562.60102073        1258646.47875737     
   1310865.04030165        1210151.82181950        1266038.26926758     
   1109796.49550463        1199269.01615827        1311266.35773268     
   1300424.63177620        1433139.74022174        1418329.95809359     
   1383540.29513047        1191937.01366553        1562806.62728371     
   1530071.47402809        1372420.49681169        1543727.44190641     
   1340802.55612081        1281019.20751051        1378435.68845763     
   1217019.61903573        1339760.45873161        1272751.16243543     
   1329325.79025416        1511563.46853507        1292951.09490809     
   1515164.10941531        1279034.07512427        1311569.30474517     
   1286732.01777806        1328685.74834409        1304935.31040323     
   1321669.61774006        1468368.97276265        1416364.23500060     
   1194973.25144001        1139735.50598047        1128095.66684917     
   1163458.09874793        1277302.01060280        1224732.91468698     
   1118584.13754123        1247641.55092641        1461908.39372246     
   1292733.88764281        1513055.49977005        1321465.67459897     
   1214372.88086862        1151212.44358722        1301194.66318061     
   1234228.26254486        1277483.09577673        1328653.07655232     
   1425149.95006528        1317680.54666663        1304699.95155637     
   1344575.98795694        1207733.17151837        1290381.96731204     
   1225073.59456631        1587894.17227539        1413045.48202590     
   1472781.38940948        1382262.34833480        1467510.40501924     
   1409859.72306076        1440266.76477129        1347704.61455137     
   1371632.01596517        1627150.06829332        1572943.38464132     
   1578677.27726058        1267277.20349540        1218505.61560801     
   1536615.67942199        1431326.49238359        1555900.37808371     
   1498230.56563154        1507168.72576853        1446183.30637366     
   1378052.21603410        1652516.73563672        1647536.72678257     
   1166218.09445852        1252984.52166125        1131648.25951508     
   1206180.89587719        1416467.19367493        1440041.56692451     
   1230546.23631635        1256108.22490360        1383765.13759563     
   1342985.48198959        1281619.61105199        1352372.19948265     
   1396200.75901908        1293083.24987708        1346564.48326594     
   1268343.16293030        1357919.11820070        1470672.15626558     
   1260869.98268840        1355550.07536042        1185574.28014366     
   1346943.30596067        1354082.54634078        1368506.88510902     
   1329836.18916702        1302045.93937088        1270450.49917789     
   1329760.70494386        1272025.68029406        1397639.60862313     
   1125364.50070828        1192817.31049665        1267531.55301075     
   1334956.22260927        1324489.29982553        1455030.43300435     
   1413622.12672499        1271317.07209236        1392527.47099724     
   1298354.19225430        1244688.25220206        1468830.02615180     
   1385640.39063100        1338279.78213830        1251473.75386462     
   1418273.94163391        1591487.89605361        1471437.21578453     
   1303308.48688970        1505420.27006231        1328658.72346381     
   1169297.92452693        1377904.34824272        1483597.04331439     
   1316966.90242870        1151169.73877885        1459885.35981545     
   1349714.44957174        1427015.24291674        1337642.52545265     
   1392128.34023972        1251696.42213438        1473597.49506127     
   1466280.47410681        1541970.30629965        1563347.44285653     
   1380734.08810207        1133677.00047275        1222515.40571679     
   1330058.61157057        1344906.79126644        1309383.40736766     
   1234745.02150921        1109027.50436607        1350219.12528705     
   1530891.49563633        1325780.78890379        1270423.24221343     
   1479655.18636163        1516380.55119319        1399706.31892017     
   1245015.23940595        1197370.57718299        1354800.75469858     
   1248115.24853103        1306676.12308949        1261876.31644021     
   1152892.25457125        1226892.06448541        1380820.41851529     
   1311767.58745636        1352260.00715374        1349462.92789643     
   1362465.76561632        1134602.19345279        1174941.54426845     
   1234263.80354637        1334803.94954888        1365952.58739527     
   1253555.51038733        1262077.14841062        1338014.25897559     
   1166419.47256726        1356720.66300434        1257109.73366600     
   1258148.45932589        1358842.27220827        1391007.97982189     
   1540909.62549086        1438786.78128136        1338891.11297457     
   1521524.14075560        1349270.11364645        1223349.56612811     
   1229064.66461940        1275591.78256310        1359025.36079137     
   1300138.31419839        1327043.13057934        1368939.98362352     
   1289190.02935664        1292737.47042931        1445875.52149596     
   1384191.24371459        1326678.32127657        1238433.45449189     
   1316980.53684536        1538817.72993198        1489083.47226722     
   1368822.04787513        1429120.69627483        1313524.97079635     
   1236259.05182400        1300544.76228369        1412385.85263409     
   1404329.40712223        1275271.22549716        1323876.50311540     
   1221950.16551019        1347064.73558346        1409408.04683510     
   1512308.47723187        1413380.28210142        1244274.66229707     
   1287687.71504684        1324402.86282114        1470554.37646825     
   1420059.88844770        1420983.84500457        1353245.72815297     
   1397738.54267514        1313611.07305890        1278753.29352369     
   1297666.88118775        1259095.36133618        1322891.40781409     
   1536474.59156725        1386820.73160379        1450776.95688681     
   1536181.03979771        1541726.25006226        1345570.63983282     
   1387500.89821891        1388778.62681013        1440793.16572405     
   1345863.40047492        1323965.83057859        1243015.79490315     
   1181203.34740413        1298616.07339942        1216752.31447571     
   1421957.49005913        1481150.04825598        1397774.69423812     
   1443059.80808617        1449614.95379823        1489663.22042707     
   1461425.80831460        1505378.77057188        1605657.58045843     
   1570511.81729057        1506697.23431805        1388239.43057665     
   1316667.45080970        1250563.14469341        1303255.72137910     
   1364772.93388151        1428663.52339777        1248520.31102459     
   1392960.17728815        1318648.13837301        1199040.84559589     
   1227006.35052139        1287322.48331810        1186322.94887300     
   1411798.34350750        1561508.67676893        1384281.94974006     
   1395291.18614195        1368331.13285027        1375243.57727214     
   1363109.51523131        1417001.89603508        1283259.05031464     
   1441651.46599004        1335373.03151952        1176344.37872240     
   1224582.52464811        1351557.30412564        1496254.75346036     
   1567305.64642060        1561341.03878030        1341261.85484141     
   1304030.05244480        1353097.73779187        1285097.42252031     
   1358811.60785334        1401027.22918631        1277232.18319066     
   1318558.52573313        1346312.57221236        1295838.26514019     
   1413659.99559842        1445126.78264717        1387008.75112140     
   1382756.53262740        1403984.41491575        1170943.64908176     
   1315449.40461276        1143738.25655203        1223551.02207290     
   1233265.54165325        1307314.45009577        1362568.35411675     
   1354290.78331248        1708859.53153527        1473465.15292169     
   1238952.38740147        1451364.88765660        1248243.83622064     
   1325666.59387142        1453529.63919224        1394548.05416677     
   1441943.67714605        1444767.60967215        1393968.74553329     
   1237575.89359877        1354700.33907284        1464572.16273938     
   1361731.00988477        1570227.22586687        1439518.49133269     
   1477933.66740351        1346297.66441871        1266085.19449225     
   1542141.41033179        1403530.58071226        1574218.03455329     
   1394110.28566861        1366476.42404945        1181108.14494207     
   1218815.36068774        1431412.27358488        1093885.84998651     
   1286241.07263948        1396599.26134624        1291291.35031808     
   1423990.03803079        1488871.64092962        1420357.88044040     
   1274288.93481308        1244678.50551098        1293123.34442216     
   1098888.87456239        1210241.69147992        1332426.84735449     
   1155513.86434539        1148789.82868741        1386782.65887445     
   1455019.06363225        1357373.29223615        1321468.52612498     
   1396975.52726620        1441934.60903863        1381621.60859758     
   1360775.84701011        1274038.03642642        1304537.34062361     
   1247037.54771783        1358696.67421627        1316178.90188404     
   1488740.12990427        1460463.74477271        1328072.31347810     
   1373550.27781696        1427684.50208489        1422383.99244219     
   1386947.06199040        1320111.59875626        1442445.42548308     
   1476925.84272268        1495659.66855297        1597242.15703680     
   1254455.54637618        1284622.58617714        1370375.92770836     
   1472980.57332642        1402715.33352374        1476195.40414251     
   641.693296406819     
   4366.07547950185        3898.74366798614        4350.40040652498     
   4569.48407538941        4888.32975824949        4759.43544322668     
   4033.05531423957        4758.75944996866        5172.78153117043     
   5054.93826342194        4776.17968610163        3856.16920245216     
   4332.73540597660        4343.07910205295        3842.49745578375     
   4190.15901190247        4290.52975317121        4342.19987102954     
   4324.33496465864        5515.93612255971        5043.13363351197     
   4893.99969679904        5020.84678687410        4618.16262645234     
   4326.80139743785        4012.42891370834        4564.32177926406     
   4164.11127152809        4307.03843462517        3791.61124443269     
   3874.66396738702        4037.31063198680        4176.37583168836     
   4666.82470903834        4535.92761193062        4293.70875857343     
   4090.90976488959        4169.73203247749        4582.43643006079     
   4734.03531904487        4479.12421527992        4695.49095790236     
   4848.50321172476        4734.35076245962        4695.51648163342     
   4856.72764750471        4326.02092475085        3746.39895698956     
   3702.55576831977        4639.49356299941        4313.87444440063     
   4432.49043495984        4877.46610525327        4795.51417660411     
   4686.62127892968        4483.83265933009        4291.48357729958     
   4078.57131371401        3946.62513521290        4259.82310879948     
   4260.90424783398        4011.64932568573        4689.69214148758     
   4068.89416008953        4417.56520679319        4124.70762090744     
   4041.72029910619        3714.64089300735        5067.52086221799     
   4629.72355210446        4719.49737462900        4782.52374960027     
   4877.53232188839        4826.91764703155        5611.04923478058     
   4646.47518151149        5075.46143117270        5122.57371048472     
   5358.37692380002        4552.99163246882        4668.67220280631     
   4138.95178392747        4071.77065560701        4237.80631333941     
   4211.65354044804        3914.42791752919        4133.82415473022     
   3991.82492904541        4323.27445824499        4480.27455077920     
   4908.62913441295        5193.38469388380        4467.39009101756     
   3755.28670173444        4363.26256297297        4194.09365879114     
   4309.60675544903        4278.87391973830        3861.03644222866     
   4417.50489532570        4434.10732078100        3531.68504203913     
   4572.48018011791        4914.02915009221        4628.99024140316     
   4629.94514856368        4847.24730154764        4576.25574097277     
   4798.35168789792        4327.53670337985        4103.27684101330     
   4163.47956137668        4146.90680885324        4237.49166709173     
   3795.72350630215        4064.30375987766        4271.19527437148     
   4592.89997464067        4757.92390686016        4466.94213616257     
   4024.05581814721        3932.88560059090        4484.82307053658     
   5052.53501133461        4506.42289519398        4649.91723701167     
   4373.57373448491        4167.72002850408        4598.40536793290     
   3951.70224546652        4003.15300205283        4108.80922776864     
   4676.24753215451        5122.61170759383        4364.80492519856     
   4791.29095659796        4594.42152904695        4170.34398933939     
   4242.56126264001        4395.98025098595        4114.09848210291     
   4550.12282424674        5220.36246186286        4828.77179523774     
   4198.29475537905        4120.01532461465        3978.49631559041     
   4307.14680135885        4399.54983086917        3870.19747982567     
   3381.70317456028        3772.12965782159        4538.66817724884     
   4221.42205548815        4669.20240325700        4474.40725032952     
   3949.03302584459        3824.79858637592        4154.73946820189     
   3925.71218393106        4311.92185091509        4918.02414405035     
   4572.25747134315        4105.10400441953        4552.04500927653     
   3864.47873269188        3788.57157868743        4255.08721932707     
   4129.97448938504        4630.13833807424        4319.99067967207     
   4460.82057772707        4703.14543894711        4786.84909208175     
   4797.61965387868        4939.10804526532        4462.54056794475     
   4778.83497608790        5153.77064449614        4996.60882332088     
   4953.58649440765        4107.51525704213        4081.68927462867     
   5083.46257043047        4819.02222493748        4939.68509224873     
   5344.52246786212        5592.17244392306        5423.99897645102     
   4854.44063591461        5034.70608774603        5069.11077219596     
   3911.55602652229        3737.45511967233        3841.84573841044     
   3868.59214663901        4377.32772137651        4070.85073184960     
   3566.78771544932        3661.17154154998        4225.50708060131     
   4079.46968316057        3810.39990383989        3980.00687151639     
   4152.52752794142        4403.60941144182        4570.30134256508     
   4109.00755402604        4446.26385241071        5008.74515477215     
   4059.41095542438        4600.18473172412        3780.38602962116     
   4160.66005825430        4769.42793590292        4496.66652571528     
   4449.08846968188        4262.85414194151        4110.15301344357     
   4372.32482739620        3952.20512366552        4229.35067173884     
   3398.12340644895        3909.48422703114        4336.33564307130     
   4683.09366708187        4672.45418703001        4993.79381635117     
   4525.79556708290        4754.43043066049        4912.77871262867     
   4650.17782549737        4687.80130427198        5337.67101085750     
   4825.40125899317        4553.02171984591        4398.01045006397     
   4766.58147856714        5142.58958295888        5169.15837479153     
   4598.35024009856        4525.51198912859        4298.72191465822     
   3929.13184264167        4745.59369513916        4903.49865553509     
   4549.65417909422        4209.39617460443        4664.03486448357     
   4400.21044793243        4609.78712312988        4036.21392724607     
   4560.68849693596        4249.04616505854        4740.44335787866     
   4915.32600093392        4538.68857051874        5178.04073356082     
   4716.20452377450        3840.75788510463        3790.97701286672     
   4223.14198543581        4113.37680926530        4922.40882407594     
   4790.24566575496        4331.84406817372        4444.06609635142     
   4858.13191275272        4332.09768647964        4075.77453960132     
   4087.46379733968        4454.91729397604        4622.61784958179     
   4342.76096188226        3966.35108978929        4470.16118471193     
   3960.99001575390        4251.95029720312        3864.85492457070     
   3396.33264441030        3680.72058536483        4110.98411591139     
   3985.13597999220        4191.94466177223        4579.59179737246     
   4258.03080716561        3621.34879274511        3791.52016203205     
   4027.07328630028        4304.59790900871        4729.03952986540     
   4112.58539219394        4175.56191645734        4816.32115412286     
   4087.20811148664        4311.98193602772        4042.10946055666     
   3974.10111150904        4117.38436038730        4500.97285917798     
   4910.24702012820        4691.07275814205        4643.52363399347     
   4967.33041908997        4553.41504376694        4036.40017643833     
   4267.77796834355        4533.42181656139        4549.89732284523     
   4224.68032245460        4406.06686390743        4684.99245144060     
   4320.12898410485        4169.90295676573        4490.69706770410     
   4398.01227683966        4240.82885011745        4293.64697074777     
   4357.20256331037        5240.95990260573        5001.20924502973     
   4613.30554967086        4437.12172909852        4018.88949363292     
   3979.27735440064        3858.95167886600        4253.46334463649     
   4558.62448868653        4167.65522327490        4518.56796447920     
   4606.40479462671        4965.79885717619        4876.21566311565     
   4654.46669336580        4078.69837897784        3939.39232311839     
   4192.21670792628        4665.78829409730        4681.85972148596     
   4637.19739710005        4390.23726872794        4334.71019864465     
   4524.72200220908        4081.35835705770        4288.82789377534     
   4111.93825907411        3871.88208979881        4106.64307455587     
   4680.16337359625        4555.28922173884        5236.16469385780     
   5309.88166808402        5468.50934217122        5336.05990531613     
   5198.45302821310        4895.72994101279        4902.04510942955     
   4404.40267264234        4146.70292473737        4058.47694371807     
   3882.97467690357        4631.34276058733        4547.62154468405     
   4510.89835758327        5174.07464088893        4898.27760738351     
   4872.25671603696        4601.34989373273        5150.26476920975     
   5212.54114385320        5618.30989053491        5952.44210239581     
   6153.96279439891        5618.27048540620        4678.59126517825     
   4407.94100889225        4238.98916778626        4187.25291023407     
   4294.10644522244        4026.22858077092        3755.58728180642     
   4452.34032901288        4527.57795748917        4156.25188502883     
   3864.16355939891        4048.77092627764        3985.81493913105     
   4271.90147863363        5347.90590596857        4414.68140367586     
   4475.68544453310        4512.38715262464        4532.87367440685     
   4203.20908603359        4704.84267981554        4531.08481508971     
   4709.61819010901        4155.16170991619        3976.70768060977     
   3980.32683204573        4140.81356093479        4759.98003612822     
   5384.43993242818        4996.75501727595        4519.96334407613     
   4720.04028581145        4809.14771938471        4648.21094394481     
   4749.26801102891        4408.99140387433        4303.37135378784     
   4129.69511111048        4377.51129797562        4307.72378385548     
   4704.47667742781        4345.84275519530        4177.04539877595     
   4100.51322800219        4480.59784944858        3642.30607434355     
   3692.09851297619        3303.21735191124        3979.16219339409     
   4093.99170616400        4104.24341224341        4117.89617899153     
   4474.10364082197        5356.50914906853        4689.46793104317     
   4455.16256057478        4832.32627659760        4267.14020042260     
   4782.35747874104        4792.16772439997        4730.11070072048     
   5281.89608125067        4823.59972199306        4347.91446127451     
   4056.68417900846        4399.82739246158        5056.51925885432     
   4551.03871218922        4750.25143049875        4553.91326535266     
   4529.13742181949        4408.69830509110        3588.13167125719     
   4190.26607372287        4446.83264133688        5097.66916690005     
   4464.39023865039        3845.23526139486        3446.39458047279     
   3785.51493060837        4286.27394880754        3633.24546603830     
   4238.35778927565        4564.16437599699        4251.99153848125     
   4669.79702170741        4659.74925133639        4594.48237414768     
   3922.76215039627        3822.45516676247        4140.69123521531     
   3356.27755455341        3423.70389523841        4247.16117367102     
   3555.60755120530        3778.46994083910        4520.43207745717     
   4525.67494991352        4783.68862261034        4681.86886961189     
   4576.68124439511        4883.37206364466        4305.51209484174     
   4230.36447508086        4378.56619282019        3971.08226496128     
   4244.64761371189        4474.06866601000        4274.80534582506     
   4415.67426141644        4212.76752483360        4206.73866883041     
   4421.51697462196        4651.86744523133        4654.64418638448     
   4466.72518424799        4509.23833513887        4499.37241742958     
   4700.42736779018        4860.61270318607        5152.91340721601     
   4301.20324678809        4174.59342451549        4348.09990011330     
   4641.30496562064        5133.80914855436        4827.19216145542     
   2024.00000000000     
   1817.57020107847        1872.30375263708        3192.38696180356     
   3600.83901070675        1204.05317728263        1125.25555357971     
   1922.19475481448        1379.57435309960        5031.68491734243     
   2313.86779489684        4201.65496200277        802.418928166130     
   2228.52848167896        2982.60687303974        1679.26019419076     
   1328.72758459696        3470.09017741425        4275.46136156278     
   2477.60118603588        4187.82820916433        3535.86813984227     
   1392.57277512283        1568.24262570150        765.398912501927     
   1971.89460372684        1047.03138967194        1021.31065589721     
   2520.37703890318        1992.02941431184        1647.16768491445     
   1576.99319739034        2377.09704712423        2178.25517297147     
   2702.65229675182        1569.75061257020        1981.64342024426     
   1080.90799608869        3604.00365920587        1122.53692936570     
   805.541098161906        1761.26494489614        621.927767457931     
   2091.85389716999        1631.32320316718        1525.91279711931     
   2560.94400959659        1100.25695436183        973.076315350218     
   2720.85433543468        2628.37863365502        2766.68864054274     
   2794.00231819286        4346.80400792885        769.880394604708     
   2157.92920912141        2541.80744384017        1656.93774068354     
   1747.94793409783        400.975832314674        2926.93879440757     
   1809.66919945651        2275.36103161560        2573.89995311648     
   2719.77113359941        2463.62575843574        1195.23888783878     
   1815.42503665961        1256.11058313057        1771.96952773881     
   1784.86175350368        2802.73165063003        1586.86944941779     
   2196.92447519111        2698.87170995421        2442.11039649205     
   1952.18457817527        1550.57156831044        2279.84251371838     
   1969.32465427453        1562.65670251177        3837.82658086233     
   1785.26529928544        3420.70891727698        1325.52045759449     
   688.937606482921        2037.92743717492        2056.17195436112     
   1424.02810684898        1543.98740029213        315.933868620201     
   712.194587063702        2597.11445519392        544.574412868702     
   614.940053657860        2555.20941164517        2421.10477658850     
   1789.89545614993        2864.28300197533        1034.43651343047     
   2501.53782267016        2787.84293520800        844.111579198161     
   2310.91553891444        627.386255137621        2545.88538016118     
   1907.19984313409        903.029263336140        781.519504520935     
   1979.79560534880        4386.33025529034        2198.49617981483     
   1186.70070866665        1331.89223309608        879.920957517062     
   500.906511431181        772.492822560358        2588.40636200842     
   1253.24328415486        1658.14837802885        2775.97019352338     
   2939.23632112563        3047.28039438082        3330.69696869127     
   4800.43194513828        2196.73332192606        2695.89821472014     
   1733.65391772261        1905.47946374866        2933.24685215414     
   2571.30876441250        3562.67207545227        343.799766813794     
   716.994657941562        5915.40770090877        2086.54408425200     
   2219.88410624848        1669.46889916999        1859.24161285883     
   523.462596706788        851.800188303405        1280.19589452656     
   932.594301663489        1446.94525940301        1331.84975459273     
   1293.49166607320        856.472823671233        1704.04640089192     
   567.003062634278        3812.72178538609        2526.49394338470     
   754.609372652579        1745.90896593733        3921.65790721150     
   1502.40094551846        1242.89976859062        3417.39559401615     
   927.369445752190        1026.36559779513        892.664508520230     
   1798.05132879196        1404.44551680745        2615.74127891021     
   2826.26474148255        2941.48768180285        1551.06007109889     
   1348.62876341357        2082.02012364588        1031.61169295810     
   2011.20845857161        2174.34715066383        2604.42075776907     
   2865.74851034069        6607.65863065252        1987.78156397745     
   2235.30380296231        2530.10461616893        4730.13002210414     
   1378.42743350931        1389.59927988876        1930.11699568812     
   4643.98361732272        1637.63126091375        1822.83753549312     
   1584.02338969375        4200.57176016750        955.022951429064     
   3301.59919390070        705.929007820478        1759.31093374233     
   1473.96158752973        3019.35077843221        2776.28878229846     
   738.637455395275        4212.08343457370        1565.97002577260     
   3240.15403881376        1989.22583309114        3556.78880273914     
   1659.18910136077        2038.69205023511        4887.08809195982     
   885.910426488551        1794.24950274268        1464.76499155577     
   2877.02655297850        760.853712644131        1749.32848545651     
   5868.17160519036        662.579695158036        7426.26186859267     
   1027.47003888207        849.909894904602        1087.95942764378     
   3096.87404703481        2832.93386650754        2414.66928333190     
   1189.95031417246        1851.04326171346        1568.96476025834     
   1664.71130679548        1635.20998622314        2995.81768757969     
   2661.32071299821        935.291686625826        853.499328437161     
   1965.33167496020        631.740301730370        2332.72825038153     
   941.599744372394        388.041128046458        763.083834069685     
   1607.96002632804        1616.03094196338        2212.68399993169     
   3252.38784777680        429.372711800066        1439.95754560294     
   1730.38307296513        3254.29938042728        3477.09913046600     
   720.095588685666        1597.46783600209        1844.77768247024     
   472.573349700804        2334.70350078702        2996.75221465326     
   2320.21833114675        2964.95705490036        4508.28603839066     
   1651.50049225553        228.789219010205        2216.29467271592     
   543.385014775073        3932.40496855751        2322.38473481729     
   2868.02111026959        2329.64855888910        1905.07591796689     
   3878.54222631745        1114.55097073705        361.853130734949     
   980.085268401961        1053.72175394860        1410.01020074550     
   850.865661229839        705.907768568806        1764.72694291867     
   3291.99905214498        1382.33545581695        1989.24707234282     
   3084.21545303833        3542.47354711225        3814.52712177821     
   3168.47156442094        3037.21298908832        934.675748327340     
   2263.04226564587        2286.59659575006        1676.45661297006     
   1330.57539949242        1682.40360343821        776.443323371340     
   854.540051769086        448.042014019707        1207.19658653008     
   1450.10990790213        1565.43904448080        2469.63646665890     
   2110.11965360786        3364.42490034632        1649.27037082997     
   1202.33279789721        1386.09480336289        3558.91272790633     
   1321.78234930023        2744.42990479054        1060.64574999365     
   1925.69923134035        1952.71555946707        6049.10879018367     
   1296.55011831396        1833.24476881237        1864.02044448502     
   1782.44047881308        2325.20955528966        1222.57380474057     
   733.285163973945        1708.57036149805        1988.12139200420     
   2188.53497078069        1463.29948319041        2386.29364309818     
   1557.17697558041        1683.84787255190        2162.45316972754     
   848.189515519174        1834.32797064764        1562.86909502849     
   1053.55183993522        1501.40270068988        2795.76517608163     
   581.806821049624        1782.90774234986        1339.49588519464     
   942.725424711007        641.382921989433        5329.86277156488     
   4274.27196346915        1842.14401526292        3096.47050125305     
   470.258271268562        1674.24773079618        2197.56165274126     
   1456.35424789368        973.309947118610        2505.12725620272     
   1550.44413280041        1933.34536194225        1859.81507265397     
   3579.42984502143        3622.99155020059        869.598681204496     
   1277.54098806757        1034.58518819217        2414.83919734527     
   831.346788943321        2476.83657297569        1283.14815050896     
   972.991358343530        2345.28064811965        2530.29576943397     
   1613.63090652445        2437.62891438927        2312.63591829987     
   1580.60387017457        640.299720154164        5067.98279844979     
   2087.90339635901        735.494046147827        1410.73233530234     
   1677.39114004363        1179.43688459485        1318.85133256950     
   1026.72666507355        781.625700779295        1807.90634156774     
   2143.57147499118        3004.63197702355        4369.25389694610     
   3064.67534150014        2139.34486390846        1323.69388195071     
   423.956702623719        4722.03786721713        1252.39371408798     
   2699.42393049768        2438.03246017104        3889.20433065677     
   2754.34863532134        2174.55954318055        1251.73529728615     
   1570.51522563039        1529.33231663849        1039.02419179161     
   1456.26929088700        707.075927410763        2388.22641500033     
   2092.68222798519        4115.44483946634        1339.19853567123     
   649.135248849694        1340.23925900315        1769.65444930656     
   3688.93942664199        3680.29505121151        448.042014019706     
   3383.03048481095        2917.65724142693        1125.48918534810     
   1166.01367753818        2340.62925200349        2804.66442253218     
   1967.11577210065        3946.61402792604        1809.83911346989     
   2105.76560701511        1715.72798931149        1242.72985457725     
   1025.19743895317        2384.67945997111        191.153265047516     
   1275.79936943047        1707.25352789438        1040.99944219710     
   2680.81834603306        2756.36636423017        3351.17160730303     
   2258.43334803306        1795.16279056457        3349.42998866593     
   2498.90415546284        1206.38949496655        4151.80643832871     
   1221.59679916366        1609.29809918337        846.044351100308     
   2620.49887128473        3627.47303230338        8008.06868964229     
   1313.66895516155        2542.42338213866        1127.76178527700     
   963.582369852858        2888.32583486797        2708.59928721996     
   1671.55034583384        2208.69102061736        2444.21308240758     
   860.232171217168        5683.19896237938        1100.53306463357     
   2485.11988112774        3437.23305507775        3634.60942086515     
   643.867914435051        850.738225719808        536.524736485035     
   3507.32258559518        1987.88776023581        3014.23211877927     
   1520.13572066454        1527.67565500808        2122.96940086939     
   2038.18230819498        2120.61184393380        1625.39745195070     
   1836.04835003307        682.183524451242        1412.21908291938     
   3249.96657308620        4186.44765780566        2265.33610482645     
   1105.84287755155        1251.82025429284        1874.08784977752     
   2779.09236351915        1296.95366409573        1630.04884806686     
   1156.30733952410        1410.81729230903        2909.71376130162     
   4976.65401626042        1227.69246439351        714.530904747616     
   1539.12361165926        2657.30649443221        1477.78465283068     
   5138.32719998727        2037.71504465820        1381.80447452515     
   666.933741750785        922.038393582531        1326.49746317140     
   3194.53212622242        2119.61359910522        2205.39893660821     
   775.020293509319        1546.66354600280        1478.54926589087     
   1043.31452062934        870.257098006326        441.479085253075     
   291.891035727558        2184.28712044630        4843.48390827732     
   2761.61245939314        2086.03434221187        1360.62894060822     
   2129.70224364940        959.865500810268        2981.82102072788     
 ------
  0.000000000000000E+000  0.000000000000000E+000  0.000000000000000E+000
  0.000000000000000E+000
  0.000000000000000E+000  0.000000000000000E+000  0.000000000000000E+000
  0.000000000000000E+000
