        4836        2738          94          30
  4.660844802856445E-002  0.456233084201813       0.999999821186066     
  0.182365179061890       0.588979840278625       0.911723375320435     
  0.872290849685669       0.666296482086182       0.234172344207764     
  0.868125677108765       0.862750232219696       1.052737236022949E-002
  0.481883525848389       0.589793920516968       0.336831033229828     
  0.965622246265411       6.325161457061768E-002  0.354408204555511     
  3.602349758148193E-002  0.955117821693420       0.353858172893524     
  0.320115268230438       0.793651759624481       0.361836791038513     
  7.648348808288574E-002  0.122338294982910       1.809930801391602E-002
  1.127690076828003E-002  0.976684570312500       0.881183147430420     
  0.769485354423523       0.919131219387054       0.918409883975983     
  0.761562168598175       0.992952823638916       0.883856415748596     
  0.297622740268707       0.758935868740082       0.362296879291534     
  0.614056766033173       0.303950786590576       0.411490678787231     
  0.834460377693176       6.510967016220093E-002  0.343501448631287     
  0.888082325458527       0.640512704849243       0.532603859901428     
  0.349288165569305       0.263251245021820       0.622500181198120     
  6.491881608963013E-002  0.305601775646210       0.692551970481873     
  0.494778752326965       0.892481565475464       0.373187363147736     
  0.510724365711212       0.168266534805298       0.521910727024078     
  0.868372619152069       0.164595186710358       0.953767776489258     
  0.125857353210449       0.184334039688110       0.136650443077087     
  0.740509629249573       0.913389503955841       0.573222041130066     
  8.908379077911377E-002  0.647190213203430       0.447237312793732     
  0.230368971824646       0.120507001876831       0.795677661895752     
  5.759108066558838E-002  0.753007352352142       0.327366232872009     
  0.710799574851990       0.988274455070496       0.734913527965546     
  0.566486954689026       0.117027640342712       0.961417853832245     
  0.871143102645874       0.355386555194855       0.198634684085846     
  0.541757881641388       0.411706447601318       0.210823833942413     
  0.125011801719666       0.660904943943024       9.188568592071533E-002
  0.916528463363647       0.792963981628418       0.863667309284210     
  0.214674174785614       0.701455116271973       0.560119211673737     
  0.174266695976257     
