           3           6           6           6
   4.00000000000000        7.91500000000000       -5.20000000000000     
   1850000000.00000        255476216.000000     
     3502080          72     3326456
   281901787.500000     
   309445305.750000        307177811.000000        296571982.000000     
   302979840.500000        304421275.500000        305838547.750000     
   300537995.250000        306856961.500000        287309488.750000     
   300402706.000000        302235610.500000        295698814.000000     
   292646082.250000        297620843.250000        300158097.750000     
   288844618.000000        299837564.750000        302282340.750000     
   305488812.500000        299981574.750000        304726090.250000     
   298132786.750000        295204291.500000        294300390.000000     
   311947165.250000        301826981.000000        301702862.000000     
   298762516.750000        306632721.000000        294926368.000000     
   303454816.000000        290474613.500000        303586551.500000     
   295469781.250000        307011325.500000        300888264.500000     
   308500332.750000        302239808.500000        298869144.750000     
   294976656.500000        305002921.500000        304466737.750000     
   299102804.250000        307885734.250000        307442312.750000     
   299679576.000000        305090305.250000        304076548.500000     
   296480449.500000        301331767.250000        302076307.750000     
   301593028.500000        306208144.500000        293244547.750000     
   298785462.250000        300875561.250000        300521817.250000     
   300224746.750000        299636299.750000        301207292.500000     
   299501945.750000        301759507.250000        291437079.250000     
   297079682.750000        300527557.250000        286169935.000000     
   294806437.250000        299997189.750000        292468346.000000     
   303476992.500000        304730642.750000        302288228.750000     
   178155822.287573     
   190710645.984768        189607572.189641        189260931.980351     
   189789306.023435        189262874.163639        190634826.140276     
   189072133.475438        191175252.453425        185815100.066735     
   188409471.577634        189174362.765345        188523379.417719     
   188845780.850657        190178333.929048        188257086.227415     
   188780590.861129        190482018.130823        189952530.350605     
   190580920.403949        190721895.641684        188787138.540444     
   187563890.418999        188087309.895303        188698443.291202     
   194311606.147009        190953971.785198        187534588.840903     
   189501955.385438        189176389.945983        186862318.436192     
   190663036.933202        185541126.931006        189555841.527445     
   190394399.595408        190676049.234611        189059102.708240     
   190767613.382107        191089251.030279        187963468.993818     
   190028552.374611        190719432.020399        188609797.586947     
   190303462.827557        190507433.049743        192153423.644774     
   188725785.828587        190194075.394918        190832581.917124     
   189620427.356258        189513434.459279        188665463.895908     
   190496293.562968        191523786.674666        190019814.726013     
   189518003.960979        188770824.392115        191942375.234244     
   190122571.660081        190675430.766693        190602863.659718     
   188699623.062375        191513630.355429        186935880.327476     
   187854834.410667        188287541.888257        187510486.497358     
   184383341.858166        188601026.252437        185504461.808079     
   190108989.064569        190689521.029181        190254523.337365     
   550735.917849181     
   598978.917336684        591158.424320242        582078.816445878     
   590251.051261480        588782.570592887        596620.862224438     
   585956.709955253        594523.089142918        568574.166307552     
   587219.705010434        588341.904137257        580314.194796193     
   577336.228666732        583709.980578023        583421.404704978     
   573369.698739612        586652.268322283        590313.644956092     
   591130.845301395        589307.321039122        588278.525183500     
   583458.192058897        576046.723896807        578874.406453953     
   602797.515294967        593781.287789967        583353.571120918     
   586079.974839709        594397.532832965        576254.018171029     
   591783.379904353        571618.422684181        591519.448812829     
   582241.561039240        594963.121329502        587336.539347726     
   594092.478230379        590867.405996089        582057.220551593     
   582219.749825442        595157.046815903        589217.779163368     
   587398.586456046        597949.983423439        597990.284862929     
   585098.059177482        592424.943837386        593067.131817363     
   581881.003381657        586527.627934559        584581.204328662     
   589812.564456780        596045.085417020        581333.411105039     
   585027.827038222        587451.565050267        591058.163023801     
   588548.051668110        586678.526405360        589408.118500141     
   584771.377394914        591539.123980863        574335.126706857     
   581294.296784043        585530.680693618        571042.718391323     
   572805.007867487        586173.285002731        573235.528889221     
   591428.281506485        589611.561386459        588576.854902171     
   20645165.0000000     
   415369.686447284        400841.653342236        403555.190755470     
   394076.784425615        373504.174455708        448636.351999243     
   421234.236760064        386703.928655351        367508.177069237     
   385647.594473447        391559.479113485        420185.131888448     
   398470.959929491        413582.244124702        401421.726509368     
   426146.803989311        424555.575183488        386101.517105273     
   433072.018636430        384891.323129351        397947.606183949     
   382984.625063537        405618.443345357        407872.111136296     
   434748.196484222        419154.685699425        401268.870269991     
   372558.361374785        424049.021686018        413592.800032783     
   406523.110685978        383974.464458269        409913.229771035     
   414059.675953223        410481.669138063        392256.949589326     
   404168.102460593        435352.633727928        388310.935570260     
   426282.581215437        410641.884778144        416839.392219760     
   392465.242930473        437612.806039692        426074.176368219     
   396330.712397386        437933.051476401        442558.025963478     
   421776.565122069        392455.077293642        398918.433793528     
   416498.741172006        421655.822631220        396074.248433448     
   415595.021632991        404280.314736989        436373.917834761     
   399016.875070121        398530.615677625        410683.959735706     
   404882.280262782        396229.576390738        429421.031097619     
   397032.773206496        389040.631300701        407725.833755125     
   391671.375456011        402934.436456667        371025.933437216     
   379360.937927844        434124.840377089        365556.411966282     
 ------
  0.000000000000000E+000  0.000000000000000E+000  0.000000000000000E+000
  0.000000000000000E+000
  0.000000000000000E+000  0.000000000000000E+000  0.000000000000000E+000
  0.000000000000000E+000
