        4836        2743          42          75
  0.417473435401917       0.456233084201813       0.999999821186066     
  0.352287650108337       0.398468494415283       0.266193687915802     
  0.742699086666107       0.715126633644104       0.290642738342285     
  0.221779167652130       0.548168420791626       0.975484967231750     
  0.813908278942108       0.277016401290894       0.654298305511475     
  0.104861855506897       0.743501782417297       0.582439959049225     
  0.656233131885529       0.633621692657471       0.769900143146515     
  0.648354530334473       0.456909179687500       0.796243131160736     
  0.824710071086884       0.998706579208374       0.159382343292236     
  0.351285517215729       0.365405499935150       1.316851377487183E-002
  0.910674691200256       0.295853674411774       0.545349121093750     
  6.019300222396851E-002  0.154501616954803       0.607008218765259     
  0.118756651878357       0.176235198974609       0.190118074417114     
  0.885917127132416       0.495776236057281       0.317815542221069     
  1.934456825256348E-002  0.248378276824951       0.268973171710968     
  0.991495668888092       0.255981266498566       0.621747553348541     
  0.704275131225586       0.287209033966064       0.719978749752045     
  3.121912479400635E-002  0.970910012722015       0.497150480747223     
  0.548672139644623       0.385768413543701       0.782267808914185     
  0.552855253219604       0.432236969470978       0.913760364055634     
  0.935855865478516       0.658062696456909       0.914717972278595     
  0.466295301914215       0.636104226112366       0.314990222454071     
  0.416885733604431       0.314522564411163       0.704085886478424     
  0.508549332618713       6.504547595977783E-002  5.475777387619019E-002
  0.792716443538666       0.262572228908539       0.312312781810760     
  8.998435735702515E-002  0.207282364368439       7.424181699752808E-002
  0.146990299224854       0.700433313846588       7.135039567947388E-002
  0.544827401638031       0.223836123943329       5.484145879745483E-002
  0.290124416351318       0.284740269184113       0.881524443626404     
  0.312532603740692       0.442965269088745       0.401786923408508     
  0.120970368385315       0.329941689968109       0.478426456451416     
  0.371339261531830       2.585667371749878E-002  0.292616009712219     
  0.342207551002502       9.388488531112671E-002  0.237477064132690     
  0.965597450733185     
