  -4.35000000000000       2.232842309364398E-003
  -4.05000000000000       6.748188202530550E-003
  -3.75000000000000       1.093148504475674E-002
  -3.45000000000000       1.514362814628674E-002
  -3.15000000000000       1.952380516265921E-002
  -2.85000000000000       2.380163905740851E-002
  -2.55000000000000       2.829310867685443E-002
  -2.25000000000000       3.283306669622878E-002
  -1.95000000000000       3.730038436032646E-002
  -1.65000000000000       4.213597900838645E-002
  -1.35000000000000       4.698257005644756E-002
  -1.05000000000000       5.201942562106306E-002
 -0.750000000000000       5.741620214024476E-002
 -0.450000000000000       6.281250375748713E-002
 -0.150000000000000       6.970510774576869E-002
  0.150000000000000       6.394901705219437E-002
  0.450000000000000       5.899768031361470E-002
  0.750000000000000       5.449433183236609E-002
   1.05000000000000       5.027527845165702E-002
   1.35000000000000       4.596655488645290E-002
   1.65000000000000       4.177263342860939E-002
   1.95000000000000       3.746619247922586E-002
   2.25000000000000       3.317192571471218E-002
   2.55000000000000       2.905804943470286E-002
   2.85000000000000       2.473801660943124E-002
   3.15000000000000       2.045602504290299E-002
   3.45000000000000       1.600246690840611E-002
   3.75000000000000       1.149253714208410E-002
   4.05000000000000       7.044259047317286E-003
   4.35000000000000       2.349581904400634E-003
   4.50000000000000       0.000000000000000E+000
