  -4.83333333333333       1.569424044258183E-003
  -4.50000000000000       4.723571661785226E-003
  -4.16666666666667       7.802783154990241E-003
  -3.83333333333333       1.093709462510093E-002
  -3.50000000000000       1.416662933595407E-002
  -3.16666666666667       1.731559600094445E-002
  -2.83333333333333       2.057102639021320E-002
  -2.50000000000000       2.385449115406650E-002
  -2.16666666666667       2.716175572599996E-002
  -1.83333333333333       3.058925058104677E-002
  -1.50000000000000       3.399279087102425E-002
  -1.16666666666667       3.766807891852866E-002
 -0.833333333333333       4.162860810548746E-002
 -0.500000000000000       4.599733853746023E-002
 -0.166666666666667       5.140536370081689E-002
  0.166666666666667       4.628435273130832E-002
  0.500000000000000       4.275286799274286E-002
  0.833333333333333       3.956892916814420E-002
   1.16666666666667       3.644674097772776E-002
   1.50000000000000       3.319636890338162E-002
   1.83333333333333       3.008078173120746E-002
   2.16666666666667       2.706795255096313E-002
   2.50000000000000       2.401006832283108E-002
   2.83333333333333       2.097419527535515E-002
   3.16666666666667       1.794845929732677E-002
   3.50000000000000       1.490423002131214E-002
   3.83333333333333       1.173825663385827E-002
   4.16666666666667       8.475354109961687E-003
   4.50000000000000       5.143444244174972E-003
   4.83333333333333       1.778395618666296E-003
   5.00000000000000       0.000000000000000E+000
