  -4.35000000000000       1.419297227061558E-003
  -4.05000000000000       4.316209614331496E-003
  -3.75000000000000       7.210722450837666E-003
  -3.45000000000000       1.007570158944416E-002
  -3.15000000000000       1.292481964245687E-002
  -2.85000000000000       1.585766347110013E-002
  -2.55000000000000       1.892496280502023E-002
  -2.25000000000000       2.200148666923222E-002
  -1.95000000000000       2.508336051119262E-002
  -1.65000000000000       2.835194307204439E-002
  -1.35000000000000       3.169939726171962E-002
  -1.05000000000000       3.517422347604226E-002
 -0.750000000000000       3.890048996432278E-002
 -0.450000000000000       4.313642916459205E-002
 -0.150000000000000       4.867583846781360E-002
  0.150000000000000       4.218102158509224E-002
  0.450000000000000       3.902625445509429E-002
  0.750000000000000       3.600065276729446E-002
   1.05000000000000       3.312324292257409E-002
   1.35000000000000       3.036366046273731E-002
   1.65000000000000       2.762700542040207E-002
   1.95000000000000       2.474821330402679E-002
   2.25000000000000       2.201020287753859E-002
   2.55000000000000       1.926457630148484E-002
   2.85000000000000       1.644966529060680E-002
   3.15000000000000       1.361596478526217E-002
   3.45000000000000       1.074263845343500E-002
   3.75000000000000       7.819369751171919E-003
   4.05000000000000       4.774553661689776E-003
   4.35000000000000       1.643267577678195E-003
   4.50000000000000       0.000000000000000E+000
