  -3.86666666666667       2.143541040251715E-003
  -3.60000000000000       6.412856796811675E-003
  -3.33333333333333       1.069960127918781E-002
  -3.06666666666667       1.497249474525148E-002
  -2.80000000000000       1.926488049826796E-002
  -2.53333333333333       2.371120565746776E-002
  -2.26666666666667       2.826978249065357E-002
  -2.00000000000000       3.292276160931633E-002
  -1.73333333333333       3.766929931479696E-002
  -1.46666666666667       4.232555948380060E-002
  -1.20000000000000       4.715553910532832E-002
 -0.933333333333333       5.214424917851904E-002
 -0.666666666666667       5.758489278695428E-002
 -0.400000000000000       6.338111978109395E-002
 -0.133333333333333       7.089050300851035E-002
  0.133333333333333       6.316066761064951E-002
  0.400000000000000       5.851812377469840E-002
  0.666666666666667       5.418548018664945E-002
  0.933333333333333       4.979296247308515E-002
   1.20000000000000       4.544568172194224E-002
   1.46666666666667       4.133988271597836E-002
   1.73333333333333       3.701327673521129E-002
   2.00000000000000       3.275583387166605E-002
   2.26666666666667       2.848609982568651E-002
   2.53333333333333       2.442593471210387E-002
   2.80000000000000       2.016472427719071E-002
   3.06666666666667       1.590157250471600E-002
   3.33333333333333       1.146298065657282E-002
   3.60000000000000       7.100268289097897E-003
   3.86666666666667       2.455354739754115E-003
   4.00000000000000       0.000000000000000E+000
