  -4.35000000000000       2.345148309128318E-003
  -4.05000000000000       7.117703869606877E-003
  -3.75000000000000       1.179930906994983E-002
  -3.45000000000000       1.668223856527793E-002
  -3.15000000000000       2.130133580637662E-002
  -2.85000000000000       2.619242428384970E-002
  -2.55000000000000       3.078476464087107E-002
  -2.25000000000000       3.545887044367800E-002
  -1.95000000000000       4.018068567008061E-002
  -1.65000000000000       4.532031039629691E-002
  -1.35000000000000       5.056169869683474E-002
  -1.05000000000000       5.578585197207204E-002
 -0.750000000000000       6.116340317099007E-002
 -0.450000000000000       6.713120392159561E-002
 -0.150000000000000       7.417601415574775E-002
  0.150000000000000       6.848307025850452E-002
  0.450000000000000       6.314690998050028E-002
  0.750000000000000       5.819739899495732E-002
   1.05000000000000       5.305641377614997E-002
   1.35000000000000       4.838602946096211E-002
   1.65000000000000       4.365453979717437E-002
   1.95000000000000       3.920291982977715E-002
   2.25000000000000       3.492757742518957E-002
   2.55000000000000       3.044777968542485E-002
   2.85000000000000       2.577066283914393E-002
   3.15000000000000       2.107164619448455E-002
   3.45000000000000       1.658239573312494E-002
   3.75000000000000       1.198274590714773E-002
   4.05000000000000       7.242386022389657E-003
   4.35000000000000       2.453818449518046E-003
   4.50000000000000       0.000000000000000E+000
