  -4.35000000000000       1.154325971643456E-003
  -4.05000000000000       3.435977112938102E-003
  -3.75000000000000       5.715528459260217E-003
  -3.45000000000000       8.021770859881913E-003
  -3.15000000000000       1.036905047848986E-002
  -2.85000000000000       1.276930801880142E-002
  -2.55000000000000       1.524728622964995E-002
  -2.25000000000000       1.776292150858548E-002
  -1.95000000000000       2.038189358149899E-002
  -1.65000000000000       2.309554176108307E-002
  -1.35000000000000       2.592323489395372E-002
  -1.05000000000000       2.889428985251984E-002
 -0.750000000000000       3.215937831463341E-002
 -0.450000000000000       3.594602204749921E-002
 -0.150000000000000       4.113663754093547E-002
  0.150000000000000       3.383626744572319E-002
  0.450000000000000       3.125053722014372E-002
  0.750000000000000       2.890188538595098E-002
   1.05000000000000       2.662656983664033E-002
   1.35000000000000       2.441422116922471E-002
   1.65000000000000       2.220886229209374E-002
   1.95000000000000       2.002501750340318E-002
   2.25000000000000       1.784422614149933E-002
   2.55000000000000       1.560843968379193E-002
   2.85000000000000       1.335624949109623E-002
   3.15000000000000       1.109301990352602E-002
   3.45000000000000       8.800286391610380E-003
   3.75000000000000       6.447108351799406E-003
   4.05000000000000       3.986301852528588E-003
   4.35000000000000       1.390663138842952E-003
   4.50000000000000       0.000000000000000E+000
