  -4.35000000000000       1.248588828557777E-003
  -4.05000000000000       3.718132864319196E-003
  -3.75000000000000       6.197876763759371E-003
  -3.45000000000000       8.728488762120830E-003
  -3.15000000000000       1.125643789754153E-002
  -2.85000000000000       1.381231220438179E-002
  -2.55000000000000       1.636857475701916E-002
  -2.25000000000000       1.903689800773366E-002
  -1.95000000000000       2.180458994687837E-002
  -1.65000000000000       2.466441755817889E-002
  -1.35000000000000       2.767103016789774E-002
  -1.05000000000000       3.084518064030059E-002
 -0.750000000000000       3.422896424067925E-002
 -0.450000000000000       3.807979524686878E-002
 -0.150000000000000       4.337705147661349E-002
  0.150000000000000       3.645481630785653E-002
  0.450000000000000       3.374253263212409E-002
  0.750000000000000       3.119923535331942E-002
   1.05000000000000       2.861304510600830E-002
   1.35000000000000       2.620574488805308E-002
   1.65000000000000       2.381289973111886E-002
   1.95000000000000       2.147306767993449E-002
   2.25000000000000       1.911153657992692E-002
   2.55000000000000       1.669306617637425E-002
   2.85000000000000       1.430126419230333E-002
   3.15000000000000       1.186127233239080E-002
   3.45000000000000       9.356913737186142E-003
   3.75000000000000       6.821703937240985E-003
   4.05000000000000       4.220810379806500E-003
   4.35000000000000       1.482718891233003E-003
   4.50000000000000       0.000000000000000E+000
