  -4.83333333333333       2.373762877991704E-003
  -4.50000000000000       7.203966797286032E-003
  -4.16666666666667       1.198870951997592E-002
  -3.83333333333333       1.674752810744790E-002
  -3.50000000000000       2.152795363113908E-002
  -3.16666666666667       2.611487892306879E-002
  -2.83333333333333       3.090236274198277E-002
  -2.50000000000000       3.595699487902342E-002
  -2.16666666666667       4.105863345468951E-002
  -1.83333333333333       4.608100067381132E-002
  -1.50000000000000       5.120310984866119E-002
  -1.16666666666667       5.638389413351748E-002
 -0.833333333333333       6.183959152254737E-002
 -0.500000000000000       6.772234663331031E-002
 -0.166666666666667       7.478680959815720E-002
  0.166666666666667       6.993693305059433E-002
  0.500000000000000       6.457220324373399E-002
  0.833333333333333       5.939760543781050E-002
   1.16666666666667       5.461957382686508E-002
   1.50000000000000       5.003776701135865E-002
   1.83333333333333       4.548623128865269E-002
   2.16666666666667       4.070439719199231E-002
   2.50000000000000       3.570807975544247E-002
   2.83333333333333       3.123004993920106E-002
   3.16666666666667       2.644806484528186E-002
   3.50000000000000       2.168869407075388E-002
   3.83333333333333       1.703018836295210E-002
   4.16666666666667       1.230077235849990E-002
   4.50000000000000       7.491318989511573E-003
   4.83333333333333       2.484566209556125E-003
   5.00000000000000       0.000000000000000E+000
