         -25  0.000000000000000E+000
         -24  0.000000000000000E+000
         -23  0.000000000000000E+000
         -22  0.000000000000000E+000
         -21  0.000000000000000E+000
         -20  0.000000000000000E+000
         -19  0.000000000000000E+000
         -18  0.000000000000000E+000
         -17  0.000000000000000E+000
         -16  0.000000000000000E+000
         -15  0.000000000000000E+000
         -14  0.000000000000000E+000
         -13  0.000000000000000E+000
         -12  0.000000000000000E+000
         -11  0.000000000000000E+000
         -10  0.000000000000000E+000
          -9  0.000000000000000E+000
          -8  0.000000000000000E+000
          -7  0.000000000000000E+000
          -6  0.000000000000000E+000
          -5  2.333104662245730E-009
          -4  3.779629552838082E-007
          -3  2.530916941034234E-004
          -2  4.668978953036011E-002
          -1  0.926220021286384     
           0  2.570989063505403E-002
           1  1.123115755073505E-003
           2  3.701470546652850E-006
           3  9.332418648982919E-009
           4  0.000000000000000E+000
           5  0.000000000000000E+000
           6  0.000000000000000E+000
           7  0.000000000000000E+000
           8  0.000000000000000E+000
           9  0.000000000000000E+000
          10  0.000000000000000E+000
          11  0.000000000000000E+000
          12  0.000000000000000E+000
          13  0.000000000000000E+000
          14  0.000000000000000E+000
          15  0.000000000000000E+000
          16  0.000000000000000E+000
          17  0.000000000000000E+000
          18  0.000000000000000E+000
          19  0.000000000000000E+000
          20  0.000000000000000E+000
          21  0.000000000000000E+000
          22  0.000000000000000E+000
          23  0.000000000000000E+000
          24  0.000000000000000E+000
          25  0.000000000000000E+000
