        4836        2753          91          27
  0.467476844787598       0.456233084201813       0.999999821186066     
  4.981672763824463E-002  0.710602045059204       0.113799750804901     
  0.781733870506287       0.155861258506775       0.646779358386993     
  0.470785558223724       0.420762598514557       0.606567084789276     
  6.365448236465454E-002  0.738425850868225       0.127257883548737     
  0.563867688179016       0.407010912895203       0.715133965015411     
  0.467365026473999       0.647885680198669       0.555375039577484     
  0.475700438022614       3.300195932388306E-002  5.165612697601318E-002
  0.211158096790314       0.353793680667877       1.853603124618530E-002
  0.588807702064514       9.669631719589233E-002  0.593717873096466     
  0.704554259777069       0.459471642971039       0.748539745807648     
  0.269016981124878       0.441788673400879       0.432767987251282     
  0.600538849830627       0.338578224182129       0.765536248683929     
  4.862821102142334E-002  0.818021893501282       0.282161295413971     
  0.409135341644287       0.249007284641266       0.997293889522552     
  0.104038536548615       0.627041399478912       0.545471131801605     
  0.261764109134674       0.484037995338440       0.656802833080292     
  0.989147961139679       0.878852307796478       0.134472846984863     
  0.610635936260223       0.595374763011932       5.777996778488159E-002
  0.106368541717529       0.579916119575500       0.527680575847626     
  0.904056310653687       0.359681487083435       0.523590207099915     
  0.698970317840576       0.596896231174469       0.385310709476471     
  0.440181791782379       0.119436442852020       9.345400333404541E-002
  0.499315440654755       0.589826226234436       0.613618135452271     
  0.333279132843018       0.961748242378235       0.788806498050690     
  0.777844786643982       0.428914129734039       0.690429687500000     
  0.128074228763580       0.368214070796967       0.462906181812286     
  0.576647698879242       0.775973916053772       0.358805477619171     
  0.263801991939545       0.343146264553070       0.810452818870544     
  0.628194153308868       7.426273822784424E-002  0.727776288986206     
  0.119989812374115       0.249536097049713       0.687993049621582     
  0.872456252574921       0.167583882808685       0.550459504127502     
  0.675829648971558       8.523440361022949E-002  0.415671765804291     
  0.663664400577545     
