        4836        2758          82          18
  0.856896519660950       0.456233084201813       0.999999821186066     
  0.999654769897461       0.101189076900482       6.063270568847656E-002
  0.424536168575287       0.511607229709625       0.734108805656433     
  0.268864393234253       0.297227144241333       0.878552913665771     
  9.008973836898804E-002  0.778262495994568       0.840301990509033     
  0.302077293395996       0.332035005092621       0.363324999809265     
  0.631617009639740       0.161792278289795       0.217258870601654     
  7.015120983123779E-002  0.640526652336121       0.549017310142517     
  0.314641296863556       0.125077188014984       0.837744116783142     
  0.241889834403992       0.590352475643158       9.850710630416870E-002
  3.118973970413208E-002  0.349698126316071       0.173769712448120     
  0.642496347427368       0.167466104030609       0.411616563796997     
  0.115887999534607       0.650647580623627       0.562125146389008     
  0.673757135868073       0.928993582725525       0.913839578628540     
  0.928752899169922       0.443169116973877       0.829902291297913     
  0.953913390636444       0.849701583385468       0.665319085121155     
  0.697316586971283       0.627068221569061       0.829627275466919     
  0.400993347167969       0.876969039440155       0.994487822055817     
  0.796326518058777       0.189712882041931       0.638299465179443     
  0.952413320541382       0.923539400100708       0.565814137458801     
  0.548889219760895       0.671414911746979       0.395606100559235     
  0.407161176204681       5.111187696456909E-002  0.586261272430420     
  9.925055503845215E-002  1.604503393173218E-002  0.961452603340149     
  0.627887904644012       0.848649501800537       0.920466840267181     
  0.942337393760681       0.680393457412720       0.294766962528229     
  0.434826314449310       0.940389692783356       9.026992321014404E-002
  0.861923515796661       0.517347931861877       0.596925497055054     
  0.184203982353210       6.576627492904663E-002  0.882921278476715     
  0.134628891944885       0.916827499866486       1.112747192382812E-002
  0.803564846515656       2.910202741622925E-002  0.127809405326843     
  0.708477079868317       3.693199157714844E-002  0.688405513763428     
  0.918136119842529       0.582146525382996       0.915524303913116     
  0.676524579524994       0.171359241008759       0.407321691513062     
  0.800713837146759     
