        4836        2745          58          91
  0.638645410537720       0.456233084201813       0.999999821186066     
  0.749004006385803       0.235377311706543       0.817187249660492     
  0.229064881801605       0.354980051517487       0.183572173118591     
  0.501933813095093       0.185374736785889       0.919607460498810     
  0.484036624431610       0.677658855915070       0.188517987728119     
  0.665592133998871       0.281116068363190       0.326392769813538     
  0.772533357143402       0.123754262924194       0.823522686958313     
  4.373615980148315E-002  0.266482830047607       0.745380640029907     
  7.313752174377441E-002  0.663624942302704       0.514887869358063     
  0.798695743083954       0.279246926307678       0.287196338176727     
  0.190905809402466       0.830412805080414       0.274534344673157     
  9.328693151473999E-002  0.460913896560669       0.128459572792053     
  0.731121897697449       0.868993699550629       0.385666668415070     
  0.614165544509888       0.559243738651276       0.427944719791412     
  0.766148924827576       0.748349666595459       0.296029329299927     
  0.909296035766602       0.803188204765320       0.340754032135010     
  0.738125860691071       0.144764900207520       0.614919006824493     
  0.252065241336823       0.266079783439636       0.775580286979675     
  0.749693095684052       0.569912016391754       0.423559486865997     
  0.340699076652527       0.592140257358551       0.824132323265076     
  0.591023027896881       0.380561172962189       0.528395235538483     
  0.506418466567993       0.405586838722229       0.920711934566498     
  2.808392047882080E-003  0.417188227176666       0.914179503917694     
  0.452120423316956       0.425736486911774       0.926321506500244     
  0.654707193374634       0.815582633018494       0.590866804122925     
  0.499654054641724       0.455243289470673       0.579142868518829     
  0.116042554378510       0.580166041851044       0.524035692214966     
  0.255802512168884       0.513350486755371       0.300902128219604     
  0.911827921867371       0.134468197822571       9.448301792144775E-002
  0.691931486129761       0.958243429660797       0.292999684810638     
  0.446723580360413       0.819589197635651       0.579375803470612     
  0.381549775600433       0.547605633735657       0.163927674293518     
  0.111747503280640       0.538501977920532       0.590820431709290     
  0.996235430240631     
