        4836        2741          31          64
  0.817670941352844       0.456233084201813       0.999999821186066     
  0.908036172389984       0.963840126991272       0.634925603866577     
  0.688171625137329       0.501837015151978       0.238371849060059     
  0.515773057937622       0.145863354206085       0.227229356765747     
  9.206277132034302E-002  0.244300365447998       0.340689122676849     
  0.348694443702698       6.961941719055176E-002  0.899458825588226     
  0.355182051658630       9.512966871261597E-002  0.456424117088318     
  0.516816854476929       0.606109142303467       0.451663017272949     
  0.295676469802856       1.836979389190674E-002  0.338898837566376     
  0.128095448017120       0.823088467121124       0.894467413425446     
  0.578060448169708       0.485679090023041       0.881304383277893     
  0.456292152404785       0.804028511047363       0.927197635173798     
  0.303869903087616       0.147929966449738       0.413629055023193     
  4.787540435791016E-002  0.950171232223511       0.545071899890900     
  0.837945401668549       4.212230443954468E-002  0.985517621040344     
  0.574769973754883       0.569892466068268       0.957112073898315     
  0.622187852859497       0.158099114894867       0.465370059013367     
  0.853127300739288       3.327846527099609E-003  0.547234416007996     
  0.717821180820465       0.807383894920349       0.599909901618958     
  6.533199548721313E-002  5.818575620651245E-002  0.915082097053528     
  0.682129144668579       0.725224018096924       0.455020964145660     
  9.892576932907104E-002  0.529815375804901       0.710615456104279     
  6.883603334426880E-002  0.142030358314514       0.253173351287842     
  0.613727509975433       7.079792022705078E-002  0.460756301879883     
  0.517604351043701       0.605299234390259       0.403378009796143     
  0.368973970413208       0.476024627685547       0.940407216548920     
  0.430616140365601       0.633765995502472       0.647688150405884     
  0.360852539539337       0.391811966896057       6.944191455841064E-002
  0.904056906700134       0.553891181945801       0.168828368186951     
  4.629343748092651E-002  1.591920852661133E-002  0.294859111309052     
  0.652089893817902       0.419031023979187       0.239341616630554     
  0.952041983604431       0.680476903915405       0.691757678985596     
  0.608226656913757       0.495477259159088       0.243086397647858     
  0.803795695304871     
