        4836        2757          83          19
  0.173357963562012       0.456233084201813       0.999999821186066     
  0.837995111942291       0.113541901111603       0.283665001392365     
  0.508490681648254       0.427155911922455       0.891499817371368     
  0.882885873317719       0.492612302303314       0.516076982021332     
  1.462352275848389E-002  0.157323360443115       0.126724302768707     
  0.931754410266876       0.999317765235901       0.312943994998932     
  0.815837264060974       0.752420365810394       0.824323832988739     
  0.555965483188629       0.848921120166779       0.511478066444397     
  4.518222808837891E-002  0.881132781505585       0.275277972221375     
  0.878571331501007       0.485322535037994       0.895952343940735     
  0.493721365928650       0.344395399093628       0.159452021121979     
  0.315252244472504       0.438208580017090       9.635829925537109E-002
  0.597589731216431       0.524979531764984       0.764198184013367     
  0.183841526508331       0.536764442920685       0.962599873542786     
  0.682088136672974       3.863805532455444E-002  0.781505703926086     
  0.489583671092987       0.699504554271698       0.544882714748383     
  0.573588192462921       0.235104382038116       0.517666459083557     
  0.887024879455566       0.126531422138214       6.427711248397827E-002
  0.977208077907562       9.512895345687866E-002  0.643220365047455     
  0.263840138912201       0.355572223663330       0.270449280738831     
  3.500813245773315E-002  0.905290007591248       0.779108107089996     
  0.801407098770142       0.532420933246613       0.298407793045044     
  3.910881280899048E-002  0.473221063613892       0.460351228713989     
  0.775373995304108       0.388167321681976       0.122208654880524     
  0.615543842315674       0.290201723575592       0.232648551464081     
  0.610559821128845       0.906853735446930       0.394767165184021     
  0.493209302425385       0.108096718788147       0.512220323085785     
  0.449014604091644       0.935237705707550       0.174318134784698     
  0.960410118103027       5.892753601074219E-003  8.829832077026367E-004
  0.729911386966705       0.523549258708954       0.327075421810150     
  0.898890852928162       0.272784590721130       0.658910334110260     
  0.989737927913666       0.942870795726776       0.348409056663513     
  0.789122164249420       0.153867244720459       0.605063915252686     
  0.346920311450958     
