        4836        2747          90          26
  0.690445601940155       0.456233084201813       0.999999821186066     
  0.860967099666595       0.919384181499481       0.566624462604523     
  0.731926977634430       0.303814113140106       0.599002480506897     
  0.943197906017303       0.637632369995117       0.256225585937500     
  0.700694441795349       0.433753728866577       2.558958530426025E-002
  0.667927742004395       0.625288665294647       0.712286710739136     
  0.795213818550110       0.506752967834473       0.793429315090179     
  0.962760686874390       0.429694712162018       0.727220773696899     
  0.806329011917114       0.660763084888458       0.740563690662384     
  1.803326606750488E-002  0.155355691909790       3.369051218032837E-002
  0.385640859603882       0.347728669643402       0.970165550708771     
  0.698887288570404       0.117249488830566       0.657277524471283     
  5.797690153121948E-002  6.961500644683838E-002  6.209808588027954E-002
  0.276244580745697       0.185704648494720       0.337290823459625     
  0.571244895458221       0.871635675430298       0.938424944877625     
  0.211947917938232       0.863421976566315       0.731475710868835     
  0.898868322372437       0.299386620521545       0.334642708301544     
  0.953467249870300       0.931492090225220       0.650085806846619     
  0.123138427734375       0.567365288734436       0.248991370201111     
  0.186045646667480       0.640817821025848       0.506145298480988     
  0.622619628906250       0.998962104320526       0.745065271854401     
  0.398243367671967       0.116098284721375       0.332080900669098     
  0.168926060199738       8.563745021820068E-002  0.626402318477631     
  8.044791221618652E-002  0.706781983375549       4.941928386688232E-002
  5.019086599349976E-002  0.101239502429962       0.656995952129364     
  4.787731170654297E-002  0.118515849113464       0.531102776527405     
  0.212115526199341       0.734016299247742       0.776237070560455     
  0.246731638908386       0.494403719902039       0.294878065586090     
  0.194213807582855       0.238154828548431       0.899064064025879     
  0.657146513462067       0.687950789928436       0.790831804275513     
  0.536882579326630       0.566523313522339       0.130701780319214     
  0.530545115470886       0.784911513328552       0.745384037494659     
  0.959013760089874       0.743542313575745       0.592069208621979     
  0.908381998538971     
