        4836        2750          36          69
  0.896526575088501       0.456233084201813       0.999999821186066     
  0.396793007850647       0.312146782875061       0.427309989929199     
  0.399189889431000       0.358552157878876       0.741856634616852     
  0.218084990978241       0.290569841861725       0.586489021778107     
  0.919164717197418       5.783015489578247E-002  0.259248852729797     
  0.355383992195129       0.735419332981110       0.377063453197479     
  0.777080059051514       5.293887853622437E-002  0.189324557781219     
  0.811810910701752       0.966130614280701       7.665103673934937E-002
  0.639364600181580       0.298292398452759       0.509481251239777     
  0.158079385757446       0.395641386508942       0.847281873226166     
  0.194348812103271       0.451666831970215       0.434039115905762     
  0.327899336814880       0.347558200359344       0.655824124813080     
  0.126857757568359       0.626916050910950       0.735600113868713     
  0.728408694267273       0.968138277530670       0.143871605396271     
  5.040752887725830E-002  0.870195448398590       0.139545679092407     
  0.117165148258209       0.964552044868469       0.347653508186340     
  0.700758635997772       0.614148139953613       0.559011280536652     
  0.968465149402618       0.798594236373901       0.594365119934082     
  0.531927108764648       0.791023552417755       0.960594594478607     
  0.556390106678009       0.465324759483337       0.892523705959320     
  0.296206951141357       0.926552295684814       5.272430181503296E-002
  0.399173259735107       5.068022012710571E-002  0.878772437572479     
  0.979757070541382       0.880053997039795       0.825592160224915     
  5.100393295288086E-002  0.861301660537720       0.929044187068939     
  0.826282143592834       0.248923122882843       0.907805383205414     
  0.534268260002136       4.189175367355347E-002  0.939790189266205     
  0.136706233024597       0.573723137378693       0.791885495185852     
  0.898463308811188       0.516913950443268       0.822356760501862     
  0.182377338409424       0.281117618083954       0.715158998966217     
  0.644635677337646       0.113631427288055       0.145877897739410     
  0.164284646511078       0.278400480747223       0.212455213069916     
  0.127208828926086       0.577643334865570       0.885714888572693     
  0.781440794467926       0.860064446926117       0.111884951591492     
  0.830316543579102     
