        4836        2759          58          91
  0.278291046619415       0.456233084201813       0.999999821186066     
  0.189171016216278       0.783413350582123       0.744323492050171     
  0.217319011688232       0.803284287452698       0.580149650573730     
  0.412569999694824       0.286840677261353       0.347993850708008     
  0.807069838047028       0.253188788890839       4.340255260467529E-002
  7.396674156188965E-002  0.460600435733795       0.707575559616089     
  0.879527926445007       0.378734230995178       0.890172243118286     
  7.138419151306152E-002  0.212311208248138       0.166844904422760     
  0.294156789779663       0.711817800998688       0.108041465282440     
  0.461081087589264       0.510714232921600       0.217390596866608     
  0.176605045795441       0.700631797313690       0.110987663269043     
  0.473421514034271       0.296933054924011       0.527031600475311     
  0.833022415637970       0.692252337932587       0.532023131847382     
  7.683151960372925E-002  0.257337927818298       0.697112798690796     
  0.487283110618591       9.553843736648560E-002  0.110188186168671     
  0.136610507965088       0.636448502540588       0.258107185363770     
  0.271379232406616       0.238125383853912       0.190416753292084     
  0.566875576972961       0.485565960407257       0.714020729064941     
  0.560699224472046       0.835137188434601       0.504752874374390     
  0.678629040718079       0.163607180118561       0.261131882667542     
  0.294127523899078       0.663615226745605       3.943151235580444E-002
  1.043343544006348E-002  0.497868299484253       0.536165952682495     
  0.434543251991272       0.424731671810150       0.999519526958466     
  0.411346495151520       0.448471903800964       0.900358796119690     
  0.545839309692383       0.389581382274628       0.717269122600555     
  0.359117209911346       0.652435064315796       0.885263621807098     
  0.183114826679230       0.967020392417908       0.631377458572388     
  0.340408921241760       0.352605342864990       5.281728506088257E-002
  0.301155328750610       0.748128712177277       0.444630384445190     
  0.798567056655884       0.894266843795776       0.117746114730835     
  0.635808467864990       8.078634738922119E-002  0.196931540966034     
  0.665820002555847       9.592026472091675E-002  0.894530236721039     
  0.289914667606354       0.873210966587067       5.083954334259033E-002
  3.255516290664673E-002
