        4836        2754          42          75
  0.279403388500214       0.456233084201813       0.999999821186066     
  0.179851949214935       0.856365144252777       0.471729457378387     
  0.123391270637512       2.860414981842041E-002  0.345971345901489     
  0.748150825500488       0.484584450721741       2.788859605789185E-002
  0.573132395744324       0.405617177486420       0.822898149490356     
  0.374678313732147       2.251273393630981E-002  0.866768658161163     
  0.646214365959167       0.885427713394165       0.235998392105103     
  0.395006597042084       0.275694906711578       0.744917511940002     
  0.649088025093079       0.592895567417145       0.560044050216675     
  0.704870343208313       0.906095385551453       4.087620973587036E-002
  0.839985430240631       0.866029858589172       0.800164401531219     
  0.327814519405365       0.432478547096252       7.608449459075928E-002
  0.458654463291168       0.277727007865906       0.297345221042633     
  0.851496458053589       0.143554866313934       0.651706814765930     
  0.850310564041138       0.808463454246521       0.772349298000336     
  0.351608037948608       0.841279625892639       0.718792736530304     
  0.164871275424957       0.931152760982513       0.734917938709259     
  0.276457428932190       0.771839499473572       0.444478094577789     
  0.845155239105225       0.456851780414581       3.644162416458130E-002
  0.859497606754303       0.790660858154297       0.516748487949371     
  0.956701755523682       0.592829167842865       0.129981279373169     
  0.721965253353119       0.223511219024658       0.655373632907867     
  0.613911211490631       0.274063646793365       0.799185693264008     
  0.232939302921295       0.608019173145294       0.879671812057495     
  0.920346319675446       0.814838171005249       0.876231789588928     
  0.411429345607758       0.234301090240479       0.249104738235474     
  0.680913388729095       7.379674911499023E-002  0.414170801639557     
  0.224962651729584       0.617296099662781       0.544402837753296     
  0.936108887195587       2.543705701828003E-002  0.889479160308838     
  0.324066877365112       0.399552643299103       7.777971029281616E-002
  0.886831164360046       0.266171455383301       0.601712822914124     
  0.246670842170715       0.788587033748627       0.519323289394379     
  0.314442217350006       0.793541193008423       0.512182831764221     
  0.118553578853607     
