        4836        2747          96          32
  8.990335464477539E-002  0.456233084201813       0.999999821186066     
  0.908383429050446       0.644348800182343       0.170718967914581     
  0.116658985614777       0.930103540420532       0.882962703704834     
  0.216376721858978       0.130530476570129       0.785886049270630     
  0.382617890834808       0.465749919414520       0.878999114036560     
  0.698235034942627       0.707998573780060       0.534606218338013     
  0.822044074535370       0.544831812381744       2.188032865524292E-002
  0.972538411617279       0.350272715091705       0.454714238643646     
  0.338323712348938       0.487206995487213       0.142645537853241     
  0.668561935424805       0.392118632793427       0.551591038703918     
  0.128197848796844       0.167293190956116       0.566166579723358     
  0.586669981479645       0.742570698261261       0.760465681552887     
  0.321838498115540       0.658959925174713       2.563387155532837E-002
  0.231216967105865       0.465817093849182       0.136061012744904     
  0.447249770164490       0.197332859039307       0.671766757965088     
  5.551046133041382E-002  0.368058323860168       0.797917604446411     
  0.248163640499115       1.185113191604614E-002  0.710205197334290     
  0.938121080398560       0.216716110706329       0.599481463432312     
  0.674820184707642       0.926360487937927       0.494784533977509     
  0.317937731742859       0.918637156486511       0.891750752925873     
  0.724136769771576       0.592931509017944       0.241326749324799     
  0.690748274326324       0.892870545387268       9.642410278320312E-002
  0.568953335285187       0.281057000160217       0.307149767875671     
  0.771220564842224       0.421751022338867       0.164314925670624     
  0.886925697326660       0.840561926364899       0.573402225971222     
  0.901635646820068       0.166621744632721       0.509441256523132     
  0.480604588985443       1.995927095413208E-002  0.153021335601807     
  0.314813613891602       0.499599635601044       0.892826616764069     
  0.945725858211517       0.226503670215607       0.627205073833466     
  0.391446650028229       0.649213552474976       0.254296243190765     
  0.410999536514282       0.354490578174591       0.217874825000763     
  0.264473259449005       0.669327557086945       0.908205628395081     
  0.758722066879272       0.944098770618439       0.989596307277679     
  0.443878591060638     
