        4836        2753          80          16
  0.691892564296722       0.456233084201813       0.999999821186066     
  0.636252284049988       0.308609068393707       0.914253473281860     
  0.796512842178345       0.945888221263885       0.280058503150940     
  0.531143963336945       0.344501078128815       0.764351427555084     
  0.134326517581940       0.435237705707550       0.739499151706696     
  0.755116224288940       8.433413505554199E-002  0.494758546352386     
  0.232489168643951       6.102287769317627E-002  0.596049129962921     
  0.208017706871033       0.579411149024963       0.248931527137756     
  0.800429463386536       0.467513442039490       0.422425508499146     
  0.823786795139313       0.478582620620728       0.833837270736694     
  0.147476673126221       0.712137162685394       9.643077850341797E-002
  0.853844463825226       0.485361635684967       0.551031529903412     
  0.383642673492432       0.433114230632782       0.574902832508087     
  0.704443335533142       0.581883907318115       0.399243593215942     
  0.597847938537598       6.911760568618774E-002  0.328627824783325     
  0.270691454410553       0.314435482025146       0.266013443470001     
  0.981715679168701       0.595979034900665       0.639046311378479     
  0.975559592247009       0.517591416835785       0.768288671970367     
  0.924980640411377       0.892614781856537       0.927362084388733     
  0.870318412780762       0.158972918987274       0.193194031715393     
  1.491248607635498E-003  0.874748826026917       0.728396415710449     
  0.439898848533630       0.404996752738953       0.661799490451813     
  0.414106726646423       4.095721244812012E-002  7.744312286376953E-003
  0.274764239788055       0.962339282035828       1.020783185958862E-002
  3.149002790451050E-002  5.098640918731689E-003  0.395880877971649     
  0.365045487880707       0.362105190753937       0.654554069042206     
  0.900438010692596       0.866368591785431       0.891666948795319     
  0.355725288391113       0.993313789367676       0.257269203662872     
  0.685467600822449       0.304597735404968       0.957805633544922     
  0.793718934059143       0.483283340930939       0.909307003021240     
  4.236006736755371E-002  0.966488122940063       0.604700386524200     
  0.347863495349884       0.551637172698975       0.402938008308411     
  0.465046823024750       0.706584453582764       0.885745584964752     
  0.223164081573486     
