        4836        2742          47          80
  0.168190240859985       0.456233084201813       0.999999821186066     
  0.935140073299408       0.375867009162903       0.824996531009674     
  0.618489503860474       0.699051439762115       4.770964384078979E-002
  9.548568725585938E-002  0.955764770507812       0.174430966377258     
  0.951382637023926       0.860610544681549       0.988036751747131     
  0.892958760261536       0.868577599525452       0.892219364643097     
  0.422675728797913       0.440213382244110       0.622619152069092     
  0.219441711902618       0.729309678077698       0.594128966331482     
  0.913788437843323       0.987028360366821       0.989837348461151     
  0.151215255260468       5.654811859130859E-003  0.820047318935394     
  0.389522671699524       0.669374644756317       0.522600829601288     
  0.358590781688690       0.727292776107788       0.427027165889740     
  0.272629797458649       0.851842761039734       0.675175189971924     
  0.984907090663910       0.250665426254272       0.795341908931732     
  0.436394810676575       0.206703424453735       0.482847750186920     
  0.503344297409058       0.620805561542511       0.977271139621735     
  0.757638692855835       0.141644954681396       0.439776659011841     
  0.134166002273560       0.271679162979126       0.173767566680908     
  0.835257232189178       0.778722524642944       0.169270098209381     
  3.787040710449219E-003  0.192168653011322       0.387329339981079     
  0.399682581424713       0.851794779300690       0.325868546962738     
  0.496389746665955       0.188818037509918       0.527811646461487     
  0.806558787822723       0.316897928714752       0.347945511341095     
  0.679881155490875       0.617872297763824       0.746276617050171     
  0.696641087532043       0.401176571846008       0.670166552066803     
  0.988474607467651       0.448689162731171       0.116218447685242     
  0.898904800415039       0.315803408622742       7.057172060012817E-002
  0.960832238197327       0.860619246959686       0.164942026138306     
  0.720949530601501       0.508214235305786       0.457711040973663     
  0.136911571025848       0.559805572032928       3.644454479217529E-002
  0.950277984142303       0.178980231285095       0.674164056777954     
  0.891163706779480       0.730424582958221       0.488930642604828     
  0.502311050891876       0.288801372051239       0.575158834457397     
  0.127997279167175     
