        4836        2751          20          53
  0.739697813987732       0.456233084201813       0.999999821186066     
  0.733589649200439       0.343042433261871       0.712773203849792     
  0.440058410167694       0.662139236927032       0.338436901569366     
  7.654339075088501E-002  0.981459498405457       0.607014358043671     
  0.718387186527252       5.192643404006958E-002  0.422199487686157     
  0.876183152198792       0.426346659660339       0.106568932533264     
  0.151222229003906       0.847914159297943       0.777048885822296     
  0.817841172218323       0.904229700565338       0.571028232574463     
  0.474258720874786       0.472310781478882       0.897904157638550     
  0.216681599617004       0.483611583709717       0.729151725769043     
  2.829003334045410E-002  0.173282027244568       0.520598173141479     
  0.104255557060242       0.205607593059540       1.709723472595215E-002
  0.759438157081604       0.702790498733521       0.240044414997101     
  0.736850857734680       0.705170810222626       0.138014078140259     
  0.655471503734589       0.126740097999573       0.671632707118988     
  0.768332421779633       0.907131791114807       7.138073444366455E-002
  0.955336213111877       0.814836382865906       0.219279825687408     
  0.113969445228577       0.162060797214508       0.239337086677551     
  0.145237445831299       0.363980293273926       0.600129127502441     
  0.727758407592773       0.620743274688721       0.368371367454529     
  0.552803277969360       0.955645084381104       0.182095348834991     
  1.698219776153564E-002  0.816475510597229       2.861052751541138E-002
  1.391708850860596E-002  0.429613292217255       0.244577169418335     
  0.645448327064514       0.280751764774323       0.855038702487946     
  0.747121274471283       0.128318488597870       0.973397850990295     
  0.350907444953918       0.525681316852570       0.422826111316681     
  0.362015306949615       0.809970915317535       0.902885496616364     
  0.419839203357697       0.649029970169067       0.709282815456390     
  0.496742725372314       0.877216875553131       0.725285708904266     
  0.783322334289551       0.632159113883972       0.828550040721893     
  0.951739907264709       0.954097807407379       0.558162629604340     
  0.666014254093170       0.508905649185181       0.983808934688568     
  0.945704281330109       0.543409228324890       0.359170675277710     
  0.874966084957123     
