        4836        2744          14          47
  8.247709274291992E-002  0.456233084201813       0.999999821186066     
  7.274508476257324E-003  0.748585283756256       0.197298824787140     
  0.641279757022858       0.286282300949097       0.376765906810760     
  0.991469323635101       0.364246428012848       0.922684609889984     
  0.591225445270538       4.756420850753784E-002  0.438804030418396     
  2.507627010345459E-003  0.750614166259766       0.149252414703369     
  2.920907735824585E-002  0.578220665454865       0.232430517673492     
  0.705389559268951       0.552180826663971       0.220241189002991     
  0.721022009849548       0.358583807945251       0.296196520328522     
  0.744601607322693       0.136320590972900       0.401791214942932     
  0.959126949310303       1.822531223297119E-002  0.677164793014526     
  0.145014643669128       0.539091646671295       0.533137500286102     
  0.162678539752960       5.553030967712402E-002  0.475200891494751     
  0.834912240505219       0.487687408924103       0.285036623477936     
  0.114377439022064       0.425128698348999       0.411355078220367     
  3.542637825012207E-002  0.506689488887787       0.731162071228027     
  0.620971977710724       0.837899208068848       0.487174928188324     
  0.271780312061310       0.796842634677887       0.403057634830475     
  0.278953492641449       0.788910329341888       0.776399850845337     
  0.458887636661530       0.131417512893677       0.336522281169891     
  0.174231767654419       0.927883505821228       0.129141569137573     
  0.730461001396179       0.334215760231018       0.685671210289001     
  5.089920759201050E-002  0.496335089206696       0.591263473033905     
  0.443159699440002       0.502911210060120       0.539938032627106     
  0.314808607101440       0.557951986789703       0.292268812656403     
  0.113730430603027       0.102349102497101       0.398754239082336     
  0.514457941055298       0.875025331974030       0.670849263668060     
  4.635524749755859E-002  6.777197122573853E-002  0.165260434150696     
  0.994315028190613       6.518656015396118E-002  0.745118200778961     
  0.480126976966858       0.225560724735260       0.979534506797791     
  0.156194329261780       0.757049441337585       0.259375631809235     
  0.990827798843384       2.442258596420288E-002  0.194949686527252     
  0.812343657016754       0.939476728439331       0.887004554271698     
  0.978269636631012     
