        4836        2757          83          19
  4.603922367095947E-003  0.456233084201813       0.999999821186066     
  0.354931890964508       0.230105340480804       0.353832125663757     
  0.238771855831146       0.348111808300018       0.598080635070801     
  0.987676501274109       0.657973349094391       0.941128075122833     
  0.396315634250641       0.852447628974915       0.273110449314117     
  0.733335554599762       0.646268546581268       1.014214754104614E-002
  0.267102599143982       0.348656058311462       1.477539539337158E-003
  0.144642949104309       0.926711261272430       0.852721333503723     
  0.852585017681122       5.443406105041504E-002  0.318954169750214     
  0.565031290054321       4.309266805648804E-002  0.825180828571320     
  0.977813482284546       9.798371791839600E-002  0.649441361427307     
  0.716468334197998       0.775391817092896       0.832762181758881     
  0.587035834789276       0.296206176280975       0.172182023525238     
  0.600227952003479       6.379127502441406E-003  8.884847164154053E-002
  7.213056087493896E-002  0.151762783527374       9.721559286117554E-002
  0.175838828086853       0.276011109352112       0.288310527801514     
  0.624765396118164       0.159047901630402       3.298997879028320E-002
  0.603125333786011       2.328079938888550E-002  0.900093138217926     
  0.851672887802124       0.329144239425659       0.458346903324127     
  0.946210503578186       0.494909107685089       0.278213083744049     
  0.451219201087952       0.755460143089294       0.104703426361084     
  0.794197916984558       0.168533027172089       0.488238692283630     
  0.736390590667725       0.546325683593750       0.141616523265839     
  9.318011999130249E-002  0.223551928997040       0.586505949497223     
  0.427188396453857       0.502694487571716       2.056139707565308E-002
  0.378435075283051       0.472369074821472       0.742900907993317     
  0.309797763824463       0.807635545730591       0.232195794582367     
  0.814858496189117       0.144069969654083       0.733430683612823     
  0.410884916782379       0.572773277759552       0.964776754379272     
  4.607927799224854E-002  0.836862683296204       7.380467653274536E-002
  0.268343389034271       0.217730820178986       0.784960925579071     
  0.972138822078705       0.673159360885620       0.978353023529053     
  0.775898456573486       0.304799854755402       0.289056241512299     
  0.467348217964172     
