           3           6           6           6
   4.00000000000000        7.91500000000000       -5.20000000000000     
   5850000000.00000        1003751087.00000     
     1751040         573      405167
   27085444.7500000     
   117331921.500000        127649218.750000        127888874.250000     
   121795041.750000        125916975.500000        132215871.750000     
   124824306.750000        127797190.000000        124571518.750000     
   128004723.000000        128881033.750000        132381832.750000     
   128249223.750000        135212512.250000        124224379.000000     
   121055818.000000        131631142.500000        123136108.500000     
   132153771.500000        124088866.250000        129060641.000000     
   132742851.250000        130006124.500000        132197288.000000     
   124500041.000000        123666868.750000        118316556.250000     
   125783011.500000        129682159.000000        132552123.500000     
   127906129.500000        134463124.000000        127322316.000000     
   123783282.500000        131914290.000000        124487292.250000     
   123742748.500000        129231034.000000        135119591.250000     
   126965617.500000        132533704.250000        128244894.750000     
   119839723.000000        129443560.250000        128300242.500000     
   128856568.000000        124205718.250000        118317618.750000     
   130649312.500000        117632907.750000        124975306.750000     
   126066294.500000        124900863.000000        124690521.750000     
   124893811.250000        129042180.250000        123364175.500000     
   125043092.000000        124981376.500000        132010486.250000     
   128603920.500000        127657091.750000        128025115.750000     
   123637817.250000        119373570.750000        126498172.750000     
   130875302.500000        130720479.750000        124839789.750000     
   121736578.250000        124511814.250000        127259308.750000     
   129572973.250000        128479728.250000        127940754.500000     
   129169825.250000        137089702.000000        128504774.250000     
   132310461.750000        122070475.500000        127726334.000000     
   137309437.000000        126480828.750000        129525948.250000     
   130792215.000000        122824109.250000        123178634.750000     
   132648196.000000        135748505.250000        122735015.500000     
   128128522.500000        128800425.250000        122551501.500000     
   125514577.000000        130876502.500000        134038019.000000     
   125458129.750000        122135168.000000        129392658.250000     
   121520808.000000        127312981.250000        127684534.500000     
   123141993.500000        133784821.250000        127790519.750000     
   130127801.250000        132037376.250000        137569811.500000     
   129263096.500000        124335165.000000        129444564.500000     
   122625976.000000        127345417.750000        126963160.000000     
   135268326.500000        121889727.500000        129791727.500000     
   124796236.750000        121904612.000000        126772887.500000     
   120382702.000000        123834653.750000        127892117.250000     
   121690374.000000        127651286.500000        126796037.750000     
   124364030.500000        128640308.500000        124450997.750000     
   123317801.000000        129443001.750000        137799005.500000     
   125843965.250000        121039189.000000        131179274.750000     
   129266475.500000        127493028.500000        123729379.250000     
   130180293.750000        119059458.250000        128248309.250000     
   118441563.500000        121911262.250000        130732818.000000     
   125214968.000000        123200239.250000        130705106.250000     
   130449068.500000        120233509.750000        131590125.000000     
   123851859.000000        129330270.750000        130384063.750000     
   133718700.750000        126779872.250000        129345252.750000     
   125170609.000000        129026349.250000        126333525.750000     
   122732143.250000        128461062.250000        120752590.000000     
   123911859.000000        125756420.000000        128333972.000000     
   122532896.250000        125946135.500000        129630303.500000     
   124101727.500000        128892916.500000        123078881.750000     
   130740773.500000        132873737.250000        125481927.500000     
   125516564.000000        124796445.250000        135939244.000000     
   125807225.750000        124398581.500000        137722820.500000     
   132166796.750000        129536065.000000        126314318.250000     
   126701631.750000        126547689.500000        125938720.250000     
   126908516.500000        129633511.500000        130051726.250000     
   130318116.250000        130116427.500000        121286362.000000     
   129941876.750000        121316237.250000        123131333.500000     
   126113711.750000        127158206.000000        127188527.500000     
   124599123.750000        129041169.000000        122995161.000000     
   128895366.250000        116058987.750000        127204805.250000     
   127052200.500000        131821175.000000        131244124.500000     
   130655436.000000        129136883.000000        127168434.250000     
   123098875.750000        132315040.000000        121304445.500000     
   122199572.250000        125944183.000000        129639154.000000     
   132200153.750000        133484234.000000        121126147.000000     
   130776231.250000        125631816.250000        121599690.750000     
   127332724.500000        132074646.500000        138140260.500000     
   121777436.000000        133148499.750000        129767700.500000     
   128098236.000000        129317127.000000        118834259.750000     
   133858810.250000        123932801.750000        123478374.750000     
   122027967.500000        130171135.750000        119778853.500000     
   126044861.500000        122402367.750000        123395661.500000     
   128791002.750000        128388317.000000        129074052.500000     
   122762829.500000        126683681.250000        127203237.000000     
   120407162.250000        130509600.500000        132884879.500000     
   119226616.250000        123542398.500000        125299261.750000     
   129327064.250000        133340263.750000        122429566.000000     
   122955090.750000        129093445.000000        133307903.250000     
   128037395.750000        133000714.500000        128352429.500000     
   122846188.750000        128585846.750000        128999886.500000     
   122212256.500000        131963342.250000        121532288.750000     
   123197985.500000        128341177.750000        123789940.250000     
   128061117.750000        129993536.500000        127183024.750000     
   126211401.750000        129152050.000000        126618933.250000     
   116453380.500000        132971562.250000        119384257.250000     
   120469709.000000        127891562.000000        132522409.500000     
   124599348.500000        123743230.500000        123806693.250000     
   132979666.000000        126117255.250000        124887614.000000     
   128462038.500000        122171824.250000        121445504.500000     
   125096055.500000        130001026.250000        126266895.750000     
   122124539.250000        126177841.000000        123856622.250000     
   122681692.750000        128309229.500000        128092001.750000     
   120075942.500000        137195131.000000        134098285.750000     
   130603182.000000        133317519.500000        131019178.250000     
   126621320.000000        124210173.500000        128754231.000000     
   130529161.500000        132089396.500000        126305689.250000     
   128767978.250000        125110723.750000        130989776.750000     
   126037155.500000        127282037.750000        122723138.500000     
   120424585.000000        123734736.500000        122897987.250000     
   131508289.750000        137802272.750000        132079362.750000     
   131208891.750000        121708193.500000        124352218.750000     
   127268065.750000        130400305.250000        128233171.500000     
   124463387.250000        126384816.500000        133155674.500000     
   125918202.500000        129495995.500000        125691382.750000     
   135554849.500000        129917123.000000        132171101.500000     
   125101755.250000        125377220.250000        124211178.500000     
   126203745.000000        123996719.500000        125232026.000000     
   129289809.000000        123880746.750000        130526422.500000     
   130482838.750000        128730614.750000        118919900.500000     
   125709405.750000        128181354.000000        129596099.750000     
   121646322.250000        130597460.250000        125436845.750000     
   120636259.500000        124543590.250000        126710061.750000     
   132107691.750000        125320223.000000        130162336.500000     
   127117739.250000        117002873.750000        122253501.500000     
   131655865.000000        127052876.750000        126080418.500000     
   127844268.750000        123502148.250000        124904072.500000     
   119910635.250000        127812290.500000        128190533.250000     
   125254612.250000        132494085.500000        124322526.500000     
   114261426.750000        127567239.500000        133747574.750000     
   130127549.500000        129393000.250000        126304522.000000     
   130121418.250000        133090951.500000        126448403.750000     
   124958330.250000        125328487.000000        125587808.250000     
   128991424.000000        128019238.250000        120411203.500000     
   130959120.500000        129125699.000000        136152165.250000     
   129135406.750000        126368624.250000        129083380.000000     
   124217854.750000        129082728.250000        125903123.000000     
   124153653.000000        123520159.250000        127455881.750000     
   128693766.750000        126315193.750000        133148214.000000     
   120929934.500000        127978702.250000        129550360.000000     
   123988761.250000        125728069.000000        135153110.000000     
   131404597.000000        126789598.250000        125091639.500000     
   124456748.000000        128772454.250000        125377081.500000     
   127353657.750000        125760960.500000        131136291.250000     
   124526519.750000        129631489.500000        127385750.750000     
   121737480.500000        126695701.500000        124554448.250000     
   123259503.500000        124771900.500000        130311870.500000     
   134203197.500000        130536597.500000        118901807.250000     
   128985388.750000        130446346.500000        130960782.500000     
   130652630.500000        124963917.750000        119069224.750000     
   126207230.000000        123185558.250000        118467586.750000     
   125702736.250000        117340153.250000        132170485.000000     
   127107889.250000        131334414.000000        127450035.750000     
   125714732.000000        123577689.750000        125434076.750000     
   126649425.500000        131102912.750000        123270587.500000     
   124628510.500000        132628555.750000        122677432.750000     
   127300794.500000        133719015.500000        122864007.000000     
   128168929.750000        127352823.750000        127841095.750000     
   122378742.500000        128765094.500000        135973488.750000     
   130350643.250000        132837536.500000        128170351.250000     
   129513427.000000        120419120.000000        117395428.500000     
   126704926.000000        129454698.250000        129897812.500000     
   128427229.000000        131455619.000000        127472101.750000     
   123939325.750000        126499668.750000        129591671.750000     
   130095495.250000        115990208.250000        130917338.500000     
   118240945.250000        129104147.000000        131105138.500000     
   129030965.250000        130884799.500000        130483110.750000     
   130396837.750000        122668158.750000        125775201.250000     
   122610754.250000        126728828.000000        124001160.750000     
   130813539.000000        131924903.250000        123653643.250000     
   124315162.500000        124747243.500000        128489291.000000     
   129649573.750000        127620508.750000        124853767.000000     
   125456333.500000        125671021.500000        124569853.750000     
   126098612.750000        130901750.000000        121428279.750000     
   131513554.500000        130867092.000000        125859919.750000     
   127621326.000000        124130896.500000        125880265.250000     
   122519850.750000        125800589.500000        131558638.500000     
   134666267.500000        129078736.250000        123975554.750000     
   124202655.250000        124280284.750000        130058747.000000     
   128566903.750000        126898177.500000        124113102.500000     
   129558156.500000        131329586.000000        126332543.500000     
   120367955.750000        130807524.500000        129781107.250000     
   125953440.750000        123537322.750000        129408414.750000     
   123439417.500000        127443396.750000        139429636.750000     
   124805494.500000        119405370.500000        121686654.500000     
   134777633.000000        128778612.750000        129869412.250000     
   128538058.250000        133706633.750000        124813901.250000     
   129150485.750000        121559590.000000        122999431.500000     
   127454329.500000        124955103.750000        130288310.250000     
   127303754.750000        120522189.250000        124320192.000000     
   127107558.000000        120921963.250000        138072240.500000     
   130584345.750000        129395003.250000        132245001.000000     
   127325850.250000        132540728.250000        129787482.000000     
   127824003.250000        124945136.500000        125251182.750000     
   19591410.5108492     
   87088837.6692933        88787918.7453862        89063820.6365880     
   87940844.8737113        88876997.3573211        89260478.8861818     
   89068276.5257188        89202810.5353842        88589753.0041013     
   88931525.1821307        88304415.2521253        89508478.5712627     
   88077623.2134873        89580754.4018393        86456537.8405149     
   86157386.4990289        89401804.7021977        87866337.3796951     
   90308268.4006979        87797332.6450679        90441029.4766677     
   90665358.6963512        89913268.4526771        89694992.3011838     
   87795195.6722511        88078817.9875313        85286094.6403604     
   88348048.5538359        89484617.2317898        90455174.5767811     
   89237481.8327000        90313519.3651622        89309414.4081219     
   88482501.2806509        88735633.0642024        87141576.4110154     
   87378446.6464900        88933588.4978238        90090145.5710088     
   88369480.9213356        89125592.7698292        87633210.2799912     
   86544580.8710800        88396753.2971771        88603321.0968286     
   88033552.3313163        87632766.1404434        87106866.8627220     
   89746585.6463100        84532419.9686414        87452151.1797536     
   87969671.2097268        87222558.1189538        87235100.0749523     
   87795736.6676279        88079586.6844464        88309895.4035335     
   87320427.0871124        87760174.6590580        89783080.7771801     
   89459198.5652160        88882495.2614523        89337032.2608063     
   88799827.5184633        87865223.0679148        88359626.0781092     
   87851674.3638452        88493479.4171880        87617611.0649820     
   88457302.2661453        88117140.9629412        88521740.9554781     
   88481374.3898350        89069156.4621837        89435070.1475059     
   87988470.3939281        88676317.0366534        88343726.1783148     
   89340924.3048109        87511611.5962095        88325438.7327573     
   90557326.9512170        89948544.9089625        88434973.6738697     
   89262704.6350622        86811630.3075331        86447740.4777949     
   90113454.9836847        90925495.2185079        87334525.6797084     
   89788280.6635814        88766161.1704619        87917692.4377883     
   88420553.7319118        88651692.1201542        88465218.3032003     
   89406186.8043252        88018015.3241355        88973275.2879310     
   86277505.0436815        88810442.6179518        90230015.2772119     
   87216391.9341716        87439983.2220922        88017205.9896986     
   89072292.8848161        89512365.4339831        89401819.2261714     
   89367790.1589948        86718261.5364659        87213612.2225603     
   88438265.7362442        87901104.1058376        87707911.2241452     
   90461926.3698241        86237427.2480952        88712024.1379552     
   90145305.4718081        86913771.6149035        87849208.6569202     
   86928511.5480199        88881317.1330257        88398389.1708762     
   87317207.9701659        89662303.6485295        89206088.1476181     
   89091959.4148673        89984570.6007774        89292285.4671900     
   87908914.7519973        86915588.2766342        91259985.8215749     
   88244216.5506983        87197656.1445776        89158026.7335557     
   89977011.3858849        87680050.0087132        87000004.2520028     
   88733823.0174673        85452826.3723992        89594228.1286694     
   86592137.6835856        87032128.7061978        90122987.2841749     
   88054594.3299656        86860270.7651576        88290778.5223627     
   89403414.3000550        87529169.7491886        90308348.5864508     
   87342869.8645282        90059750.5426859        88468500.1135859     
   89153700.1575044        88644987.4390332        90119044.7492206     
   87974277.2007341        88463647.8481482        88704736.2253979     
   86665110.6786835        89274452.8022029        87349223.8275337     
   88635416.6931116        86527762.2277910        88648784.8720676     
   86357446.3028577        86602445.9675886        89050746.3550343     
   87298358.2442284        88660458.3181562        86501819.6478757     
   87693193.8085107        89894591.8072036        89385273.6439926     
   87932796.8194483        88079424.4898514        89545535.3026492     
   88084352.6120547        86368719.7153368        90957203.7525754     
   91731166.3280350        87463669.6146027        85853018.3059819     
   88894929.4526391        87806264.9114276        88069698.6292354     
   86468871.4806056        87655756.8437234        89683150.9765527     
   88011821.7597806        90023279.8278145        87253317.5164413     
   89414084.0092133        87531507.5474021        87462961.8057864     
   86953790.0671699        90378396.3389597        87579756.5111019     
   88217194.0453895        86908820.0355527        86294017.3332438     
   88742381.4055233        86403293.0193113        87119247.2438237     
   88746956.7174174        90060185.4038486        90097176.5583580     
   90672237.7608567        89009544.6746577        88976111.1731574     
   88392507.1159166        88863725.9168765        85541825.7431111     
   87144013.0803276        88782840.5824316        88703734.8025826     
   88996389.9969789        87291293.6001556        88275535.2219857     
   88114883.7211633        88132859.0891013        86408798.9346310     
   88151331.1545397        89898094.1669397        91463808.0838705     
   87318434.1513757        90418283.0752411        88662798.6786203     
   89598944.0879430        89554027.1584811        85690069.5936132     
   89389376.6718054        88448654.4796675        87046515.8486738     
   86080466.1162004        88766460.5637451        86887968.7041312     
   88735352.2850037        87935970.3243944        87818900.4273795     
   88993415.8164477        89139017.6170098        89257026.6699627     
   86014607.1511534        88882326.1615434        88047658.6909313     
   87026870.3179376        89216505.8973822        88916938.3396591     
   87436012.0845212        87631910.5275297        86450879.6668774     
   89140010.0660153        90604066.0588440        88192376.1101039     
   87545786.4847996        89164054.7327642        89769730.0320764     
   88753962.9089898        89791332.8893409        89055649.6135730     
   87240567.5360667        88962933.1563383        88340138.0284186     
   88386243.5564120        89999151.8939030        86281323.7238925     
   86118989.3560291        88797492.0850717        88134563.9097241     
   88585192.8423731        88779992.6394721        88785644.3522173     
   88780399.7369561        88873200.5978191        88555867.5423255     
   85935219.5644678        88742339.9366957        85792353.9404269     
   88485644.9743782        89250520.0856237        88746444.8935434     
   85640327.4436425        87469915.5802265        87444181.0303587     
   88342166.7101477        88277204.7197533        87995101.2313136     
   88187923.6073944        85940206.2754598        87831986.7432303     
   86652353.1943849        89155645.3890539        88640132.7020318     
   88424871.7753643        88545250.5685721        87232207.7588011     
   87519108.8673518        87515459.6878141        90196456.5365382     
   86749007.9825456        89103048.5189550        87027829.6665233     
   87595818.3848847        89756100.1548627        90645052.1186680     
   87936486.0781258        87778701.4896550        88918350.5144353     
   89813954.7584021        89569216.9184398        87880809.7363728     
   88446263.4880558        87994103.1732954        89390018.0514143     
   87893404.0389804        87978795.1709669        87519729.0353964     
   87396401.9583090        89209335.8342710        88100314.5771523     
   90008504.2910054        89521356.7928025        88956944.0549477     
   87919742.3292346        87191921.6890093        87136191.2440681     
   87203997.1571296        89874391.2615400        88570492.1628901     
   87682941.8956039        87237006.3701998        89008488.6523467     
   89102007.9707045        88837314.9790053        87686597.4166259     
   90043973.3233054        87880749.3933909        89676148.9569620     
   89388563.2474167        87154161.0544883        88999398.2717624     
   86831833.5470563        88803876.4572144        88018446.5796710     
   87656972.0770085        87782878.7394763        90353439.9453114     
   88499418.1136869        88424115.2377009        85301338.6764181     
   88322182.9784528        87767997.5097297        88303057.5056647     
   86588197.0330282        88869059.9549620        87684709.5619629     
   86026257.1112366        87974399.4331613        88392500.2451891     
   89738407.8504830        87791511.2176874        89816045.7520546     
   88733932.3501246        87338244.2339509        86931798.4918292     
   88545078.3019091        87090936.6912698        88493571.3501664     
   88492352.9777155        88300733.8903163        87822221.0634750     
   87520990.6749790        89916713.8223010        87988876.3945126     
   88208236.2937773        90567710.2691462        87456612.5784857     
   86634791.9231706        88292934.3843591        89742483.2286035     
   87599707.2593160        88925391.8700517        88139189.8987788     
   89134382.4315824        91935785.0845263        89162600.2282889     
   88688957.9410703        88358525.0625727        88558686.8464735     
   88400841.3282553        89546820.1309057        88777818.1624757     
   89459937.9717392        89856899.6898515        89353735.1771006     
   89751839.9453076        86560817.8429046        89799127.2517128     
   87072920.1948425        88820505.4304140        87360740.4657209     
   87313312.9969157        86766368.9351409        88892238.7165687     
   89233974.8298400        89649066.5438267        88311985.2025429     
   87279018.1109639        88624325.8013333        89440390.8940983     
   88718329.5522821        87642984.8555859        89409560.6960627     
   89688355.9027777        87895007.0405813        87797199.7539011     
   86229606.7939700        88257983.9681485        88689232.3163735     
   89628000.8760739        87988679.7321522        90982381.7129581     
   88767597.2842901        88463932.3658281        90398443.0380469     
   88475819.1545739        87063396.5076467        88197070.8074614     
   87008929.0841139        88598403.9159537        89466707.0596257     
   89545715.4933810        89202731.2972436        87648256.4225687     
   90893106.2093540        89257542.9164801        89947408.2791120     
   87920537.2311110        88928080.3506540        86630340.7147107     
   89606365.5911192        88074023.2772130        87461382.4680808     
   87544486.6067161        85721270.8941730        88751469.6757026     
   88757976.6823692        90056595.8304184        86606245.7420506     
   90628110.0417300        88087010.3750475        89944069.4813026     
   85506322.9722714        89924385.9799657        87210932.2019890     
   88428832.9297408        90527203.8513170        86988001.7698536     
   89807254.4368231        89579592.2188097        88402994.8385136     
   87392978.0336512        87428321.2612132        88383031.6292619     
   88660872.7422803        87877130.1706931        91532858.3405197     
   89349139.0618058        89298977.0889695        89516315.4915957     
   89442924.4212607        87645940.2915974        87165956.3597347     
   88387290.8785991        90170150.0525573        89484072.1272221     
   89185004.5728681        89890924.9686655        88732108.4481651     
   88272862.0334632        87774592.6159892        88619354.9446372     
   89837559.5327792        85299074.4205894        88921994.1704144     
   87055314.3007416        90165874.0379271        89785195.5601338     
   87189513.5602220        89381123.0652930        88912916.0240899     
   90482008.6231973        89029619.2851009        87447378.5955192     
   87574261.2671639        89314870.3971942        87141607.0237050     
   89468296.0171029        88212470.6219717        87124919.3714518     
   87312946.1821906        88611801.4664159        89199525.9936476     
   87395395.9438524        89015773.8295452        88766591.5147070     
   87326956.2053995        88058714.4040361        87094869.6991148     
   87609150.2264187        89554921.5919128        87859718.2194432     
   89378988.7395035        88787508.7678038        89147902.0995358     
   87255666.1454346        87896510.0541008        87347160.6667394     
   86904366.7814091        88454426.0136050        89215689.2228084     
   90189993.8975916        88493797.6797058        87334870.1803409     
   86900020.8011032        87311300.1922131        89348997.3767238     
   88768314.0320454        89004727.1995908        86069375.1965020     
   89023629.6261552        90825873.6334103        88310822.7926993     
   87203821.1725239        89489353.7819234        89884649.0049548     
   89860901.0853257        86735559.1493962        87108384.2204124     
   88168084.2581982        88469893.4264772        90413915.9754207     
   88513292.5502645        87200659.4477088        86003467.2162365     
   90780618.9944651        87743759.1209926        88427226.1608053     
   89582830.0208725        90947488.0284914        87224258.4389138     
   88853964.1339715        88510102.7472660        88138440.6049937     
   88260819.3276223        87897612.7701735        88157071.8704997     
   88243651.0451315        86735398.6593564        88984744.3148556     
   88862035.2436035        87345374.1459111        89706885.9176367     
   87776598.1037745        89158225.0762442        89131745.0863808     
   87709246.9868082        89607866.9537113        89583007.5852571     
   88772647.4856637        87657363.1629039        87965066.9180011     
   56903.0161580295     
   252460.761695033        265735.660317436        266729.482648822     
   257552.045065774        264553.054077372        270573.194038189     
   261522.296102472        265276.270245451        260370.591700231     
   266232.813370073        264706.527703425        269641.734415318     
   264432.334157364        272359.952274356        259073.238868877     
   255917.094866655        268079.549718025        260308.456325038     
   270733.457244929        260802.558487256        270164.096313413     
   273270.250206611        267440.797605398        269804.031789678     
   259454.039694460        259297.718122624        251266.222423061     
   263509.034525257        267068.345241246        271139.463297284     
   264955.094583953        273931.933954729        265224.856219532     
   260175.110261947        268447.881467605        257985.376993839     
   259109.693679003        266359.718001008        272791.597870364     
   263220.579884794        272142.337624784        263483.479544769     
   253368.387435410        264747.715725007        262914.039418789     
   266965.421297260        259259.557054522        253999.672906275     
   269116.836295167        250250.774492917        260391.814096746     
   261944.828419478        257964.170570451        259459.997613749     
   261225.581940644        264740.619619616        260188.733158463     
   260509.587425335        261700.383521080        271373.799832147     
   268983.382132746        265952.481335801        266414.070259446     
   260501.879213260        255524.235738564        265572.486312052     
   265123.219179233        268841.730916167        258826.177287272     
   258557.312349161        260478.510947928        264851.301094964     
   267561.991773471        264259.300432351        268157.138370891     
   264736.130393469        270997.652268356        266480.291573512     
   270314.711019641        257941.511741848        265201.380958315     
   276872.685054283        267714.817503918        267142.887737695     
   269924.974099564        256140.383709212        257109.868468227     
   271530.729549671        275927.702582114        258217.667230320     
   266406.795913293        265942.621215253        258978.813154844     
   263156.071712027        266731.070792249        270141.824596697     
   263755.092425035        259100.152076055        267149.464139302     
   255468.227006521        264933.371755672        266391.135927458     
   257352.935343370        269059.370028026        264377.171369755     
   266802.834631575        269564.851194066        276327.129812949     
   265772.933888742        258422.615519849        264669.070191815     
   262209.538551429        262508.420433794        263680.909193712     
   275224.220625871        257009.122154866        267844.733321708     
   262442.346815102        255156.486862200        262531.333914637     
   254089.684498473        262993.849792465        264839.197705060     
   254516.491282328        264994.734466514        266157.301624113     
   262351.015502989        267700.960646810        262902.946663935     
   260081.941120332        264233.708139794        277732.189010603     
   261485.020994942        256346.592194596        269859.593798429     
   267160.403978399        262369.623345417        259350.113479046     
   268031.389673807        250053.078167055        267578.687771836     
   254647.859512827        256158.130285687        270831.694472638     
   260684.788298376        256684.626298849        265110.567237133     
   268708.674361924        256968.144364005        270903.515841490     
   259165.834629922        266661.208082925        267359.649868016     
   272825.168794608        263936.813118916        269277.640042574     
   261060.778570882        264174.367108833        263272.665161498     
   258290.869218367        266971.897772688        256748.309831072     
   261360.345408177        259648.112701079        264048.614221912     
   256421.508665123        259676.439986342        267502.203456326     
   259656.244770596        265403.224030719        256443.935652448     
   266456.515698352        272485.212976106        262935.635786876     
   260658.428297202        261199.329990699        273673.056087894     
   263471.779554399        257597.461766735        275767.647715902     
   271810.201696429        264861.275512973        258796.777200560     
   263736.903549404        262187.570085858        260187.599804955     
   261130.130008848        266226.045661883        269390.744795787     
   268095.937644604        269726.533064881        257333.556907242     
   267674.784426669        260321.125142714        258137.113701398     
   259213.751238126        265876.335369192        261274.305223996     
   260690.322754197        263532.175853843        256440.083490834     
   266465.122613918        250163.974902639        260618.247631641     
   265627.358258861        268598.033440946        271696.492583448     
   270504.901293307        266934.235703041        265326.695728654     
   259522.475063121        270367.486179114        252597.898875784     
   255443.360892932        264150.788838454        266192.775219476     
   270774.829940417        267774.162095235        258776.703754070     
   264911.999447123        262828.894559556        254565.712432537     
   263309.488340109        268938.264149901        279609.285058614     
   256981.575599818        273704.081738375        266292.826568258     
   264921.079875136        267146.702083632        250356.217316825     
   272341.856869785        262497.635039436        258159.130105902     
   256019.464555803        266993.514946477        252838.972983859     
   262862.826562992        257748.930841751        259928.710033797     
   266772.771629313        262527.062326519        267406.954589611     
   256606.463237693        263704.761950404        263108.038324428     
   256729.557152376        269059.545490616        269630.620017179     
   254329.685406374        259907.073671131        259260.600936118     
   268904.510619109        272723.350724693        259787.221901813     
   258655.183802224        266518.614880949        271907.626842152     
   265434.142373883        271145.963749243        265400.200257589     
   256476.269544589        265765.242528994        265817.713002631     
   258553.368595093        269772.907796154        254347.889263380     
   257491.613857809        264384.575146100        260604.159007963     
   265713.605773908        264961.949970377        265874.156100904     
   263554.465208072        265446.870203437        263649.522399261     
   250160.024369992        270311.406376909        253907.100116729     
   258114.770165187        266364.837557150        270152.501619288     
   257380.244869510        259014.281497020        259247.637902644     
   271181.539783349        264453.660323240        262093.447550147     
   263241.552405326        254912.476246919        256061.792148355     
   258990.838353073        268711.364683990        264110.427078979     
   260528.963459966        263136.185312580        258087.380871293     
   258983.470392236        266082.043715399        267457.121352546     
   254345.191503658        270780.831538991        268205.291294300     
   264786.370932656        271963.632761962        271723.059426825     
   263004.091532855        260266.958141520        266905.787144720     
   268730.090212808        270742.370605242        259881.231039415     
   267476.825950306        261373.383093499        266976.389562608     
   262610.930616484        264271.786475285        258100.654583508     
   257504.872271852        260029.144426801        258175.579424437     
   268944.572107441        276346.243026037        268934.112359662     
   266202.944502478        257865.358405265        260287.129804534     
   263854.301177631        269585.677858667        264466.908522593     
   260719.181772319        261862.326387844        267487.228264765     
   264454.707414136        266428.502669316        260182.276076680     
   275654.704913439        265678.686237841        271536.444816076     
   263481.913980119        259202.154632457        262084.223075191     
   260901.194294533        260298.998691179        260380.785627293     
   264048.466355311        259685.092459501        268531.816230314     
   268730.044483793        262200.132714671        252649.834932490     
   260334.760515265        262641.796937342        264535.928863508     
   256233.485732151        265519.914304221        261279.882624628     
   254132.389639344        260758.263556713        264277.994435650     
   269102.251745391        261355.602792488        268010.209402337     
   265219.521739744        253155.343095508        257470.407247303     
   267256.258655337        263895.397476398        264046.470379754     
   266675.982309564        258894.298042024        260269.863794967     
   254502.808167471        265662.511223745        265922.031861329     
   260881.271469988        270817.322871451        261423.593439089     
   247136.707438182        263148.720873137        271878.961575001     
   263872.860815297        267888.467983383        260206.041678021     
   268500.757889316        275708.913266710        264042.539323331     
   262309.360714289        260424.695356216        264538.380067163     
   264943.687248199        266892.824783085        258332.969360843     
   269952.648371582        267001.378985727        276785.781381879     
   267162.095499064        259017.022386343        267509.619649255     
   259470.147760479        265728.795872094        259726.394560810     
   259359.584129475        258917.375263221        263329.902505326     
   267849.046781240        264263.470946093        269521.141291354     
   255965.471252830        263845.051032561        267168.148124290     
   260664.150261981        262365.899962563        273279.142628973     
   268446.091503318        261942.124859667        261436.046516229     
   257005.342719133        266412.655548041        263877.867873463     
   265132.284895881        261402.198984051        270995.694311538     
   261173.180402809        269107.443163149        267142.683712404     
   259789.111570345        261111.640533899        261134.766822822     
   257912.730623623        261333.928339922        268328.039253097     
   271988.316533510        268996.130350229        256314.872852592     
   271152.604366071        267981.654014152        268774.115414111     
   267005.339492496        260565.611518113        252719.998599320     
   264342.738236454        258982.951752840        252866.513143302     
   259745.132390205        250743.916498228        268759.105299488     
   264653.638000784        269173.487211247        260491.140698302     
   266360.145161835        259142.207890152        264692.827576544     
   258357.797585849        271583.506472970        258067.090065539     
   260590.154528036        272995.981287982        258414.609855783     
   267450.032797477        271749.853908840        258722.346278964     
   262204.716204598        262305.815894716        263817.876269856     
   260630.881249492        265247.921424089        275344.860201773     
   266890.123024529        269534.619148912        264201.615510453     
   269050.196790731        255727.023796175        251937.953809488     
   262967.792951282        267341.739662592        267718.431655509     
   265923.667707805        270469.106553502        265178.226237899     
   259495.510114174        262043.543464374        266407.657641500     
   268597.387582633        248816.073787066        267815.771929110     
   252664.116645640        268231.330250157        270862.975854333     
   264371.241522894        266690.601682420        265228.321822700     
   270539.384550811        262218.906366681        260512.001594296     
   258879.167471111        265211.223734044        259700.182555707     
   269002.905262604        267436.261137366        257398.647621736     
   259021.299282551        258842.739520696        267689.288277544     
   266172.164060329        265258.028285781        262143.546138496     
   260201.390315967        261474.310637232        257673.550642221     
   262996.566285772        270795.120250041        258844.082464915     
   269105.875371080        266982.984265604        262421.667586259     
   262827.531905059        260535.225174920        261792.974412920     
   256814.398944028        261875.480611914        268084.737108942     
   271876.389023670        265599.698384573        258776.723639989     
   258142.443380690        257802.400318963        270187.947758689     
   266071.457011150        262992.622644424        258530.541386176     
   266361.256946789        272073.068646764        262102.344310657     
   254702.497093970        268083.872237443        267590.094471485     
   266888.668584676        255833.353905769        263575.363020677     
   259784.405570834        265889.791529509        276272.183249241     
   261392.918524362        256235.328557736        256613.215708406     
   274790.492022228        263706.515425716        266457.162816590     
   266386.210036092        273353.177772243        260195.955895113     
   265440.718592249        259265.444907391        259890.871165831     
   264723.033995266        261100.017037304        264979.604812813     
   262448.219649390        254239.167651661        260102.823136493     
   263972.982533366        255601.539420151        275611.500496309     
   265347.166967094        266671.752020412        268222.288602461     
   263049.163560286        270073.969312335        268568.668320268     
   266185.676334682        258159.182400427        261603.219108883     
   1239104.00000000     
   162574.848368271        154426.412119235        155145.366098144     
   163325.265643625        172953.517548933        168259.873906294     
   168028.052784108        151082.921156318        168072.413616131     
   161115.698503876        150972.046952778        161420.407427988     
   146380.803052263        165352.817706358        157407.861453059     
   121078.012617030        153931.752602702        165497.831352055     
   171242.252457379        164595.598560656        155694.496330496     
   158539.666660873        170931.057596788        171399.178668357     
   143510.004909837        150909.659305898        151222.080733273     
   167602.025254446        152905.209126174        158325.872353543     
   172850.225758239        176887.749093134        176706.384468201     
   184926.630627139        153470.823672731        158247.929609720     
   149211.626268136        147284.225241755        164199.398905061     
   165545.630287943        164548.654504649        163911.787578546     
   156829.182111818        157761.056933831        156133.700160914     
   145118.256975876        144367.765363141        145169.196666105     
   158285.265559253        139788.731377431        150249.654870005     
   148483.696050489        145957.154318789        152168.785862766     
   151159.302815144        140750.471242202        161699.265527908     
   155477.970124420        155432.940255969        169514.930491561     
   173777.361572223        147383.038205252        162441.524275713     
   140872.403131144        152023.493451891        148841.686292327     
   138951.395119516        139649.516047441        175812.273035660     
   158507.199809786        152709.776151915        153678.150627926     
   150201.930271498        160292.895203918        158940.196468903     
   161247.294252329        166341.021678712        142210.606076893     
   147797.134585287        159174.935333288        146574.730694560     
   163222.977407573        159881.177620070        148133.938673582     
   153343.966932307        160826.340248911        157352.777453848     
   152884.468996917        180802.578580933        170558.292800506     
   177860.026281640        140357.449509638        156930.225196741     
   157503.515077870        160441.514212586        158598.374607401     
   150271.268463488        155254.902228829        153515.426101242     
   146017.479103350        169260.993998571        156808.070295656     
   148842.466834826        143508.611083946        165240.698351688     
   158333.752115914        154685.273463707        150549.476111326     
   157593.388971320        151034.620443110        156683.666688801     
   163077.034544616        160002.979418596        154700.438289400     
   155488.841966370        171809.706854111        155151.406010338     
   164579.039909072        157516.449782138        145804.837025423     
   136039.098134230        141899.076698088        158305.838429404     
   162210.650955133        170908.570539080        165392.290855591     
   141913.349475212        158737.069575725        154540.557167533     
   168228.206182052        153030.913637195        172826.828067616     
   155302.162218705        146005.882471937        167716.467652268     
   166598.117510388        156318.614395783        138230.582706087     
   153887.577614131        130579.370613224        162169.114943582     
   155434.278328824        169163.537692274        177428.107514546     
   147874.742810897        143751.731488022        159380.255179200     
   158085.558185595        153412.468828762        162166.624641323     
   140640.656346338        172458.858032399        147632.049846761     
   169108.490861753        165443.565064033        147373.597357884     
   161335.625645126        160933.348908647        165218.861746063     
   171675.379206912        163617.708899896        143789.940901780     
   155374.083634680        152811.748454098        156736.055957956     
   147032.481701500        143987.975684369        160151.561258573     
   175309.380654198        150125.418522257        164907.462457675     
   161157.754877093        167059.232283812        149293.434555763     
   145467.717003260        163022.136388857        142176.262206939     
   169364.044192777        152738.470380924        168186.911766988     
   175452.294268885        155988.760852598        137802.956922737     
   147873.627750184        169761.879270750        147154.859614728     
   140979.467543916        130913.145453248        164351.939210569     
   168986.726231918        171830.911591999        141475.000524674     
   161895.330369905        155480.218830191        155514.599868835     
   161094.958374619        170148.991181536        148932.247806549     
   155436.266853762        140630.788059030        155507.277636821     
   152777.274493728        137617.615247928        162645.524633116     
   145128.181016220        161477.777301660        166512.350757230     
   156993.114620942        171996.553860882        166042.631431973     
   147568.918826072        147982.829362655        156109.540512137     
   175913.576301416        181445.615509646        157130.936125041     
   160221.642824371        151417.996900508        158407.662056826     
   155300.452458946        165307.286060586        144440.430152924     
   157439.417671231        158051.994858140        174235.131163508     
   162062.310711643        171116.455024632        164737.434283322     
   165327.264231690        154040.303763091        131906.683132678     
   171324.543937982        157047.901270629        149009.707357397     
   150813.968512396        150566.090515946        137540.583137020     
   174827.767348004        165731.696752215        159034.400514787     
   154165.525081136        163288.338549687        153934.372995377     
   138842.509440914        171246.545441123        144804.739072133     
   155499.583717903        143575.310298916        167929.016808468     
   144524.319887215        144492.466319520        140804.979126711     
   156794.280711508        162422.140803656        155015.424356415     
   149835.818670803        184687.022664309        166826.779293888     
   146556.425114525        170151.946092425        163030.034735572     
   163177.129827933        168793.430457358        157432.652969573     
   151914.273255075        168385.448326898        162435.001170544     
   154546.857260561        164571.215899737        149246.081644160     
   161763.270012822        158365.717189680        161062.380017460     
   150159.650886139        142547.075646973        148455.559351837     
   157886.222498841        149737.767665460        139888.845245093     
   170188.148396900        165098.936966404        161114.025912807     
   146108.672485310        158356.722366597        143622.514535757     
   164155.186747800        152081.030584670        160282.283542801     
   143101.985610687        164563.373306057        151206.674311091     
   169051.399753259        170446.619470122        147228.527959152     
   168671.089712821        170635.752351354        146645.629971548     
   142484.725168784        136449.607735639        171651.870010217     
   141498.621227439        161358.149871524        153123.928284986     
   170723.730641592        169284.874882170        172419.254792751     
   138436.980444022        156499.941852026        154598.614661979     
   155991.232570511        159912.678085206        150110.699720848     
   147734.709769717        166811.094106528        171893.540835367     
   140481.853116494        158206.077664301        153660.346825212     
   148405.641800595        153756.855329903        166196.825744204     
   163736.797384021        147946.478383419        164170.964856886     
   155208.106847583        161656.149847014        156632.912842024     
   145096.922147571        160561.717757423        152439.857122042     
   149918.593344382        153657.540589085        152044.679605434     
   156813.478340113        158964.541961132        170338.439996637     
   164040.000976170        158783.641944829        160604.889191353     
   154538.810239083        156368.587700060        151058.334067602     
   146737.678233387        146549.400232035        161677.596181390     
   162303.739940305        158307.864123032        171583.869891083     
   166860.955904735        166355.498883633        149236.789471554     
   162749.262448095        164512.229188031        155588.398303675     
   137191.011603565        154249.210387630        162032.798771445     
   146604.019622616        153467.329815831        144920.538127155     
   162755.079348146        147953.280253767        164754.736308715     
   168183.510831814        147419.129003656        140957.426510493     
   157308.695387003        153865.406490292        163481.169715617     
   141669.299853875        155829.511598468        165973.869354685     
   164460.118684054        166961.032603706        149372.752541132     
   165041.139652792        155112.118704558        180492.796130578     
   162717.761982959        167005.542110491        174225.634563104     
   155201.397898961        145687.867156653        157080.107940883     
   159048.431695423        165519.277686431        143056.045109321     
   170586.243655707        147572.951628984        134246.099092430     
   155282.760162303        158967.738468508        159301.903579782     
   141483.679413888        161216.797341835        137626.442811904     
   161120.233084108        145746.482181455        164785.140297483     
   146162.102477797        176513.757730068        142291.540900295     
   158832.184254525        156921.211789313        154750.002738083     
   142542.169379837        170338.700177470        138513.343518502     
   151344.532983881        184120.571822218        171212.610426764     
   154936.998419616        163887.943863638        164811.622989412     
   160636.055138275        159777.885829377        141162.876446822     
   140069.039056278        172642.266935306        162765.467997120     
   155330.503345155        156862.355168023        162563.028724716     
   159587.600718741        156034.794275691        168024.856276731     
   160232.310238524        169226.111182606        159249.254129794     
   170012.563503328        163630.457760712        159084.633999898     
   148523.001940615        171779.971901770        147809.809108723     
   182521.407500988        160268.809892522        149443.057119073     
   148627.148611188        151317.065321656        145149.999037500     
   170356.280968042        156085.529538122        136706.108868268     
   169195.632856457        148443.665370901        161205.330800838     
   155717.169231656        160298.953700457        145140.725449238     
   161198.212996622        162616.681729346        168146.304972698     
   145312.593473768        145759.788572627        148555.487376047     
   149908.446291895        154213.026667500        165532.398234151     
   180707.742667311        165700.716648745        159184.933711012     
   148172.110918649        152042.728249186        174034.531741280     
   157254.633526778        158814.231777049        166096.656123507     
   147156.179103238        150303.716730230        162901.747000567     
   166315.635463151        159489.493960362        155929.328116607     
   172606.269058629        182754.733955137        136231.669119327     
   149747.896133601        160316.943346624        167202.090145464     
   159922.992396799        139173.050604871        154564.029195537     
   158326.467052590        144971.366311313        167734.085611530     
   155403.075213212        167225.264823944        157847.864410321     
   137659.448609002        173251.870626981        155611.907500370     
   163260.369110141        158646.786826681        145144.144968757     
   151423.553619727        156571.826099309        158846.717212482     
   151933.991245346        147111.966945976        156628.601273935     
   140809.011929622        175500.334801261        160222.181770383     
   139852.940290142        164398.920435268        154066.582027222     
   168918.930540581        157015.006979603        149731.281728980     
   169135.791264871        165009.564850275        138151.822251074     
   162454.812082541        152410.177922737        158996.841553112     
   149813.777637381        166156.646389854        148233.885282137     
   148448.404378930        146904.714328161        170496.722864816     
   157296.987249519        142716.583459661        156391.706625505     
   154133.745850822        160126.713989024        145551.550984516     
   161661.018945460        168863.865125715        148517.259377944     
   161161.323071374        138489.128116689        149661.311669253     
   143988.626136452        159745.846418229        171656.497512175     
   173087.027484942        154114.288041384        145927.345029067     
   149210.028014447        158769.183324253        150725.432691802     
   177597.894092411        144136.576108692        133320.152676540     
   170790.838712156        160950.372168862        153769.548437684     
   179781.721914040        184198.031373065        146619.407460452     
   168581.810518418        169934.657928195        158106.688586102     
   148186.123514940        162077.141019123        187597.052359479     
   149194.603007921        151308.293510716        157345.771155703     
   153270.149913121        151110.816258483        172705.137775161     
   140918.510891617        151383.690199245        173958.243004180     
   155391.088310549        155659.446255424        158534.611718975     
   140496.757761354        153488.162866814        172614.483339213     
 ------
  0.000000000000000E+000  0.000000000000000E+000  0.000000000000000E+000
  0.000000000000000E+000
  0.000000000000000E+000  0.000000000000000E+000  0.000000000000000E+000
  0.000000000000000E+000
