           3           6           6           6
   4.00000000000000        7.91500000000000       -5.20000000000000     
   1900000000.00000        211602579.000000     
      218880         966      164499
   17117852.7500000     
   24360280.7500000        23781662.5000000        23047473.0000000     
   24949092.0000000        25638680.7500000        19927410.5000000     
   24337030.5000000        23986389.5000000        25702170.7500000     
   21988971.5000000        23409837.7500000        22877830.2500000     
   23278620.0000000        22339635.7500000        26380040.7500000     
   22180894.2500000        22474650.0000000        23224172.0000000     
   24778219.0000000        25542653.7500000        23941508.0000000     
   24468731.7500000        25192053.2500000        20824675.7500000     
   24005664.2500000        23478379.5000000        25272996.0000000     
   22629327.0000000        24816906.0000000        22652045.7500000     
   22368053.2500000        24088985.5000000        24389637.0000000     
   22889731.5000000        26492825.5000000        25984055.0000000     
   22909924.0000000        22679349.0000000        25455919.7500000     
   21685150.2500000        22523533.5000000        22257396.0000000     
   24425649.0000000        22563670.2500000        24796813.0000000     
   22433579.7500000        24719739.7500000        21122605.2500000     
   23419267.2500000        23720861.7500000        22754099.7500000     
   21381783.7500000        23514251.0000000        25453859.2500000     
   23012859.5000000        25954934.7500000        24996454.7500000     
   26044932.0000000        25493614.0000000        22940519.2500000     
   25314887.5000000        23658074.0000000        23288095.0000000     
   22538865.7500000        22143763.7500000        22799197.5000000     
   24811622.0000000        24689916.5000000        23711910.0000000     
   22679416.5000000        24119796.2500000        27074397.7500000     
   27195293.2500000        21222132.5000000        22003534.2500000     
   23990336.2500000        25245325.7500000        24638749.0000000     
   22587934.0000000        21311350.7500000        21458117.7500000     
   21176630.5000000        22809237.5000000        25171874.2500000     
   25544630.0000000        21119134.0000000        24525033.7500000     
   20733412.7500000        23059419.5000000        22183682.5000000     
   22701715.2500000        24408244.0000000        23430748.5000000     
   21790686.5000000        23096868.0000000        23867043.5000000     
   26362623.2500000        24976280.5000000        22650486.2500000     
   25166936.7500000        21835286.0000000        25605470.2500000     
   22504874.0000000        23675083.2500000        23899247.7500000     
   25159053.2500000        24197997.7500000        26174201.0000000     
   25853940.0000000        24434897.2500000        23297443.0000000     
   24133776.5000000        23780295.5000000        19882270.0000000     
   25732178.2500000        23924139.2500000        22065319.7500000     
   23150386.5000000        23038169.5000000        22146469.7500000     
   22369255.5000000        24502892.0000000        24918669.5000000     
   23747200.5000000        25261034.7500000        23151871.5000000     
   23629337.0000000        25521448.7500000        26385797.2500000     
   24188117.7500000        20285585.0000000        23442867.0000000     
   23626057.7500000        22829771.5000000        21282676.5000000     
   23336469.0000000        23404929.7500000        21446837.2500000     
   22323817.2500000        24424926.2500000        23975171.0000000     
   25824231.0000000        22827903.0000000        22150640.5000000     
   24702618.2500000        23600440.0000000        23230926.5000000     
   23122209.5000000        23779970.7500000        21660828.2500000     
   21973153.5000000        21627945.0000000        21555176.5000000     
   22268714.0000000        25459093.2500000        25015382.2500000     
   24714053.5000000        23031973.0000000        25124047.0000000     
   23592613.2500000        25077468.5000000        24434941.7500000     
   23972107.7500000        24081884.2500000        27484484.7500000     
   23933593.2500000        23322851.2500000        22235873.7500000     
   22136168.2500000        21917110.5000000        23628764.0000000     
   23746871.2500000        23487181.7500000        23114786.7500000     
   22121980.5000000        23229798.2500000        25337188.5000000     
   21981554.2500000        20986762.7500000        21441329.2500000     
   20764027.7500000        22091969.7500000        23984748.0000000     
   22926589.0000000        23584635.2500000        22399344.5000000     
   20972154.2500000        22642249.5000000        22495420.2500000     
   26662313.7500000        22494555.2500000        22190137.0000000     
   23568015.7500000        25571325.5000000        24022104.5000000     
   24947209.7500000        21168677.0000000        21687108.0000000     
   24252831.7500000        25176756.7500000        22934718.2500000     
   24822679.7500000        25188280.0000000        23445051.5000000     
   22720498.5000000        24459722.0000000        23894800.5000000     
   24509590.0000000        22533091.7500000        21601407.0000000     
   20631163.7500000        23155224.7500000        22784574.2500000     
   23593606.7500000        26932956.7500000        23519475.7500000     
   23258655.0000000        24320228.5000000        21182950.2500000     
   24291929.0000000        21714869.7500000        23038206.0000000     
   22382795.5000000        23004571.5000000        21132451.2500000     
   21203138.7500000        22127595.5000000        23537623.7500000     
   20452549.5000000        23352405.5000000        23359325.0000000     
   23472917.7500000        25796963.0000000        25097459.7500000     
   26096820.2500000        23644503.5000000        24405327.2500000     
   22905961.2500000        23739906.0000000        25254830.2500000     
   25082407.5000000        24302373.5000000        24625953.5000000     
   23091316.2500000        23556605.2500000        24218746.0000000     
   24283535.2500000        23235699.2500000        22100563.2500000     
   25059799.2500000        22976632.7500000        23879177.5000000     
   24027609.7500000        24159022.2500000        24353590.7500000     
   24430060.5000000        23530890.2500000        23526114.2500000     
   22881368.5000000        23408017.2500000        23098355.0000000     
   23843165.2500000        22844339.0000000        23755149.2500000     
   24990579.2500000        21409054.5000000        22350395.0000000     
   23958957.2500000        24594541.7500000        25327490.0000000     
   25526739.2500000        21567248.0000000        27462947.0000000     
   24527945.0000000        22088956.7500000        23982879.5000000     
   23912655.5000000        22624529.2500000        25323633.7500000     
   24166716.2500000        19425579.2500000        23875069.5000000     
   23247693.0000000        25111747.2500000        23849307.2500000     
   23307195.0000000        24112981.2500000        25387754.0000000     
   23837913.0000000        20979329.0000000        20579235.7500000     
   24956529.7500000        23766689.0000000        25137662.0000000     
   24170910.2500000        23237206.2500000        20578446.0000000     
   21203479.0000000        24067199.0000000        25395630.7500000     
   23245926.2500000        24915273.0000000        23023726.5000000     
   24862284.5000000        23023044.7500000        25718729.7500000     
   25741175.2500000        22360211.7500000        21319435.2500000     
   23238766.0000000        25844907.2500000        23450206.5000000     
   25454088.0000000        23720939.7500000        21341959.5000000     
   24070180.7500000        22677222.0000000        24387583.5000000     
   23585718.0000000        24077650.0000000        25458502.5000000     
   19887776.5000000        20510550.0000000        24817346.0000000     
   24649756.2500000        23386809.0000000        24354212.2500000     
   25424390.5000000        22199530.7500000        24169164.2500000     
   24629217.2500000        24617149.7500000        25014832.5000000     
   28273830.0000000        24775591.2500000        24641164.0000000     
   26665308.7500000        22808096.5000000        24995159.2500000     
   21501865.0000000        23622708.5000000        24084558.5000000     
   24587985.0000000        24654576.5000000        22607994.7500000     
   24677408.0000000        23391287.0000000        25836852.7500000     
   26426555.5000000        23263312.7500000        21765891.0000000     
   21855418.0000000        23083997.0000000        23445348.0000000     
   21861388.2500000        24507311.7500000        22338536.2500000     
   24366817.2500000        24849415.7500000        22624163.5000000     
   24939989.0000000        22348956.2500000        23441276.7500000     
   21483693.2500000        23851367.2500000        23798153.5000000     
   24231520.0000000        23150391.0000000        22251905.2500000     
   27080878.0000000        23235994.7500000        22702423.7500000     
   24751799.5000000        21604430.5000000        20872477.5000000     
   23687609.5000000        24605330.5000000        21631353.7500000     
   23322911.0000000        23985598.7500000        23765151.5000000     
   25211485.5000000        23377796.0000000        24653383.5000000     
   24165164.2500000        22777621.2500000        26519068.5000000     
   21261464.2500000        22049528.2500000        22574464.7500000     
   20977048.5000000        22583636.7500000        20915825.0000000     
   23422217.2500000        24773501.2500000        23484023.5000000     
   21943725.0000000        23029517.0000000        22109859.7500000     
   22703318.7500000        22404385.5000000        22971411.0000000     
   23597756.0000000        23791041.7500000        22891252.5000000     
   24480077.0000000        24950715.7500000        23787089.7500000     
   26296222.0000000        24679744.5000000        24111201.7500000     
   22645064.7500000        23046616.2500000        24338177.7500000     
   22570943.2500000        26620497.5000000        23397704.2500000     
   23200667.7500000        24713729.7500000        22178832.7500000     
   23035794.0000000        23216166.5000000        21491036.2500000     
   23195203.5000000        22368162.7500000        25465345.5000000     
   23650714.7500000        23243026.2500000        23526527.0000000     
   22411322.0000000        26046153.2500000        24646998.2500000     
   24920200.0000000        24800808.2500000        24290162.0000000     
   24907463.5000000        22488259.0000000        24287012.7500000     
   22381084.0000000        20772398.5000000        25203083.5000000     
   23785521.0000000        24846454.2500000        22581213.2500000     
   22272519.7500000        21406865.0000000        25584906.2500000     
   25019367.0000000        24640333.5000000        23834732.7500000     
   22557246.0000000        24454764.0000000        22279373.5000000     
   20674609.5000000        21709937.7500000        21473161.2500000     
   24727709.5000000        22683833.2500000        21008025.2500000     
   22631059.0000000        22150789.7500000        22755629.7500000     
   24410537.2500000        24350184.2500000        27179824.7500000     
   23373040.2500000        23449751.2500000        24772697.5000000     
   21978556.7500000        23077080.2500000        23093668.5000000     
   22342886.7500000        23259441.7500000        23399190.0000000     
   22747464.5000000        22885241.2500000        26977754.7500000     
   24124255.0000000        25646230.5000000        23992137.2500000     
   23336326.7500000        25920786.2500000        24221735.0000000     
   23753015.7500000        21728647.2500000        20457509.2500000     
   26275844.7500000        22549645.7500000        27223821.0000000     
   25113476.2500000        22636101.0000000        24441349.2500000     
   22728050.7500000        24107771.5000000        21918464.5000000     
   26283805.2500000        24642283.2500000        23835171.7500000     
   26994679.2500000        23978301.7500000        22420232.2500000     
   26108097.5000000        24825291.5000000        24947793.7500000     
   23515497.0000000        24314587.0000000        24953870.0000000     
   26628011.2500000        23328706.2500000        26330497.7500000     
   25348765.2500000        24079870.5000000        22324736.0000000     
   24336534.7500000        22518362.2500000        24123628.7500000     
   25361945.7500000        22270481.2500000        24314790.7500000     
   26344706.2500000        23228339.0000000        23071491.0000000     
   21898201.2500000        23981743.5000000        23867651.2500000     
   23546514.5000000        22595303.0000000        22417717.5000000     
   25103720.2500000        25010612.7500000        25392334.7500000     
   22023975.2500000        23622039.0000000        23810457.2500000     
   26122203.0000000        23837537.2500000        24673058.5000000     
   22458104.5000000        23710107.0000000        24391291.2500000     
   21072893.0000000        20257612.0000000        24295554.2500000     
   24702861.7500000        23118460.5000000        24648337.7500000     
   24629397.5000000        20980941.2500000        24379034.7500000     
   24075629.7500000        23196517.0000000        22377306.2500000     
   24317843.5000000        24630293.7500000        23318173.0000000     
   23140348.0000000        22160722.7500000        23142529.0000000     
   26519490.5000000        23961043.7500000        21621319.7500000     
   25669642.0000000        20023877.7500000        25090977.0000000     
   24394600.5000000        23627475.2500000        21104127.2500000     
   22811303.0000000        23797260.5000000        22866023.0000000     
   23954315.5000000        24473749.0000000        25740271.0000000     
   25491599.7500000        25839215.2500000        23980845.7500000     
   22986205.7500000        23601590.7500000        20501017.0000000     
   22498530.0000000        22486601.2500000        23931418.5000000     
   21945450.2500000        23692424.7500000        25901183.7500000     
   26514045.0000000        26146274.0000000        22695749.7500000     
   24464940.0000000        23598467.7500000        22796389.2500000     
   20604637.5000000        23388061.7500000        24413059.0000000     
   25489598.0000000        22116376.0000000        20131361.5000000     
   21818977.7500000        24819620.0000000        24742067.0000000     
   21780753.5000000        25197005.7500000        22873660.2500000     
   21651595.2500000        23911334.0000000        21930874.0000000     
   26861047.7500000        24652794.7500000        24391082.5000000     
   26035202.2500000        23829764.0000000        21761619.0000000     
   23664598.7500000        25588167.7500000        20876222.5000000     
   24263492.7500000        24640764.7500000        22256965.0000000     
   22935133.2500000        21229004.0000000        20719397.2500000     
   24740365.0000000        22491042.2500000        23996638.0000000     
   25904202.7500000        23042892.0000000        24340948.0000000     
   21129506.0000000        24884693.2500000        21878315.0000000     
   23962027.5000000        23255540.7500000        22493606.2500000     
   20111357.7500000        19898655.7500000        23906054.0000000     
   24295036.5000000        22136215.2500000        22419936.0000000     
   22374343.2500000        24308575.2500000        22065099.2500000     
   25211265.0000000        25667595.2500000        24484328.7500000     
   23777488.5000000        22906463.0000000        24051708.2500000     
   21668806.5000000        22596424.7500000        21809435.7500000     
   21852906.7500000        21251062.7500000        23506021.5000000     
   22009751.5000000        20562533.0000000        25303895.0000000     
   22895289.2500000        24841997.5000000        26321169.0000000     
   21334814.0000000        21323386.0000000        23045496.7500000     
   22800587.7500000        25139504.0000000        26183047.2500000     
   20837069.5000000        24972986.0000000        24109554.5000000     
   23919999.7500000        25244762.5000000        24817277.0000000     
   25380671.7500000        26303338.7500000        23814322.0000000     
   24267091.5000000        23513022.0000000        25016235.0000000     
   24813119.5000000        21810085.0000000        26965550.5000000     
   25577490.0000000        23713241.7500000        24184591.5000000     
   26665901.0000000        24062690.0000000        24871505.5000000     
   21068504.0000000        22762441.7500000        22412406.0000000     
   22324311.5000000        20177375.7500000        22743790.7500000     
   21268046.7500000        24201282.0000000        24935886.7500000     
   25265160.0000000        22790125.0000000        24311008.2500000     
   24899901.5000000        23356811.5000000        24101332.2500000     
   21496679.7500000        24261682.0000000        24323292.5000000     
   23072258.0000000        24941054.7500000        24999882.7500000     
   24154588.0000000        22892620.2500000        22727993.7500000     
   24589186.7500000        21564182.5000000        25094120.2500000     
   24013529.2500000        22692647.0000000        23467169.7500000     
   23947094.2500000        23486600.0000000        24945622.7500000     
   24372074.0000000        25342166.7500000        22562578.2500000     
   21470638.7500000        24764874.2500000        24200067.7500000     
   22770620.7500000        23705896.7500000        22979341.0000000     
   23228957.0000000        22681160.7500000        23450447.5000000     
   26731491.0000000        23613741.7500000        23937138.5000000     
   26317051.2500000        21346698.2500000        23423361.5000000     
   26111255.2500000        24292277.7500000        25761840.0000000     
   23835504.5000000        22304359.2500000        20315812.0000000     
   21484671.5000000        23275490.2500000        25485088.0000000     
   23110849.0000000        22522236.5000000        24453432.7500000     
   23753850.7500000        22488980.5000000        24939433.5000000     
   25522091.5000000        23653074.7500000        25184482.2500000     
   23003590.0000000        22951906.2500000        23009809.5000000     
   25967182.0000000        22887493.7500000        23599023.0000000     
   24372655.2500000        25437921.2500000        24072367.2500000     
   23167981.5000000        23658414.7500000        23135715.7500000     
   23211086.0000000        22609375.2500000        24003570.5000000     
   24622766.5000000        23615567.7500000        25297079.7500000     
   24596806.7500000        22972642.5000000        21766589.2500000     
   25877187.0000000        24793859.7500000        21566962.0000000     
   24595614.5000000        22249894.2500000        25074980.0000000     
   24029256.7500000        25046384.2500000        22233565.5000000     
   23159697.7500000        24670996.0000000        21579415.2500000     
   23579692.2500000        27125921.2500000        23521406.7500000     
   21702587.7500000        21742499.0000000        23839238.7500000     
   23671170.7500000        24309404.0000000        23247379.5000000     
   24471480.5000000        24014800.5000000        26225865.0000000     
   23112335.7500000        25281528.0000000        25436141.2500000     
   23092804.5000000        23181135.0000000        23865053.2500000     
   22505753.2500000        23385225.2500000        26549737.7500000     
   25760596.7500000        21113686.7500000        22964552.0000000     
   21624841.2500000        24357916.2500000        23148070.0000000     
   22333992.5000000        26017883.2500000        22598191.7500000     
   26884353.0000000        21708206.2500000        22557926.0000000     
   24048623.0000000        23715582.7500000        24355847.5000000     
   21054376.0000000        23612211.5000000        21302959.7500000     
   24156874.7500000        23768915.2500000        25223089.5000000     
   23704616.2500000        20995191.5000000        22975521.5000000     
   24928919.0000000        25381167.7500000        21625292.7500000     
   23350905.5000000        21441815.0000000        25089030.7500000     
   22070427.5000000        22075942.0000000        22784403.5000000     
   23048996.0000000        23566264.0000000        23684169.5000000     
   24125089.0000000        22847581.0000000        25431260.2500000     
   23994247.0000000        24034760.0000000        24671254.7500000     
   22195812.0000000        26597578.5000000        24082370.2500000     
   22396865.7500000        24568055.2500000        23982333.7500000     
   23773499.5000000        21954111.5000000        24103808.0000000     
   25251704.0000000        20767692.5000000        25482515.7500000     
   25390522.7500000        21834391.7500000        25501810.7500000     
   24292240.0000000        22471101.5000000        22418215.7500000     
   26117470.7500000        22477526.5000000        25152161.2500000     
   23287375.2500000        25327642.5000000        24080513.0000000     
   24992626.5000000        21995728.7500000        24093475.2500000     
   24276670.0000000        21005056.5000000        24414657.5000000     
   24415204.5000000        24767375.5000000        22468633.7500000     
   23691238.0000000        23437428.7500000        19360893.5000000     
   26195400.7500000        21826317.0000000        22802738.7500000     
   24509396.7500000        23274362.5000000        24178933.7500000     
   23305455.5000000        21290090.7500000        22362518.0000000     
   23863916.5000000        23946384.0000000        24569204.2500000     
   24577342.0000000        25171457.2500000        25579226.0000000     
   23217318.5000000        26202751.5000000        24835275.2500000     
   26930168.7500000        25506841.5000000        19825805.5000000     
   21259805.5000000        24602693.2500000        23906743.2500000     
   23934645.2500000        24879182.2500000        24631983.0000000     
   22550393.0000000        26238366.7500000        21437517.2500000     
   21046928.5000000        25925849.7500000        24215974.5000000     
   24394657.5000000        23924479.0000000        24570545.2500000     
   22946342.0000000        22101848.0000000        24217645.2500000     
   24637677.7500000        22504588.5000000        21860494.7500000     
   22449553.7500000        25021781.7500000        23662790.2500000     
   26126668.2500000        24593531.0000000        22313208.7500000     
   25044084.7500000        23732923.7500000        21707078.0000000     
   25900079.0000000        25274119.0000000        22495910.5000000     
   26927669.0000000        23136210.7500000        22730605.7500000     
   25154762.5000000        24792437.0000000        24289022.0000000     
   23978573.5000000        23751783.0000000        23834425.5000000     
   20853103.7500000        23997327.7500000        23385563.0000000     
   21976214.5000000        23092767.7500000        21817279.2500000     
   22629317.2500000        22891794.2500000        24401354.5000000     
   25259253.7500000        24087460.2500000        24059958.0000000     
   24145965.5000000        25220516.7500000        23738612.5000000     
   9952498.51966165     
   13511730.4566167        12058386.3724551        12659595.3750793     
   12966910.2435598        12606408.8123978        12031570.8892969     
   12449300.9021018        13047398.8116623        13648778.2749496     
   12629577.5122669        12926778.5083694        12380364.2086911     
   12812804.9238413        13200223.7493434        13721975.5862551     
   12786277.7755616        13022411.5016611        12813039.5884883     
   13324981.9306148        12907839.2675827        12789198.2584736     
   12852513.0742591        12747076.5047812        11959058.7284928     
   13174829.6283119        12851313.3513183        13808363.3896324     
   12782595.7601889        13644979.2513150        12935935.3922457     
   12519963.1185918        12349324.9362609        13493331.4086136     
   12756678.3986503        13484430.7789928        13056792.6367909     
   12689823.8152761        12653751.4897840        13423566.4477904     
   12410354.8385171        12745985.3552475        12440963.4704291     
   13072510.0099225        12894871.2829866        13401850.1672412     
   12374477.7906075        13490916.4160819        12339687.9541589     
   12681605.9278787        13034102.9503433        12976019.6382287     
   12615917.9437896        13072522.3729872        12988516.8226268     
   12750141.1078978        13229111.6285073        13628230.1095718     
   12268882.7366547        12891040.6045991        13092190.8765101     
   13461419.0051139        12977403.8638598        13016009.3267493     
   12614973.7226545        12633927.6467089        12395249.0747998     
   13302591.7864423        13276166.6156554        12454780.4612829     
   13017197.5697985        13360250.8498654        13990464.8549236     
   13150653.1827226        12257420.4041427        13074314.0983835     
   13229695.0846684        12866688.2359250        13253444.6397253     
   12878119.0073506        12237752.1234270        12584999.7624210     
   12498334.5736783        12936762.2191974        12963822.1462761     
   13002460.6441406        12112240.1748321        13498404.3105943     
   12377081.4612138        12737447.4282067        13429130.6573817     
   12814185.9241051        11989021.9881909        12773736.9839835     
   12657168.7072372        12989217.7810367        12613917.6465751     
   12788221.6776865        13772792.2391371        12680501.2950358     
   13411604.6094392        12370164.6589746        13193838.6438624     
   13207804.4907607        12415292.7064773        13167954.3577419     
   13249208.7262529        13459249.5345277        13251109.4066351     
   13475623.9766375        13360310.6731284        13121459.4252055     
   13588489.8237081        12861915.1046515        12371593.0101833     
   13336747.1960130        13298976.9028392        12647143.3685410     
   12940947.1556725        12878774.7269419        12827160.3592995     
   12717171.5848380        13272031.1934205        12766736.6261211     
   13144304.3930333        13556160.0365496        12957666.3840023     
   12257221.9707304        12917517.9159560        13717682.6355912     
   13085899.8639598        12913778.7464590        12082508.6913471     
   13083399.7875104        12718138.4809812        12272228.4898929     
   13140818.5219453        13349281.5825202        12465012.3841846     
   13027039.1997550        12910966.8081672        12599186.7635805     
   12876300.7068313        12194727.4042349        13005988.5050922     
   13245558.7020561        12814449.4589797        12456727.1811305     
   12793223.4577932        12724872.0589855        12610262.6835194     
   12554819.4851171        12726938.9369555        12698343.4823362     
   12855926.2395835        13202712.4046624        12762156.0313007     
   13403136.1689953        12603392.8525901        13451364.0408189     
   12857542.7250072        13074497.0751714        12799031.6412697     
   12563273.6805430        13216487.0801207        13420767.4768664     
   12666123.8802130        13066630.5216760        12519013.9546355     
   12589183.6427481        12195713.8019127        13599545.2819618     
   12971358.9937722        13154894.4994359        13187461.0370491     
   12873494.9735686        12802617.5726573        13071819.7534985     
   12620110.3547916        11960750.7163052        12762934.3920796     
   11944369.9384425        12341964.7505833        12984273.0602709     
   12435139.3366129        13232757.0655689        12563803.2092412     
   12281108.3472032        12740135.4250595        12905573.8685643     
   13146817.5883792        12539344.8604844        12576544.4186784     
   13162411.6317110        13216373.8003153        13095037.6332394     
   13593261.8330101        12778944.9267512        12653145.7268912     
   12802627.2177684        13321680.6976132        12982953.7116852     
   13478312.8443656        13171799.9199875        12653311.0904901     
   13223981.3518492        13079181.5900578        13171710.4716430     
   12598793.8579342        12995625.6024951        11953757.0722766     
   11999920.8281523        12830018.2216065        12578232.3796422     
   13680388.8374661        13595020.5662567        12910341.4533173     
   12876372.2169958        13236688.8292119        11952711.8103176     
   12720129.9696867        12495612.5860760        12478538.0267930     
   12539704.9410579        12860225.9774219        11773409.1891686     
   12662322.5093817        12398580.2561406        13307163.7426088     
   12303091.1511621        13247280.9693693        12623016.7900796     
   13077111.2641670        12767995.4519450        13181890.0317463     
   13106438.9640570        13101118.1298717        12595062.7365255     
   12443917.6092649        13298183.8576889        13653267.5145852     
   13236415.5904456        13521592.0783370        13027111.2548002     
   13034043.8086681        12773520.2084340        12570233.9687561     
   13636488.0101110        13016066.9643865        12301237.5578755     
   13064821.7776625        12570518.4543246        12800313.9371449     
   12828905.5474524        13049044.9258070        12364831.9047003     
   12688386.0450322        13126760.1632249        12971304.7685038     
   12435969.9476882        13346734.8225470        12775429.0601472     
   13179261.0954500        12349829.0753590        12895337.6146618     
   12719189.1166225        12652450.0227923        12378321.2316693     
   12534962.2576444        13089992.5866533        13829378.5315867     
   13267049.2233134        12256221.3607605        13357324.6858524     
   12842058.6059250        12905836.2180169        13007059.9208484     
   13380795.8024997        13100929.9517454        12977180.0237948     
   13070718.3286040        12393704.9305383        12874548.8299579     
   12572449.4838965        13678104.2553586        12906898.3069967     
   13296557.9342797        13183290.1388569        13332558.1464937     
   12990251.2392425        12413396.8476439        12150730.3034120     
   13011839.8004931        13142561.2809328        13008481.3533639     
   12577303.0405153        13066723.9852988        12318143.9132074     
   12232208.5417051        12729615.3097480        13544374.7711515     
   12839824.6486614        13008976.1399859        12779509.5354376     
   12713718.4178616        13111360.0938549        13399708.3819485     
   13263066.3342325        12294611.9244293        12781070.5151413     
   12682935.3526335        13779390.3749560        12916863.2803087     
   13481156.6037057        13281188.4359052        12335343.8874961     
   13528962.9279708        12308124.1879034        13417089.3943248     
   13195098.0998478        13129748.9038553        13487756.1360325     
   12247087.5119864        12095213.9948833        12734959.5200862     
   13437270.4748179        12605766.1396695        12852274.2041524     
   13325707.4372777        12386077.0152369        12952068.4900344     
   12932724.0913965        12259196.9291896        13252654.7532388     
   13609877.0866137        13113209.8299894        13216036.8526757     
   13628149.4855116        12609046.0991222        13571473.0012970     
   12501993.8046095        13041576.1346312        13457877.1761623     
   12936215.4401334        13596651.2481869        13041215.2155747     
   12900706.6974107        12807477.4643106        13644438.4355005     
   13161976.0970625        12355001.9346235        12892136.7251164     
   12378724.5031950        12498767.5663936        12709651.0890310     
   12467024.8266154        12893192.2523149        12727605.7514234     
   12717078.3302612        13169758.2158006        12873449.2172570     
   13571735.8772099        12727541.8997318        13379078.1848090     
   12586196.5129840        12973683.4741001        13233136.0276586     
   13684094.8138327        12575797.7406852        12968905.7267920     
   13387645.2971239        12906947.5441284        12783320.6896447     
   13070003.8984480        12440862.9305241        12230741.2150535     
   12554111.1877169        12797497.7781433        12348551.8627402     
   13547918.1222591        12337234.8212698        13622480.0867575     
   12562372.7104156        13220747.5629338        12752325.4035248     
   12926221.0758851        12987601.7917244        12748941.0913383     
   12173750.6579581        12097943.9270129        12304035.5645174     
   12240761.1343676        12362880.4326296        12373265.2488576     
   12901938.6374161        12645515.5026450        13344934.5376612     
   12923464.6738276        12568717.6374219        12695975.5593740     
   12573480.3594090        12746887.4880370        12815852.9691825     
   13022366.6095487        12591397.4096102        12184483.6241698     
   13030478.8732655        13149052.8567683        13059948.3521312     
   13491327.3016542        13031291.3722438        13480624.3691002     
   13099957.0328096        12691446.3003349        12645509.2441658     
   12697330.8304184        13200835.6747526        12911563.6204793     
   12116480.2484300        12957457.0381952        12642235.7517904     
   12695504.2496910        12940257.1659196        12396609.6264167     
   12805765.5754455        12834473.0883488        13675484.5148968     
   12599079.5219333        13051717.3094451        13182841.0013622     
   12538804.8633384        13212618.9050022        12859414.4992118     
   13811163.9164233        13008238.1413682        12703653.5498203     
   13498297.0004338        12917586.7149959        12705017.4139859     
   12540498.3119349        12108489.9016133        12507223.8971963     
   12815498.2695922        13044011.7944905        12848124.0956347     
   12373372.6439486        12647747.9597056        13552819.5470601     
   12759871.7486664        13723406.6684010        13088074.5598752     
   12653917.0322357        13508603.8769057        13001915.9551020     
   12693635.9127827        12284736.2863960        12845300.7925699     
   13077455.9784342        13177410.1744542        12688736.4426399     
   12739261.9857597        12582438.5553821        12616106.5023991     
   12718273.6407491        12726890.2585374        12787958.5656755     
   12637828.3498697        13233209.4162081        13179670.4557620     
   12985632.4944297        12809912.4966600        13303141.4204113     
   12255425.1875971        12807455.7497710        12541401.3238365     
   13016602.9711745        12658876.0723546        13244117.3986682     
   13424417.0954542        13228297.7851628        12686140.8209413     
   12577104.8937120        13566601.5332737        12411198.8510905     
   12624269.5287764        12783099.4243686        12520190.0906281     
   13424144.9684954        12884297.9235711        12671486.9178260     
   13254510.3106454        11988798.6378156        13314107.5613118     
   13271194.2862204        12774547.5020162        11985132.1705738     
   13279104.5659056        13004555.0041143        13229096.3670290     
   13936679.0510756        12736633.5668027        12528360.5442625     
   13421900.4743427        13326052.7746276        12970865.1367636     
   12969295.1741725        13038985.5861294        13531624.9985335     
   13248987.6649892        12235575.1519918        13521381.5616944     
   12993308.5549345        12559715.9233416        12661615.2602258     
   12716343.8970189        12844156.6263182        12547836.0201500     
   12483672.4257598        12703339.1551773        12601095.6442405     
   14125870.9207323        12664239.0124542        12587650.1490715     
   13003754.0798451        13007053.0404293        12725683.0878244     
   13009440.2009565        12735718.7914052        12511481.7383315     
   13612468.4459946        13488642.7761421        14192729.6945114     
   12523959.0281685        13332875.7314184        12657090.3428817     
   11779634.2686093        12990313.4012465        13175735.1327571     
   12114789.2870963        12857801.2450558        12249593.9158793     
   12538034.5427512        11796144.2712864        12693525.4972060     
   12443266.0636058        12502953.8024288        13249163.7727460     
   13008174.6859969        12055418.5311237        13244787.0538747     
   13729839.7516722        12987437.1117324        12912976.5140460     
   12899646.1679950        13557925.8298592        13219758.0743549     
   13044376.0332675        12859067.0960908        13017108.2915196     
   13314670.3193488        12832437.1122648        12881246.4535419     
   13704287.7578101        12045226.0618941        13247015.3275859     
   13104586.8143127        13313066.9291548        12761702.2887188     
   13277037.6323964        12807320.7679432        13038590.6414648     
   13164280.7683728        13070801.9925813        13330311.2139769     
   13295199.0126931        13069339.1711896        13426358.9610812     
   13096439.3162526        13095465.5436684        12220743.2769348     
   12703703.0852258        12641282.3587427        12599300.3781293     
   12833780.9031572        13167550.5691347        13906813.2839220     
   13712714.7319438        13291258.3417650        13178773.9811390     
   13198639.0992415        13099414.8986954        13037186.9483065     
   12572056.2786534        13178649.7851455        12485337.9905338     
   12827325.3605544        12395762.4668311        12417359.0522076     
   11846629.1814290        12660556.8966245        13235453.8284706     
   12398252.7490281        13682951.4173190        12781000.4893695     
   12214792.0259864        12713965.2276641        12501306.5745366     
   12957253.1928004        13199948.1519602        12966089.4410987     
   13084313.9643797        13345271.5006448        12589827.1212221     
   12788905.4406227        13376377.3496700        12265571.6985617     
   13396918.6593736        12824642.4546480        12599657.8557854     
   12654338.5331836        12115036.3031228        12560640.3829340     
   13063951.9389238        12458265.4218838        13393584.9804605     
   13160926.0009657        13248317.4048673        12976641.0642054     
   12658081.9886535        13070006.1749685        12777695.2108945     
   13322941.8541040        12815815.7499284        12517126.9422882     
   12019671.5104752        12188306.0891685        13533186.7857716     
   13184928.3186115        12245533.3878118        13473306.2727499     
   12525849.7457131        12662770.3047340        13062153.8006770     
   13287274.6775481        13331759.4912924        12976467.4178914     
   12755337.2407599        12684391.8789729        12871490.0167318     
   12981572.9640888        12646738.9034414        12526647.8487367     
   12734923.1777921        12444326.2884175        12539759.2104218     
   12822350.2932458        12220361.9195565        13230672.7458037     
   12901758.8753338        13119420.7719323        13490981.4704994     
   12317475.0243465        12713663.3834845        12861291.0295139     
   12908446.3319784        13050027.2888702        12568805.2790479     
   12006133.2264510        13414734.3945662        13227888.0967261     
   13046328.2750706        12670251.1548930        12107179.4431706     
   12441777.9034705        13456350.0646449        12890267.8213750     
   13092519.0224871        13142593.1519346        12827676.2065940     
   13136895.8965027        12709649.9984096        13226159.7650685     
   13585258.0634706        12747639.3085376        12721923.4123781     
   13203706.7858630        13025196.5479735        12645300.4255461     
   12269329.1230201        13017666.8570248        12438598.6525312     
   12860878.7652512        12276235.0655488        12695235.1728884     
   12374251.3478343        12756422.1801660        12744185.7417490     
   13084824.8683208        12661780.5647404        13226351.3083019     
   13288822.3221309        12650947.7403585        12612383.5944468     
   12390259.8185946        13229786.8204955        12588804.8682768     
   13226667.6370689        13344401.7735279        13484853.5332951     
   12903755.4058274        12720808.8774790        12729498.1479741     
   13086685.9228742        12404304.6928676        13288081.5340304     
   13259894.9766195        12444688.3302325        13324087.4576189     
   13354943.6183281        13331810.7343688        13309240.6808420     
   13056712.1922745        12856612.1253742        12974485.3000953     
   12434285.4391850        13489780.1004605        13000960.9790783     
   13017344.1677847        13214768.6885488        13191076.9813642     
   12776999.9513693        12741347.9529824        12729874.1775413     
   13415425.6937051        12786646.5977082        12878013.1159329     
   12900442.5165663        12543680.4981218        12315507.6627507     
   13445141.2460210        12628936.2327149        12615504.3402571     
   12590541.5733311        12645018.2664482        11993563.4796602     
   12622052.0713911        12857027.1591601        13431361.3361375     
   13344316.8391348        12046114.8710650        12845804.8307874     
   13166299.3020480        12639689.8398179        13425568.5608782     
   12900754.8731068        12224796.7461124        11973324.0944579     
   12638457.5674026        13129549.9488166        12729703.8304841     
   12942975.4081741        12230311.5679411        13449887.5381081     
   12570087.2847841        13490591.6341871        13662896.2011181     
   12712847.5388178        13107103.6803134        12437460.6314571     
   12848074.5803348        12616822.8908858        12601825.7570190     
   12727797.6397217        12890251.0213491        13381190.7612616     
   13078322.7833749        12588957.8527572        12230132.9860555     
   13147862.7041855        13330666.2571153        12298346.9179515     
   13366910.1355896        12334506.2331486        13649759.2268990     
   13195630.2486170        13191009.1866490        12431616.1828351     
   12984568.4973330        13401209.0229978        12984877.0553250     
   13224188.1240894        13192972.9056636        12595073.8760354     
   12855165.6398765        13358101.3140902        12753901.6626420     
   12934563.7209102        12891454.6939306        12623688.2322325     
   13187474.6394778        12844754.8692052        12965690.2909815     
   12181491.1111386        12613298.7112752        13790494.1647824     
   13011491.3082820        12770588.3581784        13437595.5958101     
   13170590.4372041        12650737.7607483        13424888.2070620     
   13552530.4211390        11974810.9120019        12995446.5752370     
   12892548.5777823        12888453.5978431        12588485.9108256     
   12765322.4649888        13015481.8921932        13008579.6685826     
   13589149.9785845        12226482.9412716        12302657.7060470     
   12600687.5146353        12979224.2619489        13344269.9475817     
   12448620.8335258        13123379.9205312        13068357.5117939     
   12823980.3044184        13435140.8891436        13325457.2386660     
   13286887.2552172        12344775.1243429        12988049.8757353     
   13086214.9565373        13482932.0899816        12424681.0674948     
   13315550.4733696        12527794.5233789        13339232.9132143     
   12734031.8018270        12872231.6114084        12774934.9987401     
   12646068.2713175        12605047.1011771        13257042.7077444     
   12903903.5862425        12886203.4381950        13439344.4937118     
   12906053.2284089        13003744.2752882        12839572.7923296     
   11998260.5171006        12594075.5591117        13113908.7429485     
   12966880.6162848        13394158.2323985        12881758.0996912     
   13080477.0547776        12729338.4992064        12787261.5905749     
   13025601.5860777        12059429.0939568        13244214.9733368     
   13277875.0213016        12025802.2504559        13099658.7693595     
   12516200.3067327        12629188.7807245        13210091.7941029     
   12901163.9979362        12537452.8251299        13424115.7250119     
   12846125.1718901        12837297.1419290        12551066.0982412     
   13274849.0436604        12770386.2424686        12664663.4136638     
   13018051.8090355        12364394.9885378        13295007.9164932     
   13071543.1286759        13372479.8362738        12753751.2170075     
   13593817.5282899        12985242.1650785        11914894.9206200     
   12588860.0985632        13242242.2692652        12345019.8423029     
   12539393.9839571        12804517.6809285        12000165.9006681     
   12735449.4090167        12317385.1574628        12660388.7639449     
   12601121.4823349        13345224.3956651        13459775.2212177     
   13109952.1792879        13475888.3519044        13434354.1618369     
   13228733.5459493        13505595.1547953        13427071.8309992     
   13979303.1759089        13384266.9589112        12396547.2176282     
   12445213.7883891        12930310.0194680        13113763.4394332     
   12879835.4102134        13050830.9126115        13220950.4935564     
   12705658.0272618        13353847.4424138        12841261.5102927     
   12419854.5115997        13337650.2453866        13288494.2348785     
   13000974.3181757        12890174.8504630        13102826.8081008     
   12685880.0513518        12257245.4381176        13369784.7697588     
   13049592.0213094        12874833.2017528        12440971.5201607     
   12406539.7365720        13168089.2992343        13447851.2472154     
   13480701.6014867        13158798.3498841        12201977.9056670     
   12831895.3436155        12892853.4843397        12490785.3729434     
   12687541.0905327        12976880.7147649        12553177.0567484     
   12991121.5840012        12487545.9884162        13068201.6187095     
   12920297.1854818        13092069.1279335        12808131.5715152     
   13194999.8514919        12816321.6767520        13256977.5440069     
   13204384.4353043        13180928.2673967        12598060.5522352     
   12485049.9964075        12819146.7502751        12835005.6766554     
   13329272.9545086        12840103.9135800        12824710.7006819     
   13467054.6879858        13479776.3626190        12637851.1630102     
   13187903.6689419        13201367.2284421        12386597.6017880     
   31320.7284134837     
   44352.1839448365        41275.3797555138        42426.7776636463     
   43028.1551642604        43885.3361745989        37877.0848612659     
   43277.3176659763        43784.2533471695        46398.2102104528     
   40410.7891178212        42933.8136408903        41174.9498896926     
   42320.4590426049        41829.2899305753        46381.6308459302     
   40870.2695616592        42297.4868003531        43027.1958566661     
   44370.5572002914        43934.3270896289        42963.8862455466     
   43543.5973017533        44155.5395122949        39136.1742639856     
   43651.8784170282        42734.5517944199        45241.9266558969     
   42422.4963184332        44986.3304795470        41929.5543822464     
   40975.2491080784        41802.1932983287        44190.5033145539     
   42571.7353802693        46988.9855015860        45536.7199352450     
   41773.7833409135        41738.5883417528        44486.2913178147     
   40184.0019064928        41849.8608361248        40129.3175617258     
   42631.8757750345        42097.2417359388        44389.7149985533     
   40653.0991690994        44048.3522980394        39636.0488447731     
   42053.2630559766        43384.6083114111        41979.1799766862     
   40111.5599420192        43066.6084442221        45201.4485271602     
   42085.1932749049        45200.0543020007        44463.5378011492     
   43898.3924319525        44378.3270982614        41920.3061432466     
   44769.8649540121        42793.5711876184        42653.5838863398     
   41785.4765221130        41181.3811595634        40774.5550023227     
   44284.4992540843        44197.7288433631        41785.4157250851     
   42137.3451449242        44225.1687209944        47822.0612036845     
   46102.4147950294        39658.3979203059        41930.7845992588     
   42939.0339574353        43799.2180599229        44805.3533371892     
   41848.3883342390        39188.7676339988        40229.4849525442     
   40153.8098645702        41655.5411470621        44551.1440872794     
   45276.1424669676        39750.0895448619        45516.4324598467     
   39960.1806770846        42183.9632945546        41992.2132745221     
   41832.6267575175        42314.2244499176        42270.3124421185     
   41599.5093672497        42008.0150126756        42877.5024634358     
   45947.7076220752        44911.7500916778        42323.9700332168     
   44369.3872176990        40688.9156114607        45364.3420625797     
   42180.9874532015        41993.7871161237        43561.4004297375     
   44683.6799535277        43796.6905647388        45699.3498419682     
   45464.3930324474        43916.9424300805        42632.6424435735     
   44628.3255387546        43303.6703723115        38732.3969152338     
   46321.9201864283        43230.0444840900        40731.4053016408     
   42402.0635770119        41748.1968972356        41079.3463287769     
   41140.4842634037        44484.8137489264        43423.9198555068     
   43470.9168390464        45950.2187375710        42753.7243103209     
   41392.1478322791        44316.4082582050        46507.8407946382     
   44677.7542556084        40035.9315512776        41413.7108650834     
   43028.5569087304        41548.7655582340        40169.5978974421     
   43155.4422698421        43085.9157585116        39676.8220943145     
   41955.8112656094        43667.8580510792        43264.0795726024     
   44897.5558306784        40601.6484763134        42306.0353583270     
   44358.6848619569        42166.6663851174        41177.8187347725     
   42307.6770151293        42410.1253742922        40825.5775369809     
   40877.0474459448        40998.2666067525        41015.3451272140     
   41444.2725256626        44891.1285033628        44654.4091955774     
   44673.3892584107        41763.9505443388        44931.7542349704     
   42394.9124960531        44125.2394509195        43439.1723442952     
   42417.7719129866        43955.0272417329        47568.4424766454     
   42658.9003985772        42343.5642408436        41459.3562831334     
   40895.8547675256        40836.4655106615        43863.7337915412     
   43771.9013289784        42652.4398800091        43095.0042710384     
   41163.9497521763        42478.8980849117        44919.9076886532     
   40916.6285603839        39219.9626684332        40166.6392769045     
   38074.9242799386        41250.1085452301        42903.8112895420     
   40888.3966987183        43415.5859811297        41732.9091979843     
   39363.0548665111        41729.9211020295        42039.5653801708     
   45044.4473513480        41699.0786214591        41460.6451526540     
   43398.7791418595        45575.1693492071        43586.3088789936     
   45966.8960514387        40072.4435051520        41249.5396909437     
   42516.1067836105        44573.2238831908        42399.1840686967     
   45048.7188847700        44524.1739283918        42380.8119686607     
   42834.0649914153        44601.0856805704        43411.8036221612     
   42909.1995670608        42369.6623317128        39425.1530791420     
   39045.7094601511        42523.2432445447        41796.3863240231     
   44185.2455808460        46738.6889548676        42858.9562808313     
   41939.3539246652        43819.6949763765        39601.9666960191     
   43103.7172618725        40031.2093666338        41480.0096358833     
   41126.6682458061        42042.8740291848        38735.3081858616     
   40145.0427208939        40845.2546547822        43075.6832805440     
   39417.5903205085        43036.5096561050        42218.8792239963     
   42451.8938779489        44476.3545316926        44843.5652699273     
   45708.5100605948        43588.3094306705        43705.6957027568     
   40784.8706818733        43866.5364027445        45370.2555491651     
   45024.5879547003        44543.9592531923        43782.8915097839     
   42969.1577234272        42487.7547695227        43037.1610926568     
   45406.1613095879        42719.7682901478        40090.1920923511     
   43709.7650222307        42335.1565912512        41975.8799186042     
   42767.3141102933        42821.4277811196        42157.1009619401     
   43464.7676533045        43140.9044972606        42892.5652561280     
   42194.2869413952        43273.8704682671        42438.8800831058     
   43994.2852655764        41715.7860243685        43538.4625120415     
   44562.4688599789        40404.1439288568        40945.4452860570     
   41754.3728635677        43817.2711347068        46477.5499568125     
   45017.7471797567        39620.5578378094        46794.5549724200     
   43175.9317772321        41571.7367839993        43437.9554606757     
   43455.8392969672        42465.2730456192        44216.2729133633     
   43105.5152643449        38002.6644414963        42468.4861137370     
   41881.0621291124        45585.9467874934        43530.6867904719     
   43569.7855176889        43574.0515068811        45161.7874774823     
   42282.7404985647        39425.2021410615        38952.2667580807     
   44671.2655183313        43332.8387599918        44371.8044295600     
   42977.1246215224        42680.8383637921        39373.3780099415     
   39695.4376988920        43309.8037022824        45636.3753703448     
   41926.6323304284        44021.2769308658        41805.5013126931     
   44359.3899389900        42749.0653468229        45511.9855758639     
   45534.2492735113        40347.7449343766        40698.6008118585     
   42217.3809518059        46432.3374585795        42198.3857135652     
   45493.5302268222        43473.4536616615        40278.6587074148     
   43972.3104762494        41721.5151337194        44178.9022433111     
   42979.2122274293        43736.3556623266        45609.9096645701     
   39161.5093692969        39070.3775475704        44112.4829738312     
   44382.3841317906        41664.4382507948        43562.4146720309     
   45243.8072737230        40684.0970784746        42901.9829906327     
   44411.5603570371        42265.3790762903        44343.6733356311     
   48257.4965839887        43128.5529129460        44143.7313342429     
   46056.0992044986        41897.4843368302        45419.9832931312     
   40274.7197306828        42851.6092958085        44350.8764014995     
   43817.4815867377        44707.9082080490        41536.5786144976     
   43606.6006332863        42569.0876885048        44787.0046693394     
   46233.5827615928        42229.6408679811        40701.8777724845     
   40322.6759467892        42306.1337282223        42359.5044647281     
   41677.1443529469        43522.1784779758        41332.7860883126     
   42956.6363819377        44303.4948228786        41735.3196520779     
   44468.1950417073        42059.4072821071        42673.3652536374     
   40351.9182730045        42895.2418130404        43446.6778753547     
   44368.7703674443        41637.8026711142        41755.2679997293     
   46710.2806660252        42354.6782425745        41432.1743963538     
   44021.5756197708        40273.7439112564        39495.5964685224     
   42677.6823619030        43917.3169189460        39992.4910938721     
   44354.4951787414        42062.3312685058        44434.0466676092     
   43542.6052471925        42731.4540989675        43860.8886914296     
   43509.4754548273        41136.4331504217        45532.5211711691     
   39773.8954814794        40379.9679904835        41336.2977884317     
   39410.3362678009        40330.8494031616        39080.9094034899     
   42650.3739896832        43049.7802125780        43103.3323123680     
   40851.6141571415        41166.4414544814        41018.9723355178     
   42074.0723478244        41669.9173099702        42608.5666083933     
   42936.0754091548        42826.8786085846        41530.0498667790     
   43807.6342078270        44844.0035225869        43772.1810316581     
   45742.7829064871        44046.2093068430        43626.4232323158     
   42382.2457137287        42005.4345473354        43100.0248252138     
   41295.1702235191        46955.0151057766        42211.7625919573     
   41431.6890284654        44393.2456822931        41072.0260910165     
   41830.5859739247        41969.3946011075        40853.6279345896     
   42106.0980741224        41347.2446581203        46638.2108471045     
   42236.9215347102        41946.0132552816        43531.1690087451     
   40637.6499548616        45693.2481731052        43491.4679391662     
   45710.1111950729        44196.2634084266        43300.9118182420     
   45363.3910351214        41600.1218104762        43386.1030867618     
   41222.7073848665        39220.6423702514        43301.1518083879     
   42427.1189456313        44596.1689279498        41583.2739555478     
   40950.5586293439        39414.9508311109        46613.2658326247     
   43458.9740557873        45441.3473158769        43570.9824299860     
   41251.4150936823        44255.4176349181        41471.7878784384     
   39596.6611567082        39939.0909259209        40705.9951533817     
   44552.9741444265        42148.0092275236        39570.9318434413     
   41788.7711996204        41479.7788299623        41051.5133026460     
   43133.6748535615        42793.1250481109        46714.7236672398     
   42635.0231523646        42701.7720097117        43996.7242806794     
   41111.4746575501        42228.2065072288        42822.2912290467     
   39983.3339572523        42439.4240368365        42388.3889818920     
   42384.6465910075        41385.9948807778        46863.2811550434     
   44106.9592778767        45816.1673239020        43096.1402812978     
   42520.8995528737        47217.7371806188        42718.4551375687     
   41744.5993259765        41271.0874651518        39529.6989089705     
   45871.6483080224        42076.4150135747        45560.0384681167     
   44510.3855276248        39953.4100359245        44595.5560080740     
   42348.4269128333        43513.4862284349        40535.3696498029     
   46254.9073500995        43416.3429530906        43889.1386934743     
   47357.4932155762        43077.6243566363        41576.9018733590     
   45816.7204072164        45372.8218450531        44042.5963220831     
   42700.2960188577        43140.5328517457        45115.2384208268     
   45725.7473043995        41365.2660602655        46443.8891704399     
   44722.2071710690        42343.5067883555        41001.9096143127     
   42737.0115901610        41848.2464857355        42210.9983731880     
   43603.1986043364        41060.3370288387        42874.9054996869     
   46965.8574038184        42059.5633464229        42379.9556813304     
   40921.7854895961        43522.3990069786        43443.7346262946     
   43374.0131390519        41882.7822169699        41364.9767796313     
   45112.8734880612        45142.6964699550        45761.0675078048     
   41310.6142192180        43518.0021860847        41980.8526709686     
   42870.4654552689        42731.5150672989        43826.0382820438     
   41007.3209223045        42602.1049450675        42973.0458326517     
   39854.7023030403        38166.4976793566        42635.6835274005     
   43375.3558796438        42418.9825384814        44882.1223939232     
   44592.3019021179        39573.3529796277        44541.8445883859     
   44738.2225149667        41654.4181937941        41953.1723076307     
   43261.7740867612        44977.5270266667        43392.2861181172     
   43267.5953109100        40939.9178863642        43347.6031046545     
   45591.0717980228        43228.2821330648        41194.5444662517     
   46410.0060345993        39010.4012349988        43787.3347230531     
   43998.0010773512        43760.6515232903        40270.3370885076     
   43512.4958916362        43398.6469821642        42967.4868115347     
   42954.2692497544        43474.2052929234        44501.8365882463     
   45162.4283650683        44788.2902068708        44409.5168261804     
   42476.9281573467        42716.3094253951        39323.6665404702     
   41687.0404621407        40863.3079765088        42488.4395923755     
   41532.9451364520        43138.3375180037        46843.0794438552     
   46599.2268969381        46519.5252804534        41824.6851252176     
   44243.9823345533        43325.0688821720        42378.4730047368     
   39843.7956877335        43862.3171336709        42953.3217310182     
   43415.8265702843        40293.7159330025        39103.9915399597     
   39644.7289182324        43483.9543875613        45459.2412037666     
   40723.0298437032        45253.6165697552        41304.0661881974     
   39528.2504829112        43104.9855679423        40565.5144834473     
   45932.0874641270        43942.5072103184        43692.4613050352     
   45658.3114391839        43022.7730571905        40418.4449434452     
   42801.3953825987        45723.2893736771        39855.8089193946     
   44174.5121211972        43105.0432053876        41140.4641461843     
   42295.4618486274        39758.7425445802        39150.4597448539     
   44254.7529543851        41085.0850638335        43958.8753104255     
   44486.9634134952        42403.5371816387        44124.7536769894     
   39847.7253615871        44250.0195450732        40689.3537920186     
   42919.0437031743        42312.1734050606        40978.7663715286     
   38545.8005789099        38350.6026009043        44074.7983282554     
   44190.0414515295        40766.1318975085        42583.6561138740     
   41106.2747245405        43577.0055380321        40578.3493392756     
   44437.4207053472        45360.5956147412        43443.6237761389     
   42577.1809840784        41659.1230842121        42969.0520900197     
   40321.6222561886        42261.6383126565        40972.5966364725     
   41715.5581540678        39737.4826803388        41837.5082733840     
   41573.0828953945        38156.6705349418        43655.8910217446     
   41782.2694260357        43895.1238829875        45754.6668253544     
   40415.7755343097        41318.9107477509        42846.3173745102     
   42080.3253710817        44449.9261387683        44515.7833745385     
   39574.8431575503        44137.1503266813        43788.5725316732     
   43945.1864314467        43987.1582906099        41779.4231262392     
   43458.9371723334        46284.2525641932        42636.1554093878     
   44250.0773421756        43637.6124061465        43980.6991165680     
   44083.3176092386        40122.2853913580        45979.2259662071     
   45175.3503975459        42512.1786088763        42739.9998068209     
   45332.6698459073        42915.1118189687        44264.2061289287     
   39428.7000745177        42738.4315146959        41141.7959708284     
   41940.4035652927        39145.3893903461        41920.9538613871     
   40005.2212802111        42229.4926597737        42926.4086702083     
   44459.3004767043        41403.1987092567        43832.1039967757     
   45091.4177258559        41975.6937958935        43003.5753106447     
   40409.8132781508        44629.6688588760        42911.9605376701     
   42285.9132679507        44727.0194283707        45476.8860871367     
   43410.0029020699        42141.5236388318        41510.2541811467     
   43226.9929189164        40248.0065595762        44502.1234945287     
   43558.3877068513        41118.5973307630        42396.1796995883     
   44094.6162849844        43458.2248227987        44740.2446657161     
   43687.5990602775        43270.4043274950        42075.6882178413     
   40697.8419068792        45344.8583681010        43198.8927788965     
   42172.0594852141        44060.8823141350        42892.5704636443     
   42063.5348914715        42428.0002487077        41895.8377054374     
   46405.0589048076        42119.8556226426        43451.0093377345     
   45741.5574686526        40488.2108205585        41046.6338113914     
   45925.3367955777        42936.1278472154        44664.1751394294     
   43209.8800850158        41082.4425023106        38977.7394853861     
   40447.6205117378        43127.9090432871        45450.7946917331     
   43108.0085752474        40509.5880696758        43980.4520270500     
   43972.0500380943        41169.6092147587        44542.9869164597     
   44355.8165195443        41457.7970614534        43400.5768642108     
   41571.0883321090        42501.0584208332        42549.4491735083     
   44239.4618881939        41307.5183832059        43339.7465517199     
   43640.9810704168        44693.5356939858        43748.1374565844     
   42741.3703617753        43353.8420681811        41490.0554433169     
   43156.6809477250        41919.0257169834        42727.9553878354     
   43827.3322969197        43010.1477235942        45191.6659743012     
   44716.9377920307        42391.3854683618        40103.5590734421     
   45796.4063853534        44471.7578985063        40149.5542680542     
   44738.9653689336        41905.4474074886        44988.8868306498     
   43438.0821987953        44841.1104413280        41561.6817214724     
   42509.9819006749        44442.7630020011        41180.7460170323     
   44166.2193889347        46269.5208945292        41995.5658907950     
   41229.7940766436        40972.4959248594        43393.0774727068     
   43037.1455316344        42786.7578441112        42665.4899924244     
   43952.9932687928        43371.0195881807        44531.1502892155     
   40662.5308630249        43917.9835921419        45332.4104789034     
   42750.4431865267        42748.5565420178        43381.8270699484     
   42785.7172086213        42702.3845766057        46133.0478620775     
   45452.0763457991        39127.9310201548        42927.5188474699     
   40885.5056470281        43664.7430913732        41949.0752095742     
   41102.8716837611        46045.2235604562        42237.9743814657     
   47070.4177418085        40035.7174823545        40991.6620782881     
   42876.4328299094        42593.2509375634        43391.9639579085     
   39227.4904126186        43630.4617233205        41064.7053950031     
   43170.5685248360        43104.1759326102        44673.6537131494     
   43610.0395348502        38961.6886707707        42541.3378034601     
   44062.6675660652        44933.8031800352        39742.9250551202     
   43196.3207401182        40108.1968619386        45354.3802882524     
   41742.4013377822        40924.2532926453        42406.1193741344     
   42294.4586177477        42389.7296323325        43746.2856589899     
   44125.2086411559        41883.0371488065        44548.5110054844     
   42963.8712538351        44147.8783608289        44478.4858323426     
   39910.6548788478        44614.8578022899        44012.5436912066     
   41425.5201492371        44926.1227491967        43068.8122449757     
   43258.2735583244        40993.8602364911        43420.1911931474     
   43756.8445795508        38889.7267133550        45157.1491139419     
   44174.7234973729        40135.0325668197        45135.2467002601     
   42199.0585193020        41666.4024214061        42536.5554563200     
   44907.5993406847        41555.8230317727        45207.6916580178     
   42316.4729063556        43451.9766526851        43201.0360343804     
   44792.3257653352        41144.3258445591        43059.8532254556     
   43310.4666354982        39415.4714280728        43843.5924900556     
   43685.0204967497        44435.2964841629        41776.1117107368     
   43873.0726130099        42467.0966413410        37495.7718741893     
   45025.9092873423        41248.6616798062        41712.3277063736     
   43458.1704335357        41994.6013734698        41497.5045057744     
   43019.1072278134        40211.4191667782        41313.7174984374     
   43158.2064943159        42799.1273281863        44573.3899306149     
   44071.8327834519        45542.3841848665        45483.0773935169     
   42815.5568986776        44899.5185288079        44664.5530118813     
   46995.3827510571        44829.2300374631        38195.5761019670     
   40219.2562078631        44088.5198465684        43295.3473878278     
   42734.2002528232        43395.6629312230        43886.8088899605     
   41811.7196950357        46798.7293256237        40881.6754927705     
   39424.6445700612        46199.8945352726        44497.6152611222     
   43686.4021077571        43349.1162933762        43057.4628910681     
   41861.2422910188        41084.6931464493        43229.3780818021     
   44273.8243526209        41617.3186385044        39925.5286908776     
   40864.6330049432        44551.6679673800        43939.3270897789     
   45249.6319085561        44187.1627938624        40858.1793189271     
   44490.3579938507        43110.2783451028        39682.6135214978     
   45280.4648589494        44424.4262083287        40967.5802623224     
   45402.1025452639        41822.1282486162        42023.1685473491     
   44189.9904595041        43935.5635761358        43436.6405929661     
   43648.6255828574        42675.6614490536        44407.5720125295     
   40600.4041683131        43801.1212230963        42363.7247368020     
   40277.2970291294        41847.9700440442        41312.0037695383     
   42109.6462036180        42329.0175926826        42358.2828774114     
   45102.4100446127        44158.3522674792        43017.2276480872     
   43832.4519440869        43824.7254203394        42572.8518878123     
   1624166.00000000     
   35379.3525001124        18464.6991984720        20819.3357369531     
   33778.4970034687        32977.0657005053        27412.2065386291     
   24602.8110727870        32874.0712593351        46588.5932370311     
   28410.9106660279        35369.3541223879        30343.3852186516     
   37583.3443362974        37945.5903931883        34741.5006037135     
   32021.9790313212        26247.0424311578        28248.8365914258     
   30795.6538437541        25550.3339134694        34731.0004486681     
   33620.9575090985        30566.9548915635        21469.8435724421     
   39232.7607269826        32501.1949569824        29140.7550712310     
   33863.1858646041        20677.1840804193        31263.5147344902     
   26745.8276723282        35324.2499165560        37346.4682722131     
   24205.3290973723        36524.4269304085        40272.2389077787     
   41489.6621939888        35014.0028575710        43501.3989789458     
   33508.0204432393        30733.5449620524        25214.6263015426     
   24843.2739154974        36130.7547457625        40747.2361870766     
   28084.0863711129        32171.8431911184        24342.2399685561     
   26670.0407125498        26567.7710608429        34298.2453860393     
   37778.7773105568        36278.6861336577        24251.1952613579     
   29547.0088575862        40677.1917899689        33580.9639982002     
   13592.2927392304        35107.7237104799        38956.1699171782     
   28577.8724234211        32407.7900379421        27108.6126752303     
   29242.1512587129        33911.7467586455        29910.5372342968     
   31749.1794279403        37197.7191731286        28824.3380096353     
   30588.8844189148        34275.5910692247        39238.6147957247     
   36322.0062423490        21239.1375109685        44434.3516929812     
   45105.5253203470        33708.9357993366        37296.3091244833     
   29875.3570688086        28501.7137767384        22976.1047519520     
   30929.0336893474        33653.8518001254        31940.3565871459     
   31290.2576072516        33830.2729892319        41928.3642470858     
   28721.1205563226        32765.3714241845        33024.4186121079     
   37661.9561165482        32101.7802096656        32375.5090303072     
   40187.4385405720        36796.7619251591        32553.5098887569     
   32546.0389819813        42244.3538687416        35383.4224717141     
   38916.5852618746        31314.7146055518        35158.3660511852     
   35193.0816080430        30247.0068043773        39619.3151074120     
   29712.5396203980        36937.3710810403        27145.2610039902     
   37041.8151011371        34717.7312261861        34452.5512043425     
   27248.5156259934        30585.1117968365        24012.5908531688     
   34779.7843548521        24898.3950833990        25847.0329847942     
   45736.5753463980        43595.2685066164        23925.0957559062     
   36155.1931597176        33672.0644584341        37432.1606879900     
   22194.4657766404        32559.1037766660        38437.8525291890     
   27755.0505391176        39847.4007762106        41497.6906311208     
   27499.2927802970        25238.4886007960        24447.0928442476     
   25873.6085984487        39586.4765694207        30435.3219744201     
   34465.6717520628        31430.5694136094        41837.4310459588     
   38519.5493107451        34811.0432235003        34619.9404016755     
   25734.0215815542        30659.1332438197        39789.0831009323     
   30444.5955626814        36857.2539688273        35671.1638886462     
   29283.1669085979        37240.4817514636        32312.8612025943     
   36736.0654536936        34021.6359918897        23202.2018958128     
   28034.0387294545        28423.0462434520        35633.0288122692     
   28600.1364689862        24101.9815536431        32757.6589209211     
   37924.1068901221        29904.8318403164        41802.7712421366     
   18073.9075873340        22503.6163592579        44560.5579813224     
   32005.2159519391        38085.5676813322        30858.7662800973     
   29508.0746543650        23844.2166855394        32863.5711042898     
   35927.0889065738        30583.3834527317        30412.9650071289     
   35895.0494954267        25271.5687352751        30646.5702264558     
   34219.7079431694        28355.4178112221        37981.7183602822     
   20387.1753733711        29133.6558513597        29936.5367332497     
   39745.1497088489        49232.2720966093        31506.8395663633     
   31197.8562428528        40742.8874502967        39794.3796393180     
   27540.9217135740        30850.7378429653        33441.1725535084     
   48413.7617803952        32628.7579025241        36918.9354105891     
   42526.1668795508        31844.4985345375        40270.9937566494     
   28747.3244830728        29455.0163487821        40185.5243530151     
   36027.4443707237        26414.2272006935        29307.8283346955     
   31022.1412588643        33142.8194754596        31498.9040509574     
   35472.8689252240        29211.2454926238        27280.0160911293     
   24346.7373800977        26046.2014124414        38318.2808520888     
   32848.4434472864        33949.8446663321        41755.5670052958     
   34169.5487954396        42797.9815126355        29672.8062903327     
   22828.0246892952        27787.2386250264        33302.3289104224     
   39604.3918782060        27894.7490620834        31370.8393280950     
   28304.7011331359        34180.7179869126        37265.3661897038     
   25437.6756127884        29474.2511460775        36439.5708101662     
   27387.4150221150        22138.8242470728        30771.4198575964     
   26370.1451338484        39463.0951015519        35085.3295744983     
   25675.9640871089        41297.6301549034        42138.3487636469     
   34184.0817533961        34921.2112219227        30506.8717034900     
   35153.0509284543        26429.0017551378        30172.0189714430     
   31764.3256692888        38362.7531901834        32312.6196061066     
   37235.8914181960        29199.7975359726        37780.8215885302     
   36040.1003098138        28496.3429009719        29417.9963331179     
   36114.4376906656        33282.1463115211        26513.6534475828     
   33389.3408147094        33827.1694035814        24335.6239416603     
   34689.7432022954        25893.1407452675        25989.8350934105     
   37335.8194424060        32682.2250637018        38360.6531591743     
   25288.2574772763        34406.1460943457        50914.8057904640     
   31619.4606983538        38111.1769090357        30275.2550091010     
   21790.2190995682        30634.2488055796        29789.1814600562     
   35352.4795369345        35678.0400963750        24062.2296392326     
   26648.6315468645        25960.0258036889        35829.7255220031     
   29258.3196390482        41725.8506373002        31507.5829401719     
   30485.9271464350        29203.0683807301        35264.2224815182     
   26891.6032761786        38323.1685348798        34826.9328386574     
   31269.7590744817        36395.5259120115        30236.3579745703     
   25805.0323646129        44169.2088398280        26285.3075979512     
   34432.0340872274        24297.6189556998        32294.7228816665     
   31789.8048065758        32207.6923930342        38704.5750516853     
   17611.6034158166        28074.1623307692        32405.1882296123     
   36119.8271507773        30083.7433316815        30282.1869698654     
   22217.7519611922        39679.7513980445        45569.9481072187     
   36243.2457873365        31754.9405749563        27571.1956119259     
   31692.8316932546        22615.4011957138        31295.8886638511     
   36936.5162011605        37384.0272338885        37429.3358675176     
   25864.8367875082        21975.7466178291        30635.8284749227     
   38102.6838632733        31491.9349215026        34821.8407280691     
   40435.1306935702        34826.4682300271        32455.0128591282     
   34401.2398272095        28304.4967053386        29858.3338085936     
   29578.6022444482        29481.5547937462        39738.7009410600     
   42874.2330810442        20164.3304899226        32540.3707566913     
   33301.1395123288        38608.3453121726        35940.2652073298     
   30321.1583417770        37611.7969688184        42204.1001770104     
   35026.6959653514        32621.5285922363        30163.3586665738     
   31241.0090924373        24683.9317396415        29531.5652667142     
   39595.3041333969        24586.0665777501        28256.9579502838     
   21461.4062797154        32624.5392561608        40627.4414978339     
   29530.8033085605        24872.4141687913        33038.3568710176     
   33053.2615158784        40251.7961280444        38518.0625631281     
   32076.8400183898        30167.3171321041        44992.5696701427     
   40220.1284038016        34210.0069149682        32655.7052030829     
   50254.0022277270        25973.2021044449        21627.4016511575     
   36704.8437537359        42758.8242972718        25435.2038948751     
   20406.8747792969        30486.1315742323        23961.3166447262     
   35657.2999671174        30379.3459266387        28953.8894801148     
   29647.3085687005        45960.9627304992        31015.3951415520     
   24206.0910555260        25030.9758021482        28137.7579600880     
   30479.7943125147        25253.3189082759        24504.3883805392     
   21098.1752525283        28189.5339458512        18639.2433687121     
   32895.5175937108        33719.6403821792        36019.2300901396     
   28039.0379183168        30311.4387292306        32339.4739849393     
   30497.4494404670        27039.0143024077        24460.7337536339     
   35569.1544177723        25774.0894298333        19238.7557609367     
   39563.2089692141        43734.7440174396        37474.1055551356     
   40482.7809546962        27912.5528647974        41599.2354933644     
   38472.9026042606        35461.1979564303        27028.1796291486     
   34723.6410479638        27979.7538570874        31880.3105677629     
   26226.3208862453        30229.2030016633        36930.4391202759     
   26325.7471331346        36152.2382488287        28820.1193632720     
   39132.4981845587        36933.2639407483        42229.2633804287     
   22485.5337913656        44661.5824819000        37690.1671525814     
   32997.3226367874        33627.8708855177        31636.5025429141     
   39274.4639976405        25676.7260452627        32568.4702866533     
   29716.8326041421        30220.6913715557        28555.7756369629     
   32425.5752563109        24910.3262330257        35645.2573114194     
   37523.2053951883        28991.2625983380        37310.5261485712     
   29171.7723433914        43378.1104328030        33085.8770417271     
   18757.7185694446        41706.3370748266        32003.9708008098     
   34171.7231638295        40443.0476246309        40010.1624715856     
   23844.3839446463        28016.5508606091        24865.1105211226     
   38673.5763638700        25847.5161777697        37005.8729774953     
   33014.0485474790        34468.0319639049        35188.7328712632     
   33373.8600551470        27059.0668108925        28690.8280736254     
   30574.4257983391        34184.1932594674        41090.5447961954     
   31096.8131579300        39971.0424249124        29399.7279217735     
   28309.1427916418        24197.7281001802        28542.4134927548     
   36465.6446465000        37552.8474258029        36091.6532834345     
   32729.9496622086        46059.7942783417        41146.3907535604     
   22250.9621860878        40450.4256096805        33835.5695276176     
   33745.7699715487        42610.5583911629        20273.3090902514     
   36141.1248103914        30553.4812412841        26200.6559055062     
   28994.7192865476        26446.1365214241        30455.2258081432     
   35253.1462117713        33840.0669391592        26750.4180055958     
   35506.9526143446        30914.4078096648        37140.7024020153     
   37323.7953710533        38532.2610028708        32601.8849393462     
   27182.8757187012        29405.3218096826        27592.8463740990     
   30375.5547202153        27818.3488189129        36374.0052402549     
   39389.7426909964        26305.6388716142        42903.0388161243     
   31270.0935926955        33920.6672443478        37327.9396800358     
   30206.0097388375        32595.9379488780        26108.9979149159     
   21036.8654976708        26853.7283806346        23656.3661241269     
   36530.3181678410        36333.5471207263        41383.0252211569     
   25263.5217137979        39071.4671948794        25309.4993838547     
   37549.7252558071        40189.1111316412        25965.2108360033     
   41340.0024619889        38960.1655513990        45055.2360822008     
   36662.0997597461        36057.7926064565        32224.9386653919     
   23113.1271292071        32405.8572660400        37771.3435724716     
   33555.9680538888        38733.0276842063        24429.1031980815     
   34149.4777026096        21698.8584585013        34841.0569410192     
   32360.3442046134        23162.4313970570        32342.9492574941     
   32175.5043071254        27808.1645977362        27956.6721003329     
   25147.5925683595        37370.4049088474        37698.2327584038     
   30955.6093030020        39336.8702288656        40298.9631961949     
   27412.5782255333        43816.0133590559        29733.3726713817     
   39298.7165681434        31003.8170944844        38697.1598979453     
   20843.8484882890        27147.4353723801        30530.7340027434     
   30288.9702558681        32811.6464437648        42044.4048985955     
   42611.3575180070        34228.4797541099        29760.3199719405     
   35348.6883305111        42503.0851227964        29013.4523065223     
   45429.5247947896        36054.1314904495        39244.4688644668     
   28653.3620336761        31565.2129946772        32579.1934538412     
   29920.7400398187        34597.8993682530        29138.0231724847     
   36231.4633124715        28479.8957554584        39151.4356323307     
   36555.5928773307        41256.1684807333        33611.4609086946     
   38909.7833915267        32672.6355415719        34040.0159093053     
   41213.7032519217        37944.0293081904        35481.8265796167     
   26302.9998945940        24654.6242272407        34605.2959376477     
   33818.5648517478        27422.7810310552        20508.3081354692     
   25801.0553147373        37313.7784089835        27325.6406586271     
   29694.0853656015        34474.2019665156        30839.1226272072     
   34067.0189628998        33406.7357618287        31526.1487010396     
   29316.4328865291        33003.6041454694        26199.3921700317     
   34485.2782362625        37511.7202698467        26297.4617597205     
   36693.5444718464        33194.6883829490        32923.3755271851     
   30684.5194593806        18628.1670989651        31338.6326578409     
   36056.6032083629        22803.4561849236        36194.6477246047     
   37463.0478697339        46943.3126341107        32724.9318890011     
   36058.4802272294        41906.4533040797        34739.5864161565     
   34505.6838473063        32411.5626600203        29196.2850947273     
   24515.3903129052        24886.2223372845        40822.2426043560     
   43800.9600394334        28441.8164321171        29906.1141601361     
   27911.4935571203        22584.8857008741        37585.2771081995     
   37072.2376742507        46510.5947401723        33326.5814809253     
   38143.2906575636        39349.8792705146        34914.1677550870     
   26216.6941954250        27049.9976504286        33044.4339519022     
   36431.3936982725        25383.4093247666        26425.0432896074     
   35527.8414183639        31963.9401212211        22712.8575020105     
   32653.2149008244        20697.5153540822        30830.2950632310     
   23135.4469278078        30764.3763907607        24371.1014566719     
   32183.9787685425        31988.3413664858        32377.5904769711     
   23988.3382826659        33374.2874950869        36868.0328890508     
   33027.2991856159        28227.7433596091        28147.1244700753     
   34476.6736844289        29010.5345643239        27578.6851030467     
   45856.8532286163        26917.1195821560        26430.9716957304     
   27786.4023294919        30286.6100440261        26106.4518596218     
   34214.7273386523        29581.7429987892        32862.8834835169     
   38957.4894056883        25930.3651887290        29913.9939225064     
   29520.3031535152        37671.8058195110        28171.7301431372     
   21799.5484408651        32873.3278855266        35070.0160740428     
   23421.8688562299        33348.9198638713        39331.3506783373     
   24674.4351392377        30377.7848416408        36447.1160543226     
   31468.2956343917        26309.3557406568        32694.1933820189     
   31408.6584706033        30186.1988268405        35959.0353959949     
   37272.1866443969        33557.0831146015        40607.6305858369     
   36432.0999033906        36253.5786832750        24504.4441335748     
   30267.7469336349        27153.1593507057        36084.7956600509     
   38531.1645265032        31469.7637976635        29701.6863627936     
   34957.4321107428        30433.0175156137        41157.1510894387     
   33351.6145939271        34463.2557871851        34896.3267836826     
   20696.4560464051        35614.6117261632        33447.9744238563     
   32349.6210374256        30405.7914498767        39390.0957935555     
   31345.1371786654        38950.2786797457        29627.1445541444     
   34976.8155827999        33222.4719790423        36171.3429557076     
   24292.1551582072        24860.8918747592        32940.4731247810     
   47997.4538632798        30930.6876960714        19411.7574305241     
   31967.5826528829        25335.7962323310        33168.7074683412     
   36391.2700969577        32891.6148812161        27320.8830662526     
   42207.9471364694        26793.5336864899        30723.6766747443     
   39337.6136026741        31301.1108648560        31649.6230906345     
   30767.7587415894        23714.6466307147        16255.2435647944     
   44986.6970170554        32830.6582289176        34331.9573882556     
   38634.9023414819        29445.2038145096        39190.4627572779     
   22810.5925734854        31604.2029509340        36426.0785755416     
   21187.1756817531        36363.1705669957        31369.8729421439     
   30597.6748142005        40235.9808502682        37110.8001905676     
   31168.1956278929        28215.3290170068        43347.4276788564     
   26122.1928000171        31591.0452345232        36302.9758728510     
   37995.8238782989        39895.7014894191        27828.0870158045     
   33363.4714061730        25028.6155903061        37272.1494757065     
   43538.1402294318        29324.7772575297        22278.1139144439     
   24737.0643826053        34596.1152711125        36068.8502918582     
   35428.2107436773        33416.1951935421        24368.1093770926     
   27304.9562824051        33546.4714534849        42595.2634750526     
   22137.5419272531        39301.5785573062        34056.0356148789     
   25467.5592398909        38601.9708817645        23517.4853123505     
   27753.8983097144        34661.7737627499        41199.3747217625     
   25295.3009441120        29967.0708124346        28971.1543368176     
   24324.1945693544        26572.9560931573        28858.2916083394     
   29398.7801201677        28716.3257952576        34022.7138839121     
   32276.0456147275        25114.6053556065        35791.9063794948     
   32759.9262110371        30293.6720952070        46780.5137700453     
   43724.7084710246        35108.2254878007        26197.9425911051     
   28371.1029985818        29191.0814780677        33700.7958561333     
   42238.1095287501        30905.1156370584        31466.4000311800     
   25272.2191873575        32372.6656254896        22205.6349681134     
   36208.1213748841        28399.7043058645        37894.8179620665     
   44187.4586668271        35604.3159989152        30973.6361178585     
   29669.5726142656        30400.2718993485        34507.2263479590     
   35265.3747109214        34982.8926636845        29388.5587303005     
   30102.6436107630        37840.5888427351        30446.2495694053     
   28500.3385351927        32661.2433379564        35464.7475663659     
   32772.6007344724        29367.2796550317        27952.7322191478     
   24320.4219472761        28436.1853755176        26614.7151168508     
   21629.6317725831        44596.3700145477        45361.6547660719     
   34899.0215137385        27755.6452381644        32875.9668625468     
   26306.2707393514        32154.4110753087        36452.2081649110     
   38102.5723572021        23649.8987719928        30079.2645044852     
   22362.8027755793        32198.9577507841        44671.8596248028     
   22569.4049413117        23273.0082510741        33874.0019535180     
   34921.3413123392        34037.5256070468        27665.9571881667     
   29516.1588445327        20872.7285607500        26241.2255311061     
   37187.3305241546        28524.9442082546        40363.4322897387     
   27227.5524845932        26600.0706528230        32309.1815022422     
   45681.1754133182        30559.2052196097        20057.9908666141     
   35456.8492196505        36209.3479416681        31730.5764983821     
   23327.8506537975        27176.7057160905        24627.2494867420     
   29906.4300940047        42447.3135028123        29849.8221784860     
   32255.2497324342        40261.0883006509        38420.4947507601     
   41691.1722491329        30575.8010398848        37102.3443134957     
   36553.7530271546        33187.5519943872        42548.1707442830     
   33101.3392169443        46564.4335882543        32825.1944314250     
   29121.9662982207        26924.0143742300        34621.7616675064     
   32086.3552031389        35865.7605673710        26278.3756371868     
   29348.7696471996        26937.8597114137        31554.7128396319     
   30686.7309964609        33814.4391271105        35148.4420108415     
   30353.2720903049        33846.9245625428        36297.7536718461     
   40819.0089282890        29411.1572940795        32067.6593518546     
   32755.4659681860        33523.9286427416        29083.0878480352     
   31552.6685616585        34191.1252202319        27765.7551219603     
   27387.7867090192        39213.2843331994        18616.5518832070     
   25552.7127096566        35784.3053823027        34083.6705362106     
   27220.1001621628        37142.3192400488        36614.7654324887     
   29972.9806342123        33431.5272783428        34078.4111665153     
   31899.0807564279        35239.5982241110        41900.7664944445     
   43963.8704095701        35938.5926162606        33468.6588000783     
   34481.2826020417        33448.4018637962        30463.5887634890     
   36200.9849863223        38437.1277397256        36926.0346304604     
   49580.4498041740        36941.4410526420        34637.4468548661     
   39021.6983183991        40630.7495112818        28805.7908331128     
   44625.3058400443        28504.7058563177        16328.7446501117     
 ------
  0.000000000000000E+000  0.000000000000000E+000  0.000000000000000E+000
  0.000000000000000E+000
  0.000000000000000E+000  0.000000000000000E+000  0.000000000000000E+000
  0.000000000000000E+000
