           3           6           6           6
   4.50000000000000        7.91500000000000       -5.20000000000000     
   6000000000.00000        901283934.000000     
      984064         915      865374
   48946728.2222526     
   56887190.4444445        56129663.5555556        59607791.5555557     
   57757188.6666668        58896075.5555550        56741832.4444448     
   56683025.1111107        58544696.4444443        57578641.5555551     
   58201079.9999991        55266645.9999983        62016346.0000008     
   57395995.1111108        57536676.6666654        55114050.0000003     
   56198194.4444445        56103999.5555532        60397719.1111093     
   54697830.4444463        56274318.2222228        55288414.0000008     
   58357611.7777760        58113529.9999962        57199313.5555570     
   56845188.6666668        56992454.6666638        55683530.4444460     
   55711044.6666679        57583394.2222237        58148473.1111092     
   56153787.7777803        55901359.5555535        55127079.5555581     
   53868380.2222210        58498953.5555575        54416557.3333318     
   58471224.2222184        56145109.5555589        57583807.9999971     
   54602136.0000022        58668873.7777773        55331897.9999972     
   57936028.2222206        55851707.5555513        59375866.6666659     
   59215353.1111134        61322290.8888926        56757879.5555608     
   56043594.2222237        59353247.1111116        58996389.3333364     
   58808277.3333318        53156289.1111090        57268299.7777785     
   53700679.1111149        57247765.7777734        56691411.7777850     
   57211178.8888916        57816834.6666635        59812726.8888887     
   58093649.3333275        57472094.4444485        56931286.6666829     
   55248317.1111169        54208441.9999834        60060370.4444447     
   56156457.3333385        56024886.4444461        58081616.4444490     
   59811975.3333330        54787300.2222233        58660666.4444465     
   53255186.6666796        56665995.9999999        57584430.2222184     
   57253567.5555580        58966431.7777827        60428899.7777743     
   54230238.6666708        61045991.9999956        62731836.6666684     
   61408703.1111118        58077452.8888975        59216250.4444438     
   59508033.5555369        54466101.7777910        61652151.7777788     
   57760009.5555416        58571879.3333358        55661209.7777861     
   54345446.4444367        59363785.1111157        55465780.6666665     
   54334456.4444372        54345919.5555421        60874188.2222350     
   56411719.1111002        58225907.9999952        55043369.7777661     
   56959032.4444419        57631710.4444511        56936884.6666676     
   56546395.1111115        57332901.9999920        57459923.1111160     
   53476007.7777776        55246755.9999969        55669853.3333244     
   57218414.6666631        58670753.1111051        55213260.4444431     
   58968760.0000048        55015762.2222173        58819726.4444512     
   60332052.8888920        57987579.9999900        61734466.6666754     
   56608281.7777815        52132661.1111043        56821865.7777865     
   56288256.4444463        59430903.3333339        55656656.6666668     
   57900274.8888943        56709387.7777742        58125238.2222408     
   58224920.0000048        52140683.7777721        59605253.7777951     
   53465883.5555589        56045130.8888877        59476441.5555416     
   57838345.9999984        58848821.5555775        56180284.2222098     
   53986656.8889038        51910252.2222313        55122735.1110970     
   55237780.4444537        58300040.4444385        58951425.9999743     
   57489047.9999975        57884380.4444237        58030553.5555863     
   60233657.3333414        55063721.3333012        53705476.6666584     
   53608981.1111125        62178648.8888817        58430987.5555441     
   59656866.2222176        56365090.8888825        54576743.1111053     
   54644420.2222429        57918141.5555274        54743274.2222481     
   55720745.3333362        56661073.7777774        57379200.6666617     
   60287577.5555176        54627668.4444579        54734300.4444585     
   57449238.2222141        57038993.3333122        57854457.3333333     
   57958929.5555390        59036980.4444428        56509462.4444337     
   53727774.8889087        56989083.1111189        53747814.0000308     
   55865332.4444727        57219497.1111109        58067130.0000129     
   57037849.5555534        56369808.2222177        57742323.9999819     
   54500490.2222140        55364183.5555374        57115735.1111073     
   56926444.4444308        57337210.6666810        58846109.7777858     
   54394758.0000139        57475336.6666796        58075226.6666622     
   59211805.1111054        60141207.3333288        53496058.0000016     
   53882874.2221947        60149713.1111085        54807224.8888716     
   58103586.4444554        58138307.1111275        56320252.6666496     
   56811810.2222019        60380083.5555202        56847762.4444351     
   60013671.1110814        54502278.8888860        59173457.1110945     
   56803508.4444478        55532936.6666577        57391435.3333256     
   59425070.8888775        53171681.3333648        56023982.8888726     
   58808414.2221649        59413104.8888876        58897177.5555446     
   56514295.7777704        55935602.2222231        54699779.1111005     
   57145730.4444550        57883100.2222352        55803133.9999956     
   59003033.7777643        61810103.3333165        55491127.1110895     
   58584124.6666659        57135389.3333411        54900343.5555366     
   57105440.0000017        57649972.2222061        55115963.7777834     
   58061864.2222248        54571827.7777802        54868389.1111103     
   56713792.0000171        56332040.0000185        58369729.9999959     
   55388284.4444278        60088274.6666750        57013873.1111434     
   57216747.3333160        58345999.9999995        56262710.0000145     
   59439867.3333515        57556172.8888901        55890319.5555688     
   53998286.2221904        52903928.6666765        57034599.5555280     
   54767247.7777880        57088803.3333159        55007955.9999937     
   56971228.2222143        55541974.2222431        54862469.1111452     
   60095410.8888764        59178107.1110638        56535975.1110590     
   57093373.5556019        55384753.1111231        55495535.7777667     
   57674601.7777115        55138588.6666503        57239943.1110953     
   55673890.6666782        58588175.5555698        53142136.8889063     
   56501867.7777583        62765338.8889219        56244797.7777476     
   56134608.0000089        55709158.4444330        54419124.4444517     
   57007401.7776938        58813387.3333165        56450143.1111123     
   53655147.3333060        57839262.8889047        63094394.2221880     
   52777118.6666830        59552602.4444540        57111281.9999199     
   58761384.8888682        55427667.9999818        57560974.8889024     
   54446266.2222515        56349138.2222371        55574861.3333287     
   56090108.6666302        54017282.8889408        57268536.6665817     
   59895781.3333449        58241200.6666428        56370122.6666992     
   56155952.8888902        57397724.2222281        57795702.8888604     
   59321535.7777807        57093174.2222264        58649522.6667199     
   53429223.5555897        61447869.7777534        56359027.7777773     
   55906050.2222369        62423629.3333217        57785832.8889281     
   57858637.7777868        53514658.4444358        50949207.3333214     
   57122371.7777855        58469461.5555567        57270904.2222164     
   56430746.4444477        57513905.7778154        54804376.2222308     
   55889563.3333572        59768011.5555606        56797056.6666479     
   57214916.6666729        61971775.1111462        57180301.7777850     
   51317182.0000135        52169161.9999965        59755064.2222025     
   54800424.6666388        58004973.7777923        57689564.6667408     
   60243639.1111310        57122384.4444833        57441473.3334120     
   57227499.7777757        56949752.6666662        59677985.1111689     
   59100431.5556117        60165488.4444607        55589165.3333482     
   55853191.7777726        55705805.1111095        59429946.4444824     
   59724904.6666777        58431012.6666646        53158286.8888552     
   55853003.7777351        57028978.8889051        56692200.2222003     
   53164848.2221975        55940358.4444481        54902648.4444695     
   54225604.4445078        53427129.5556157        52634635.3333316     
   56602956.4444602        57280650.2222358        57521457.3333496     
   57931936.6666530        55403223.7777631        58240043.9999873     
   57642540.4444245        57562014.6666394        53684552.8889608     
   56284208.6667257        54789354.0000588        63048777.9999757     
   58843987.9999985        58538279.1111027        59558328.4444768     
   59500376.4444044        53518900.2222302        61198577.1111390     
   56924279.1111221        58412889.7777636        55109035.3333500     
   59037472.2222160        57437801.3333354        59248250.6667099     
   59733357.3333197        57145791.3333132        55600944.6666730     
   53989055.1111122        57053826.6666406        57609246.8888981     
   55600074.8888989        57169975.1110946        61692778.6666558     
   59089642.2221856        58764820.2222080        59790121.3332875     
   57575347.3332943        56701878.0000051        55538182.6665919     
   57380556.4444183        55670971.5556019        56049512.6666880     
   57745978.8888680        58900772.6666852        52214032.0000268     
   51048836.2222144        57245989.5555617        54252785.3333299     
   56288132.6666579        59701546.6667147        59622140.4444378     
   57592189.1110631        53483479.3333079        56852281.9999644     
   55612180.4444399        54232728.6666530        60077251.1111426     
   58386568.8888850        58848846.2221562        62780745.5555643     
   55984295.7778255        58664584.0000443        59324809.3333478     
   54076585.9999994        54601266.2222334        59374071.5555838     
   55245930.8889020        56832144.6666384        53861851.7778216     
   56043697.5555352        57696113.9999646        57119313.1110984     
   59014360.2222372        56493413.7777222        55571118.6667226     
   56902478.6666299        59139474.4444341        59040626.0000318     
   54277333.9999801        58733663.9999723        56804358.8888872     
   53253215.3333243        57529557.3333628        56282511.1111327     
   59512352.0000240        57183853.3332964        51973141.1111531     
   56700565.9999812        57975196.4444060        57182653.1111058     
   55659281.1111368        59337457.3333220        57588997.3333469     
   59098462.6666759        57528206.4444510        52981254.6666891     
   57762002.8889311        56541441.3332918        55708827.3332777     
   55932603.5555674        57839182.8889386        55498476.8888868     
   56316610.0000083        56013521.5555475        55893555.7777830     
   58393129.1110929        60516085.5555427        59790740.4444688     
   57009410.2222280        56099220.8888662        57763613.1111450     
   52042161.9999867        54908858.0000345        56554029.7777887     
   52851516.2222020        59950291.5555881        55750024.6666830     
   53357097.1111246        57485527.9999828        57617477.1110997     
   54790086.8889230        57840418.6666610        56477138.6666462     
   57145064.0000040        58417854.6666655        54638117.3333558     
   58894744.0000609        57052755.3333157        55181721.5555824     
   55000711.3333154        56777022.2221877        57478042.2222073     
   57773333.5555538        60643627.5555879        58542623.3333313     
   57033911.1110920        57554150.6666890        57854572.8888823     
   60600671.1111610        57936963.7777767        59910337.3333473     
   52663469.1111339        55018619.9999690        55826731.3332610     
   57135907.5555274        50291474.2221758        55486195.5555601     
   55373043.5555758        54257212.2221829        58966362.8888926     
   55163834.6666068        60383241.5555313        56074827.7778028     
   55849126.0000054        58213978.2222456        59873827.9999664     
   56518687.3332795        58922710.0001383        60563786.2222191     
   57712823.7778266        57664360.2223042        60036985.5555544     
   56831544.2221577        59275623.1111395        54842780.8889073     
   59750600.6666409        58484509.1111048        55474057.3333343     
   56156483.1109936        55285037.7777945        58774796.2221176     
   58974896.0000728        57945181.5556100        52028066.2221809     
   58015409.3333716        56691481.7776901        59694975.3333895     
   58028900.2222107        60006823.7777874        59936631.3332900     
   55855076.8888973        54778309.1110943        53833794.4443519     
   53355944.4443802        56984832.2221419        59910652.8889206     
   61653452.2221805        60536270.6667171        56206457.1110114     
   53756574.2221834        54283050.4444861        59677398.2223226     
   53801834.2222045        56137059.5555458        60588919.1111371     
   55462595.3333882        55504938.6666532        55445733.1110934     
   54959829.7777658        56795188.2222715        54941771.1112362     
   58018069.5555564        58210186.4444595        56027670.6666775     
   58257976.6666290        59073374.6665886        57103459.7777552     
   59695743.5554787        53031481.9999030        56906150.4444550     
   55030518.8888090        57333428.4444115        60227165.5555202     
   56472305.3333083        52359716.6667220        57826430.0000451     
   59208784.4444771        55492522.6665904        55841217.1111229     
   55976210.4444820        54994119.9999752        56443825.7778126     
   60576029.3334627        58611362.4445429        54326794.8888598     
   57312103.1110705        60833435.1110217        58986531.9999162     
   61254674.4444566        53146890.4444264        57283449.7777487     
   58358530.0000234        54827965.1110792        56520880.6666330     
   55865890.0000970        55906897.7777897        60169226.6666535     
   57776916.2222155        56103811.3333523        57465433.7777947     
   56555064.6666167        57062686.6665416        58662338.0000708     
   59511749.1110850        60253899.7778479        52233813.3333829     
   61191776.4445148        58168076.0000528        56011217.7779296     
   52197744.8888149        56609701.1111026        54034726.6666084     
   61609041.9999671        58768399.1111453        58319094.2221697     
   59836298.2222225        58129875.7778052        59454029.3333441     
   56444162.0000543        57228490.6668526        60081539.5555941     
   59407623.1113035        63959005.5555520        59567769.7777471     
   58637523.5556252        55392468.0000260        59498631.5556428     
   64801838.6666027        56321878.4444682        56442658.8888498     
   55512785.3332933        58653706.4444937        60374191.1110459     
   56869283.3333901        55576275.7778015        60124644.0000240     
   55430476.4444623        58777280.0000140        53900655.3334327     
   57607993.9999221        55237200.0000269        57012481.5555883     
   55900505.5555474        57143142.8889035        54336175.5555798     
   54173380.8888556        58203664.4444688        59893681.5555260     
   55078502.4444652        55382900.4444281        58086420.8888165     
   62824206.4444951        51245639.1109756        55645840.2222859     
   58904339.3333456        62171013.5554245        59819983.5554967     
   57568590.4444924        56747642.0000587        56029781.3333579     
   55304196.2221480        56081180.0000628        56354509.1110667     
   56500125.1111207        55394807.9999858        58513225.3333662     
   54856284.6667071        57372288.4444958        58330208.6666235     
   51586868.0000267        54867057.3333320        56325633.1110550     
   54997383.3332969        58056784.4445363        58445490.6666870     
   54321202.2223101        54455959.3334142        62030583.5556528     
   54317161.7777128        58586675.5554797        56854524.4444939     
   54508175.7777582        53858732.2222071        55407134.6666697     
   58035299.1110797        56017611.1111008        57880411.9999725     
   54281857.3334096        58208188.6667363        56539097.7777097     
   54731002.8889608        51386960.8890034        57074006.8888899     
   56270042.4444836        56210496.8889575        52427155.5555985     
   59048758.8890072        53369164.4443644        58199563.5555867     
   58956680.6666100        53581633.5555264        56342924.2221313     
   56217015.9999245        54087226.4444502        55321135.5555649     
   57165376.8888742        58777441.5555488        57780093.9999858     
   57924831.5555728        59151726.6665833        53054598.6666238     
   53655322.0000933        60685856.0000063        56744390.0000310     
   53955423.9999325        58356221.1111285        55357083.3333372     
   59534037.1111400        54512802.6665985        53953716.0000065     
   57915435.7776129        55558951.1111106        57302174.8889474     
   55239521.5555755        56192850.2222804        56130792.2221890     
   59670444.6666504        55186537.5555537        56916100.6666901     
   59078408.2223501        57808431.5555019        57115099.9999981     
   61693730.6667427        61151112.6666712        59999459.1111858     
   55244025.7777377        57214439.1110589        59515249.7777488     
   58151447.9999696        55718624.4444540        53720777.3333155     
   55577768.2222374        58114290.4444498        60532335.7777408     
   54098506.4443611        53823290.6666951        59179341.5555480     
   52065328.2222391        59924378.8889496        54772120.2221844     
   54023911.1110971        53579165.5555470        56243728.2221123     
   56174409.1110279        55538350.4445297        56903947.3333366     
   56809767.3333149        60932615.7778144        56659637.5554749     
   56665281.9999268        54884827.3335527        52792915.7777531     
   58441570.8888740        60595344.4445068        53459990.2222598     
   59433597.1111063        56717817.3332995        61802623.1112394     
   54474433.3333632        58623147.1111437        56980969.1111937     
   57914010.4444481        54589152.4445073        57963592.8889951     
   55116365.3333127        56171108.4445227        57774502.8889305     
   58204527.7777132        56803095.9999687        58581540.2223013     
   51168243.5555365        59244549.5556403        55065890.4444408     
   54185779.5555298        57134373.3333296        57866305.7778498     
   56004381.5554652        56932896.2222398        57166576.4444854     
   55425723.7778038        57019047.1112625        58087903.1111617     
   60034466.8889907        55618684.2222652        55601145.5555008     
   56853133.7777667        54803849.7776913        57440323.5555898     
   55439449.5555580        54585754.0000602        53366571.3333590     
   55936244.8888720        57394338.0000210        52264048.0000566     
   57412841.3334259        59317283.3333337        55377794.4444291     
   56632757.7777267        56335714.2221271        58253348.6665578     
   57778629.3333707        58311329.3332835        58009796.4444204     
   58260618.0000539        54907543.5556024        57500420.4444939     
   56928367.5555863        56503990.2221396        58049241.7778401     
   59800124.6666697        55281247.3334104        55827032.0000306     
   54215432.8889214        58331385.3332778        58342501.3335103     
   57175863.5555418        56169455.5556326        53411522.2222087     
   58426180.8888904        55995269.5554588        55080155.5555655     
   53067048.6666658        50726054.8889266        56425528.4444750     
   52930363.5554948        59257297.1110773        55133719.9999969     
   55893456.0000256        56615301.7777695        56609572.8888329     
   56398900.2221057        56447143.9999670        56220064.8888721     
   57499382.6666500        52393219.1110589        58332223.5555214     
   55213450.2222979        52603016.4444139        54333070.8888930     
   57941888.4443222        56924732.4444863        56474641.5554839     
   57063258.0000517        55888677.7778940        62221930.0000338     
   57380873.3333601        55977135.5556305        59464125.1110459     
   62970847.7778479        57021199.1110403        55728026.8889394     
   62070068.4444379        60219753.1110057        55460949.7777148     
   55574233.1111694        53471501.1110700        55023247.7777235     
   52204260.2221794        58559104.2221362        56274954.6666604     
   56898224.8888307        57957373.3331614        55027388.2221643     
   57740766.2222681        57028649.3333309        57755672.4444460     
   53463090.2221888        58551228.4444204        58229118.6665652     
   57963988.8888625        57183862.8888828        58093069.7777312     
   56613996.4444824        57424474.6665679        55242231.1111536     
   57138083.7777609        56659403.1111753        59396702.8889433     
   59226147.1111314        51783423.1111397        57121041.7778935     
   56148981.3332239        56633320.8888691        54874308.4445157     
   57810049.3333201        59129617.3332140        57102750.0000014     
   54915641.5555532        55254304.4444693        54447086.2222551     
   51980543.3331940        55426758.8887982        54110332.0000809     
   59384024.8889294        58051490.6666384        56623298.6667490     
   56976134.8889376        58768386.8889212        59323087.9999863     
   60193958.2221750        56085014.2221664        56785163.3334034     
   57281966.2221030        54427006.4443216        56646140.4444185     
   58696626.0000285        56275453.7777856        54606682.8888520     
   58030375.7777654        58667133.9999518        53311706.2222270     
   56214716.2221094        58475340.0000101        55956855.5555433     
   57933487.7778564        56919638.2222334        55122921.9999637     
   58410430.6667137        53331026.6667356        53994073.3333222     
   39563358.9321385     
   45423060.9293107        45458202.0311526        46554707.9220814     
   46214546.2629476        46487477.1614422        45991205.1330276     
   45932955.9782917        46113916.4064245        45962973.0302829     
   45444718.7705218        44851428.6321757        47038068.3332241     
   44756230.8249942        45750664.2372039        45562952.9467681     
   44199059.7453938        46142077.1275100        45853820.7937039     
   44607362.7458618        45530423.7746634        44438414.3734611     
   45385702.4458757        46234759.8934880        46524591.1545792     
   46014069.8429988        44473897.0145650        45504027.6829292     
   45478881.4597166        46593339.4620285        45866020.6909381     
   44746696.5433599        44475653.8226056        45510605.5702628     
   45017956.3325772        46590579.1198956        44139025.1563330     
   46906493.3169455        44965794.4046458        45535894.8489536     
   45431853.1010751        45176480.2297178        45805240.3625350     
   46472321.6226351        45182951.9869808        46042766.0754829     
   46959303.0536205        46918162.8545077        44941233.4354580     
   44996844.5348766        46151147.6133838        45485327.5300102     
   46216634.0293722        44118476.6107769        46112800.1717577     
   44878560.2379037        45917786.1563461        46688186.0768926     
   45758820.1455237        46239973.7467040        46186122.2567482     
   45473479.0567193        46597009.1771445        45070059.1898427     
   45432470.4233894        45838641.2843054        46927052.7352203     
   45262273.3432589        44703240.1191504        46384290.2660291     
   46849126.1733001        45239146.8859235        45730325.5463577     
   45010273.8819093        44932318.5249550        44973022.1088530     
   45582030.8895629        46666829.1351920        47369208.4267469     
   45435352.5252437        47530126.1914932        46661687.5342207     
   46559836.7951860        45676874.0338680        45681555.5765288     
   46677923.6003769        45442644.0729490        47099436.2196006     
   46343139.2974143        45501688.9216690        46138990.5910793     
   44603424.0549347        45753540.2224555        44758411.0684591     
   45132092.8584226        45620874.5275794        45671263.8491403     
   46578309.5218879        46013482.4546732        45898152.7851033     
   46570621.8590892        45705727.9128859        46902929.4518747     
   46011845.0909835        46907551.7782444        45025489.6904240     
   45698735.2500100        45260365.8482922        44866969.2575810     
   46258684.9939257        46361630.9804708        45316549.7405755     
   45932539.9602791        45592633.2968052        46789836.1510236     
   46650500.4548848        45710763.2524749        47095044.4326628     
   45250850.8482982        44362001.7331744        46050630.4076164     
   45086121.0190981        46994265.8478966        45261855.5550436     
   45769869.4694403        45802308.2176550        46097189.1409776     
   46104122.6650413        44160647.8977472        46549459.2531835     
   44755092.4193192        45448313.3106494        45969132.7592243     
   45091586.3111568        46977593.3563145        45936320.4931457     
   45445441.7506051        44154456.5233128        44654454.4499750     
   44410969.8073198        46634644.8184352        46596054.4478209     
   45765251.5769811        46007567.4546336        46109839.5256024     
   45969884.3223946        44814814.0040835        44530906.4500895     
   44958423.7459795        48118193.6671627        45503152.7874396     
   46725793.3082524        45991230.4475935        44485828.5234192     
   44910964.3922879        46058609.1268433        45481523.7372011     
   46244102.7619527        45092125.0529012        45634287.3273241     
   46265816.5179709        43890602.0078697        45322412.6877952     
   45583594.0064423        45608665.3451680        46219100.0403223     
   45395919.9164322        45927548.0469031        45403006.8136815     
   44622179.7973029        46341344.5827920        44733016.4328114     
   46021702.1841432        45733339.0902053        46391603.3957564     
   45351104.7690892        46295196.6740781        46410070.1121156     
   45065482.1713475        45984161.1048156        45482669.8772461     
   45894077.2603168        46039532.0479785        46313228.1395320     
   45661395.4755657        44747132.0098788        46191182.3583374     
   46381393.2647431        46055811.3291403        45199655.6271949     
   44384476.2461695        46326637.6379127        45834605.7805528     
   46340940.7511138        46602013.2888395        44837796.4865259     
   45886089.9364733        45663487.6221253        46016913.9887322     
   46357662.2738367        45018285.4197557        45438336.6376851     
   45689051.2556459        45187214.8077813        46463868.1424059     
   47468800.0212913        45071353.2976776        45884314.7802860     
   45457050.7812722        46307064.1108976        46844069.3042958     
   45765685.4893116        45607168.7861806        44802925.7903379     
   45570450.8568373        46284574.6572275        44996586.7817291     
   45550069.2928885        46821227.2096610        44739628.6842272     
   45881086.1209199        44939290.9041139        45796916.7544092     
   45181857.9136590        45878393.0838375        45742327.1920428     
   47096670.4428433        45467518.1577430        45598573.4839958     
   45735568.1438887        45119598.1174503        46156704.7932992     
   45579706.2899024        46177952.5903600        46482960.8872133     
   46187586.8949731        45996522.7926703        44562318.3651098     
   47107420.7194529        46311741.2949834        44721690.4835912     
   44348684.4651051        44602816.0636627        46070004.6403961     
   45552717.8014147        45256333.1001635        46221581.5040635     
   45116002.6797809        45473481.9458020        45566297.6323351     
   46373876.8392795        45913687.7415981        45179018.6342099     
   44668302.4390228        44753827.3387365        45345716.4995544     
   45840043.2819398        45074893.0139350        45415001.7467674     
   44575283.3865960        46317373.9316287        44828920.6509590     
   45715810.9355742        47485552.3462746        45288656.9290777     
   45725264.3816376        45222314.8000671        44512303.9965021     
   45235354.9579934        46853995.2186947        45440146.2196784     
   43954159.0218642        46397870.8677846        46708730.4566661     
   44080590.6442572        45821714.8671719        45432304.7148758     
   45896613.2377249        45775114.7155448        45447370.2240639     
   45389733.8831903        44695023.3704383        44681262.0327915     
   45501012.6795272        44806355.2522171        46069743.1237844     
   45452211.7930275        46568419.8470884        45228149.3998133     
   45994923.7273659        44696192.9346359        46295843.1278935     
   46239717.4825251        46009995.1908768        46480713.6411199     
   44472075.7234062        46644802.3510982        46484914.4137014     
   45585155.1152230        46855805.7607770        45866972.3314742     
   46510777.3254856        44789681.2693314        44135623.2709800     
   45232349.0359205        45915226.2219038        45139724.1459478     
   45575015.5727508        47067694.5409055        44324638.6602208     
   44679263.1980987        46814488.0029325        45860447.7474395     
   45943596.8065960        46638727.9898407        46250962.2379348     
   44651207.5269257        44888834.1879790        47193865.3356094     
   45665216.1552127        46330412.7469449        46274339.2795541     
   47044752.5547211        46560324.0080083        45736984.2609468     
   45510324.4789790        45107367.7535886        45370488.6428303     
   47339612.4621753        46518515.0828509        44733472.0505884     
   45623274.7981864        44843563.0637123        45214042.7032440     
   47812557.4630200        47718614.9541275        44019131.2057861     
   45399821.8301957        46187955.1147266        45785459.0437101     
   44498074.5165979        45963541.0291837        46245143.8019352     
   44986059.8312302        44948482.4788489        45225248.8435243     
   45810477.7630023        45388956.2613840        45877736.2799314     
   46103966.3067444        45858308.3574179        45574958.7703357     
   45924880.0236607        45822590.3983391        45021351.9308047     
   45547068.8764882        44953305.3241446        47308612.5622090     
   46250042.9237114        45151341.7639135        46544934.1450880     
   46176148.8259830        44137801.5908386        46599397.7854628     
   46589783.1071339        45796251.3678078        45243672.3377902     
   45683633.5299823        46853103.8744114        46326296.2319296     
   46560403.1667843        45624432.4934455        45330202.0544447     
   45058450.5079112        45533868.8002558        46732303.9914280     
   45799077.4616544        44765888.6091561        46218808.3528606     
   45413936.5371271        46371269.2968431        46234796.1534300     
   45736068.9053112        46535440.7435851        44719223.9150965     
   45605131.1598200        45130660.7677049        46020659.4645504     
   46264295.5692844        46261015.7298983        43901076.7012532     
   43613417.3324392        46135423.0435627        45324876.6981363     
   45908792.3792589        45670507.8716336        46648030.6935628     
   46786555.3214237        45702600.5966647        45515032.3001219     
   45205060.3365126        44953172.6799103        46535293.5023656     
   46320339.8338681        46022695.3348391        46763584.9652349     
   44547872.4808828        45823437.7942609        46817384.4774683     
   44801342.4848940        45110939.8403269        46729275.6873581     
   44799456.5692484        46450092.6412969        44760650.3716566     
   46126946.8593277        45690588.9815376        45049838.4280119     
   47114082.4536349        46160862.1720465        45300666.9249422     
   45468482.2289943        46065413.3885056        46554020.2314039     
   45023775.8140642        46246994.4405723        46348748.9899600     
   45267641.2647086        45802322.8444586        46379667.4912795     
   45773869.7171097        46224798.5254443        44461641.1524611     
   46465028.4327701        47056352.8535844        44645707.3383526     
   45101217.6730457        45820610.0134408        45085366.2497154     
   46096707.1375317        46119460.1863971        44563792.9117004     
   45513644.8767448        45298373.7544826        44362733.5970936     
   44279417.3337431        45518816.0830233        45805479.2545617     
   46307300.1213495        45296929.2035125        46150618.5046641     
   45775122.9204061        46401131.3068471        46954519.2606180     
   45985273.6316692        45429199.2014951        46744626.9553544     
   44436650.1677465        45394799.2661304        45417925.7520047     
   44462309.5544935        46898861.5010761        45668650.2500047     
   44126357.5678269        46181902.6225366        45945960.2119252     
   45417154.2466663        45944218.8340190        46382205.3186157     
   45770363.5786165        45744475.7997675        46047660.5202416     
   45530948.3270435        46077409.7929607        44969899.8996852     
   44891012.8883269        45698359.3421281        46311968.7738797     
   45743253.4021210        46735550.5656866        46534289.1181769     
   46047014.4957958        45921194.5568633        45249462.6812149     
   47280250.9063847        46163954.3075327        47013778.8175572     
   45418615.2540934        45243340.2427620        45838039.0935251     
   46026638.8528172        43415362.5037103        45796186.3862373     
   44975710.6488544        45304054.4098877        45586637.6151478     
   45193753.8050627        47443909.0941669        45022319.8237659     
   45254371.6060996        45847195.3293181        46698490.4221482     
   46113160.6675434        45707048.8422446        45862239.4305901     
   46477152.0325510        46586232.5929172        46211212.2900331     
   46192225.6081778        46025098.3681980        44749984.9230314     
   46666869.8572924        45834259.8802236        45989973.5353097     
   45407926.9992919        45255586.0264151        46541945.1928020     
   46199123.4889526        46170038.1261392        44341447.9724922     
   45464937.6830314        45517448.2350509        46006667.2227539     
   46018284.1223791        46192657.9473750        46178613.2351102     
   45556996.7436204        45062855.5067617        45050364.1306675     
   45866441.0569028        46697149.7117557        46615662.1607636     
   46383643.5827522        46554698.3634280        45690215.5129693     
   45425672.6639868        44328820.0854166        46759270.4103486     
   45731185.6605058        46097792.8027522        46571252.3945820     
   44684034.4415485        44401004.7912284        45996764.7622509     
   45309430.1725122        45913096.1215194        44975895.1716992     
   45706945.0477360        45797764.1876498        45690120.6256629     
   46409899.4334800        46236900.1047771        46406312.9231158     
   46043270.0095745        44323697.4789751        46357470.2645997     
   44885941.2929382        45499118.5858094        46580647.3132702     
   45366587.0712904        44727818.0544929        45823358.3212924     
   46057728.5670735        45169906.6636539        45812606.5803862     
   45454605.1166058        45602847.8144019        44943747.0244811     
   45334088.2668260        46353910.4280165        45989701.4899886     
   45305137.1058319        46470812.8595743        46321528.5378653     
   47203720.6159112        44115599.6323054        45908066.9319697     
   46884570.7032051        45312974.0844711        46027808.9146096     
   46201356.9506436        45624619.6229128        45853667.3265968     
   45907247.4884832        45019386.7691350        46338441.2757304     
   45627017.8437625        45482845.5561562        45605980.8511441     
   46186181.8605042        45903752.9550867        44687629.2481033     
   46995441.6455236        45603558.8331998        45184558.9780438     
   44848907.1403170        45546136.6824104        45002871.1396155     
   46956978.0012496        46697595.5217529        46498893.7863742     
   46852924.1105841        45730466.8152394        45535093.7483552     
   45707710.6790990        45636494.2701191        47253388.1677586     
   45918182.0006266        47158834.4922903        46541239.1232464     
   46354906.9955747        44605700.4935515        45942049.5211349     
   48012849.4005966        45874864.6425878        45508845.8323309     
   46403602.1780180        45859064.0720110        46663161.4084049     
   45937843.2605526        45184133.1976016        46210553.6780654     
   44158647.3757413        45830027.6032522        44535780.5184391     
   45232360.5995544        44819398.9318528        45887221.2281608     
   44784281.8139714        44932529.0011228        44047517.4963513     
   45002296.7880015        45035720.6998339        45951911.9444232     
   45630029.5195575        45450275.3029166        46906719.2819024     
   46897837.2798125        44476465.2132093        45654851.5829251     
   46111818.4697777        46933934.3998696        46709129.2683512     
   45439074.4760987        45350030.3063797        45499716.2837329     
   45753888.0006897        45352512.7383811        44611480.3021938     
   45316423.7705945        44972221.8816933        46518335.6876092     
   45629705.0449931        45901886.2183351        46371925.4964749     
   44464523.0470483        45283904.1244930        45395119.8684909     
   44617108.3077493        46313817.5286277        45527328.9016899     
   45502265.1323742        44044098.1937442        46962575.6652682     
   45332451.9026375        46632112.5512771        46340225.8667769     
   46038764.5702110        43874198.8203181        46474097.4416764     
   46152591.9632087        45870608.3030713        45411375.8662709     
   44656259.8218344        46484255.6635252        45798627.1080234     
   44952319.8850748        44409062.5280641        45532839.3366973     
   45616769.1102517        45614808.3926739        45012216.1189172     
   45764891.8254366        44937237.2743830        46336393.9741656     
   47327523.0010311        44824090.4918192        44509342.0818281     
   46101292.3420915        44428545.9398711        44232941.7574926     
   46849562.9851348        45506784.2525212        45715708.6774927     
   45477051.4359580        46648432.0064963        44504090.7450098     
   45238130.5118691        45706024.4150000        46360382.5646651     
   45252392.8045170        46518470.9920881        44596932.0282679     
   46364181.4968303        45220477.3498128        45322453.6207974     
   45513291.1253363        45045463.8091715        45590468.0042076     
   45713243.3641437        44960160.2899725        45116262.0802996     
   46458155.0046094        44910243.7197796        45119004.8125978     
   46303530.7266297        46981966.3365088        45605142.7101939     
   47510087.1966109        47605914.2591288        47254531.0443508     
   44951200.3648000        44965975.6227921        45924545.5372713     
   45588153.8543116        46022228.7824708        44974410.4221279     
   45665395.3894368        46489100.7047324        46924214.9496555     
   44608814.1430637        44704296.2122398        44928293.2651025     
   44141995.8593071        45920042.3824176        45374858.3267100     
   44795447.6476738        44237869.1733525        46245564.2045228     
   44649925.5665736        44986544.8749262        45574677.9985382     
   46722004.5885933        46314566.0802571        45405811.6348022     
   45842209.0187922        45950427.4408120        45209590.0280244     
   45123074.2964250        46744466.1299228        45393069.6122281     
   45962665.5188584        44761194.8972928        47255505.1670616     
   45366596.4291382        45354878.2547450        45606031.2731393     
   46966798.4417245        44573590.4369330        45712194.9784389     
   44842345.1462242        45010630.3023027        45917876.2503436     
   45508405.7646442        45683973.7019767        45748349.6744426     
   43461310.6918204        46051420.0046825        45253101.1424606     
   44818757.5680625        45896291.8924327        45971131.9028107     
   45395501.1950092        45892142.7479374        46237156.4023110     
   45581595.8315310        45789198.4471986        46190907.3697321     
   45134054.7849948        45504210.5311263        45400753.7027536     
   45694598.8206052        46183488.5246706        45099662.1350722     
   45294019.6856927        44385626.6858872        44663602.6113632     
   46663894.6494457        46342626.4107473        44187486.3152942     
   45305156.2729291        46467086.0358643        45579156.4027047     
   45206700.9332281        46299856.0149918        45719358.8708346     
   45635536.1087676        45794803.8397944        45917528.4361683     
   45336212.8353280        45339578.3513709        45381304.2199932     
   46166780.7788407        46291680.7515136        45200560.5158252     
   46725123.4819182        45205902.9518467        44555233.8069051     
   43975398.9561366        45463800.3191781        45703617.8124038     
   45793949.0600101        45543382.4746743        44789349.6561544     
   46337471.2772936        45119221.8516304        45461580.5992391     
   44956054.7620295        43653098.0991637        46349510.3014189     
   44191165.5212129        46793370.2705352        45404052.6077977     
   44752261.5045743        46315084.6636934        45598319.2418111     
   46006977.7532766        45400027.0660755        45230659.0976665     
   47095684.2041878        44012713.4150563        46845895.5827615     
   45148113.6259156        43844602.1944902        45197666.5272599     
   46227534.1293598        46262575.2202796        46033217.1157277     
   45163254.5168058        45351870.0026503        46882324.0745781     
   45845097.8450961        45740044.8358386        45589436.3535791     
   46767537.4668924        45113952.4816414        45046844.4124363     
   46471972.8555349        46060135.7071006        46291835.8617960     
   45738995.7601663        44947549.6537026        44806349.2349374     
   44261586.2483387        46841143.3099408        45991216.8422410     
   45408045.4584752        46396220.8163471        45281210.5763795     
   46100095.4013799        46401865.6009898        45857600.3573576     
   44506607.0119434        46335908.4094231        45054629.7656179     
   45104536.8705641        44944291.6412623        45759887.4686094     
   45097718.0625910        45543114.2408733        45234413.6768807     
   45059073.7981578        46683993.5503306        46391198.3677467     
   46099393.8549040        43752892.6297159        45745536.7714286     
   45262768.1345383        45536960.8525664        44903436.8055824     
   45748231.7734032        46374390.4768747        45616046.6628018     
   44620217.1832619        44577239.2047841        44932245.2720039     
   44112417.1553216        44838883.5039918        45266152.9827535     
   46827191.2030519        45520194.1226872        46277140.0853214     
   45428267.9874383        45389202.2923853        46087475.5807946     
   45929916.6665281        45690087.8443564        45930627.3258548     
   45509393.1809200        45094362.6512009        45393973.8460699     
   45794749.5934819        45099419.2009579        45059127.2700532     
   46506246.2873633        44622314.0107523        44930229.9363782     
   44490309.1731742        45810940.3997202        46639828.8872140     
   45768047.2049069        45891544.7153255        44648444.6623219     
   46077170.8888285        44445929.0072972        44898409.2759660     
   110008.351914440     
   126360.162843716        127202.494041288        130512.118666695     
   129232.991418316        130809.028341878        127862.192621071     
   127887.658354933        129401.855604215        127794.284879917     
   128271.123385739        124422.880298164        134202.729525295     
   125325.593984116        128294.215750116        126084.572102752     
   125618.239539961        126474.565176185        130522.440466988     
   123280.697506312        127232.624298007        123895.807800900     
   128189.362903460        128952.789602347        127051.950967534     
   126995.698467865        125293.633505035        125465.191092704     
   125874.501524134        129754.658447464        129023.931071087     
   124235.860837429        124413.870451328        124931.097824964     
   123658.557815608        130085.405240543        123535.871802179     
   129999.900139466        124534.764818766        128054.319420140     
   125337.139156980        126805.594015539        126136.516945290     
   129256.893779778        126698.078478692        130383.978797350     
   131520.271604391        132870.113174420        125904.034393124     
   125142.018996726        129140.070957304        128226.899928577     
   130228.291769572        121594.539664546        128390.997319729     
   123112.080529100        128394.867446026        129361.299772414     
   127251.760119295        128657.719976659        131009.969135579     
   128684.807219706        129068.157560164        127212.914563190     
   125305.895674812        125807.492720852        132344.674642569     
   124999.988118032        125794.068500882        128519.321847727     
   131537.033154236        123581.439451524        129171.724730344     
   123281.078854095        126490.116422280        127247.758512824     
   126955.694162239        130891.825752383        132565.276342915     
   125049.742013756        133673.912110759        134177.128456890     
   132379.238783591        128209.880254371        130420.476075608     
   130998.626218840        124876.798674273        133504.356268463     
   128197.238882277        128277.670625909        126033.973139097     
   123306.795247467        129107.066273297        123771.938816357     
   123520.212105810        124255.569108303        131488.118853273     
   127036.226673061        129513.510976081        125528.550265662     
   128892.884241360        129463.495942344        129029.344978525     
   127538.385854368        129817.411841385        126755.249175201     
   123761.171585019        124839.429471119        125513.506122396     
   128520.726443686        129444.156492326        125014.549323031     
   129363.056561868        125164.428016973        130916.528104253     
   131853.629323057        128675.796925763        133375.496967457     
   126472.648835814        121062.059607995        127341.854650351     
   126146.993922988        131556.357024587        126246.807525200     
   128861.656957706        127110.358390787        129399.739823513     
   129062.999598023        120556.935442561        130440.986058047     
   123113.528332853        126632.027225684        130129.314738632     
   127546.840042118        131163.415808377        127097.578221038     
   124864.191128065        120751.517382074        124956.081330155     
   124569.685518579        129517.961633826        130756.076356431     
   126836.506333303        129449.577887088        128770.199327049     
   130775.685325487        123474.138790425        123659.982369872     
   121585.437494326        135314.619306943        127461.420398841     
   131358.324023845        126368.324101175        123329.275612765     
   123718.063272627        128964.017851597        125374.188595092     
   126884.878908329        127588.121506638        127556.761303223     
   131279.559002321        122612.290201538        123858.281924096     
   127812.418491159        127479.688409774        129047.096646859     
   127599.438151656        128943.144325343        126887.871459371     
   124046.457121325        128431.617865226        123994.226975117     
   126521.923681600        126998.383434828        129756.074211366     
   124833.670960470        128052.412908283        129280.952985592     
   123764.226890875        125828.848708157        126523.198042321     
   128591.061796118        126506.929613484        129539.275180323     
   124848.149064490        125794.822915800        128823.919271218     
   130378.041870141        131487.961705401        122887.019737054     
   122876.681277959        132390.492546198        126596.637794082     
   128710.367012210        128823.891209660        125941.815710528     
   126977.421584378        130726.279117281        127219.580829227     
   131437.287131587        124132.960315105        128623.840608071     
   127523.227773908        126109.370987148        128201.610639338     
   132114.586060243        122982.747076502        126188.421253315     
   128430.749254539        130318.744887983        131667.697554139     
   126791.717354253        126609.832982745        124942.706818813     
   127424.260853826        128164.883694325        124057.925042843     
   128331.230103559        134236.806728714        123619.151970755     
   128601.375810041        126058.594318305        126782.871985271     
   126903.637765714        128715.692322745        125899.583462366     
   130533.503385037        125160.988736150        124778.959093987     
   125997.630332247        126193.382286013        130235.479146584     
   126254.605949980        130487.383230322        128733.781362520     
   128543.951907765        130471.843403407        125360.697066720     
   132032.136150822        129315.773796462        124472.970858107     
   123943.857393878        122205.635151385        127727.913625138     
   125381.421308136        127010.053959828        125452.403224677     
   126452.285419315        125916.344503092        126486.491705767     
   131846.666413421        130472.535919162        125658.475884354     
   126443.835971011        124428.240226239        126274.534358310     
   130448.348839068        125021.175335926        127504.985059172     
   124280.314800704        130417.488772445        122786.245121944     
   127467.249009403        134774.740191439        125366.049902474     
   127294.368181142        126024.656512060        122735.380554802     
   126819.436554417        130139.125132005        125901.762106302     
   121370.212405038        129376.336612957        133687.705242310     
   121183.507930322        130136.837943816        126596.714527939     
   129269.102976971        125488.167016620        127756.535209246     
   124200.333450918        125270.930534101        124021.638480569     
   125604.482739411        122904.185103931        127463.116716743     
   128399.853385619        130483.826679387        126208.464590565     
   127271.907801027        126775.211653843        130110.547626400     
   130254.625607827        128051.794245065        129948.601654815     
   122188.010855610        133622.058290757        127966.296812770     
   125903.524228605        132943.778531002        129043.656873277     
   129276.703825768        123233.549510824        119811.678885662     
   126330.984926148        129295.396124211        128160.318839709     
   127712.649245538        128565.416142522        124152.854458308     
   124734.443910760        131754.624480552        127447.317136303     
   127826.109888799        132937.962128696        128755.982473109     
   120579.356168232        122473.254012408        132284.764616639     
   125064.027283260        129138.276705717        129049.459541232     
   131861.594782798        128591.285552256        127269.062802585     
   127155.701855289        126261.449485878        130038.957772835     
   131606.099150375        132498.349684056        124323.701004839     
   126345.859737666        124794.671593860        129022.320228592     
   132355.061607834        132191.763314534        121707.722590548     
   125306.918662456        128654.620005163        126223.101062545     
   122268.213444847        127581.447676178        125873.403992129     
   124119.946856890        122721.012033388        122505.056366815     
   127700.132540069        127643.930239100        128489.946793297     
   128611.730839325        126365.341858655        128353.835666658     
   128959.123666988        128658.398308651        123459.879744116     
   126836.697024807        125177.809079549        135571.507031246     
   129862.852403817        128579.554799989        131375.633180036     
   131818.028440779        121268.198237967        132291.144801390     
   127794.028637951        129240.418549712        124423.356418665     
   128856.690121922        130051.491638827        130769.209282951     
   130709.259856446        127578.998625891        126349.863011255     
   123434.738742621        127816.545266794        129747.651431450     
   127064.781382917        126505.404725125        132003.508825505     
   129374.755137063        129428.433743219        130525.974872262     
   127768.253919373        128938.123494766        123396.550189791     
   128271.166722867        125135.889361143        126278.676314275     
   128273.745706670        130281.393414910        121047.946658877     
   119656.910611103        128423.388497507        124262.513713891     
   126903.311390688        130123.310610094        131615.765837811     
   129678.253268398        124343.747948101        127481.890086739     
   126859.501541025        123696.260956444        132387.284113901     
   130427.671798197        129924.799176913        135300.923014458     
   125254.433582430        129204.028079935        131830.718046933     
   122553.771811810        124619.618749676        132295.227966846     
   124074.984098936        128606.493102563        123735.392193551     
   126853.025709343        127169.527009576        127458.867913701     
   131426.149321660        128430.124249549        125448.264887902     
   127191.906154182        129787.080934017        130433.279825997     
   124100.856379137        130137.395025449        128743.343920705     
   123987.385360585        128823.847610666        128187.201302436     
   131100.975204579        128521.964013207        120780.043119077     
   128454.410358379        130408.382943751        125990.471954999     
   124920.770885232        130008.914163076        128129.965834717     
   129583.197009633        128546.603508409        122815.275449514     
   127408.292256264        126520.120380680        124897.543911583     
   123674.944775545        129184.051311970        125995.461700217     
   127399.926071634        126007.812613555        127379.684040596     
   129585.976201076        131643.950408358        131589.948597112     
   127790.053606792        127643.337543040        129767.259498407     
   120322.244581567        125238.966606783        126542.664038927     
   121520.244202628        132259.550412856        125990.608934097     
   120953.854447646        128769.407721144        128613.732350926     
   124539.788865558        129178.679080251        127565.514557481     
   129190.905490873        129662.251487414        125669.280339884     
   129610.908057013        127985.217523283        125652.691134921     
   124000.406779464        127374.341206117        128904.786262166     
   128045.414656024        131845.559996574        130723.219000438     
   127352.194796961        129458.264153811        127857.452314675     
   132903.700999221        128526.216211841        132082.069857925     
   122122.547541417        124369.167910810        126008.258509250     
   127564.606139121        116938.361090129        126421.526241872     
   124320.616118831        124326.383887452        128647.918201931     
   124204.706036775        132923.527969088        125046.291869230     
   125115.734096494        128779.877445987        132128.439561380     
   125650.506050016        129569.814445680        130545.794463019     
   128216.932574695        128439.678070185        130884.287463568     
   128716.370390291        129484.999059510        123559.282242451     
   132183.717116246        128650.461546266        126864.922107502     
   126410.104210340        125591.730588024        130519.289281554     
   130498.772748793        129197.181164836        120366.486142539     
   128303.705928915        126969.695135042        130133.856296236     
   129034.740167772        131960.232335974        131696.408078128     
   125927.090351771        124379.260834009        124054.399023171     
   123978.253389208        128041.320611167        131038.753754392     
   132996.749750345        131138.848522730        126724.841132429     
   125312.429391057        122614.475343962        132432.545129903     
   123959.884436951        127420.692072134        130070.990072579     
   124091.824523203        124504.277469555        126854.944872694     
   125391.601007965        126999.810984414        124485.378890624     
   128024.067815679        128161.784368973        126348.717079451     
   130229.132129240        128683.424714269        127876.955288642     
   131080.747334397        122296.632855495        128898.778451818     
   124967.399332443        127536.861905971        131414.932683965     
   126498.084209112        122130.999462074        128724.938311838     
   130998.751823258        125451.701841340        126307.938313048     
   126892.064357973        125839.855642411        125616.373684999     
   130001.599629453        129624.849750483        125514.849673584     
   126645.096672268        133449.904855956        131243.847071170     
   133295.331435024        121265.654269142        128561.790411500     
   130040.304373481        125047.324188167        128657.572615515     
   127163.738863857        125982.101328558        131889.181277617     
   127947.782827561        125518.454995599        128126.621184794     
   127149.556831608        126632.503937121        128616.979140612     
   130427.518174508        132205.329001121        121164.055824938     
   133704.293938459        128968.917211949        125864.445217336     
   122191.088223705        127438.450138412        123774.928599786     
   132732.121743687        130832.256322913        129873.639875925     
   132796.847689528        128967.836116151        128834.025043937     
   127084.143199164        128129.040582901        133209.361815531     
   129549.322431280        135893.956857176        129871.428264241     
   129821.767911922        124726.365012417        130333.263250247     
   138478.644507417        126772.999002877        126983.673983313     
   126885.480529949        128352.020366693        132439.286386509     
   127157.628082209        125609.226433460        131752.794205698     
   123150.310824032        129773.588790630        123372.354853263     
   126377.805071460        123841.548291092        127704.324081497     
   125437.936825016        126246.625333765        123301.414562641     
   124024.874599209        127602.560260988        129567.021556635     
   126018.386945738        126214.182773657        130539.522684649     
   135329.988655757        119987.277548070        126090.329064897     
   130148.978500414        133486.464113356        132276.412855884     
   127765.992273638        127179.634930287        126807.980770548     
   126982.208502973        126019.102812394        124700.325859288     
   125591.464058743        124749.482512302        130894.185541769     
   126395.375111940        128506.263776720        129219.707211344     
   122048.955363231        124543.824851738        126499.252530468     
   124257.815769845        129207.279823531        128172.689465383     
   123481.715569706        121868.375108340        133842.883213967     
   125401.900449390        129385.595916524        127774.187233428     
   125768.019180233        122445.207550491        127700.838668156     
   128525.102598532        127808.016372750        127593.185446746     
   123865.601423745        129759.193949548        127101.085471188     
   123927.034232061        120510.920508339        127358.634155830     
   126965.079152196        126790.559602862        122318.186532211     
   129757.456885596        122843.804672164        127870.936302105     
   132136.758659131        123522.156535765        124961.099975520     
   126776.631450247        122917.261100259        123417.413423503     
   129260.567729422        128357.083491570        128812.456335684     
   128822.837722304        130547.294838658        123614.101510547     
   123888.599529025        130297.539291825        128428.616486743     
   123144.693494272        130256.336263068        124325.656107072     
   131503.000688296        124602.317397351        124190.515987732     
   127567.399604675        125098.810237974        127068.464992683     
   126182.069705772        125159.551924979        125189.135916731     
   131575.468900143        125841.524938046        126074.259071402     
   130788.458864225        130540.246826833        127877.578980271     
   134744.437768359        134059.466074457        131952.147207235     
   124276.711157115        127951.182714736        128710.148726206     
   128273.137604482        126845.421176054        123122.209887804     
   126623.303482859        129137.001034962        132449.390954667     
   123261.602255989        123541.389051755        127985.922737396     
   119974.491145203        130088.262477414        125215.283087006     
   123219.646989547        122184.587866992        126999.087953167     
   125648.837610605        125280.221824473        127351.428753331     
   129029.739809583        131245.683580790        127439.381859126     
   127673.841637218        124967.507384328        123376.453291305     
   128022.036081727        131195.575433482        124558.154369667     
   129388.968297895        126392.169859805        133702.311904041     
   124632.973594304        127842.388883382        127694.286146880     
   129659.610036893        124992.069953990        128188.526887454     
   124594.431965708        124943.687250827        128861.463224767     
   128230.169980395        127342.237986790        129837.362501453     
   119282.961815699        129626.118561321        124137.237341821     
   122198.656975149        126792.165254746        130174.013107106     
   125824.987616831        127780.961438156        128270.428422601     
   126242.892628559        127967.943128451        128142.764032746     
   130276.787942333        126787.434656662        124839.442392602     
   127955.923221630        125278.686551772        126224.467607474     
   124388.787566935        122104.368001374        122866.380145924     
   127372.227121516        128224.561305905        120657.094765633     
   127596.887421823        131287.106486476        126426.486355620     
   126939.278860514        127293.041742061        128898.332991089     
   128461.220947429        128704.389579090        129680.121164257     
   128863.791709800        125281.720376368        126799.061309788     
   127140.792839297        127838.821666163        127619.669180569     
   131483.251941628        124985.224816687        125762.816142697     
   122301.751960279        128390.053987313        128847.332940610     
   127611.111204931        126487.980299592        123259.406284742     
   129939.358092640        126229.579219335        126050.951737801     
   121899.429632534        118402.940986809        128130.969668780     
   120580.665904136        130490.627161831        125243.823879355     
   124782.581026104        126667.129339029        126255.845861547     
   127694.187442744        127460.659130686        125539.490832676     
   130214.535519064        120607.151747968        130122.673718268     
   124974.969508762        120328.843371670        123910.108165423     
   129000.233353901        128118.775366258        127496.730826486     
   126209.279187460        126015.783743559        134057.137631927     
   127575.955098816        125340.870073236        129692.958221621     
   134753.503464137        126768.637755895        125110.239735731     
   132818.556027700        132234.039265069        126549.078166382     
   127109.819427254        122043.956828169        125111.076255275     
   121227.735918079        130964.298910259        127600.700648113     
   126717.703347436        129524.556135412        124162.873468587     
   129205.317524149        127599.723562545        128475.420039071     
   122299.032113563        130712.759533168        127840.464319210     
   127179.158307138        126418.973669400        128520.496721254     
   126130.533724022        127906.730419718        125643.042777886     
   126192.561629407        128821.519260315        131399.537686454     
   129488.955419592        119277.833565122        128012.593089781     
   125673.250016579        127388.100254652        125276.292404422     
   127475.380937984        129658.460786965        127187.576643500     
   123814.035454285        124438.946636492        123703.302319559     
   120282.660619055        124238.798646405        123963.071152590     
   130609.144161700        126842.881778224        128508.827199114     
   128481.814833739        129384.860793925        130045.925569574     
   129772.567013725        126871.251371121        128208.661642984     
   127936.472814230        124216.094242385        126392.328246740     
   129935.624465566        125260.921701889        124388.379595209     
   129527.114348064        127314.977719280        123056.972075265     
   124468.196767750        129225.622397068        128221.037487931     
   128682.822445429        128194.336116359        122632.791298607     
   130634.546461432        121602.361326832        122696.821024720     
   4419254.00000000     
   85340.4695771378        81755.1446598190        91918.9643553279     
   87739.2707795539        99295.8591232844        90194.7501050150     
   93306.5459063078        100846.636004361        94042.1225495455     
   97351.4245120525        93570.8235549450        97091.7888198641     
   89869.1193380482        81384.7958284153        87927.2617560192     
   76493.9247897410        97869.7377701873        93150.1730958315     
   81420.5768877319        86690.6181270043        99784.5035067503     
   94106.9117068123        97720.9143337220        86488.1891792359     
   99488.5416144523        90234.4793052258        85003.7212418791     
   85482.2061832953        101378.263913377        84363.2468878778     
   97131.2867482234        101753.832880859        103934.164780660     
   92327.1922121301        91245.1538158691        85326.5932660455     
   96209.9988081999        88280.9424946941        96353.8498998572     
   97372.4702505426        87722.4705314814        88041.8239196208     
   100483.820027550        95679.9072050546        97823.6651134771     
   114181.407536903        98091.4283593054        89163.4758801668     
   92719.5779471019        91264.4319766367        92098.9929723330     
   107344.350828692        73651.1972682958        99010.1227507080     
   82028.2601970685        89862.8915174746        100349.831028419     
   93328.5993292939        97331.1882250429        88316.1123355460     
   97074.7903387760        92864.8662281223        100991.940804799     
   84116.3311475241        105973.784278218        111836.063171028     
   79598.5346442181        88230.6078281484        94302.4685767065     
   103828.324869745        82681.4379834865        99908.4486997572     
   90247.1001405527        83624.9775795116        94228.3955065421     
   89816.5049918230        92296.6643277270        107026.302474572     
   87910.9240516497        95151.9796456630        100107.061661975     
   71426.6924448503        101773.391871732        107129.548836866     
   92202.5697229865        94290.4259210085        109615.754279746     
   78223.4748120572        90126.0623651080        94026.0821946994     
   81732.5130572041        90959.6321957263        85004.6298098673     
   95411.2519106562        88571.6181732427        79846.9040933530     
   103794.806970690        83872.2897858965        103015.288675660     
   100864.394378676        97581.9860286189        96035.2068466903     
   85679.6297474197        87333.3556412671        82367.6020809481     
   92943.0691527784        89941.6561023415        99553.1160192856     
   85022.2395094202        101419.711133057        88851.9031378899     
   99312.4941771772        80212.3631770384        95567.2447745192     
   82774.7726950004        86548.0059916946        84069.1847286460     
   87946.0938925016        79101.1680080655        100002.014683123     
   96342.7984092372        116587.857229838        80590.8726009179     
   101724.444836295        97614.4301655062        91875.1053006253     
   91184.0154499730        88310.0166703162        94802.2635673002     
   84271.8779871020        89749.5517908025        84272.9682686878     
   87611.0966155474        103044.907992075        95544.4810165606     
   98725.8235674947        73589.8441499661        86477.4185187214     
   91634.1861089936        95113.0764163506        93997.6027181242     
   90694.8754839680        90368.0718383255        89616.2566072262     
   87961.5725871368        78345.7680632674        97062.7807219139     
   81761.1412085410        111803.635553559        86330.6600095019     
   99286.6247686408        96287.9704610045        88952.5394321453     
   104121.015917286        97047.4176632045        105148.606311927     
   91056.8159316265        85282.0899540422        85051.5284374758     
   86675.7176119980        94790.8816883208        97625.9276804113     
   87328.4658935488        87847.0765012070        88997.3731325079     
   96456.1546553272        96508.5542491187        89567.3095717898     
   99575.8797772442        100669.679999098        79687.9046954199     
   90156.1937834799        92120.1873855848        83458.4783658214     
   86493.4919124033        100284.265458508        103407.079711585     
   91943.9251958761        87064.9150993022        88375.0040605986     
   101163.627115731        98530.6796830497        93028.0945970549     
   97675.7172061641        89204.3118813814        100075.790403764     
   111209.812035896        82460.6229235206        81382.0866438686     
   80017.4836032809        90682.7997894341        94318.4758927166     
   86945.8266151776        102551.043472531        75384.0842130414     
   94502.1718205104        81516.7199003003        83809.3673228600     
   90152.4769144373        89430.5783492764        80238.3647409186     
   87966.5944901987        91436.1017681504        102387.567312329     
   94823.2267087004        88756.7347709816        82514.7735756167     
   82239.1801256721        96955.7844517412        93815.3604991115     
   84285.1100408936        80701.2388323559        92509.9465330998     
   87962.0516502578        88108.3145769382        87391.7022255268     
   84906.9339720100        86099.4872744707        96669.6846519696     
   99814.7175222121        86151.7051546646        90970.6341280923     
   92838.9307419140        92379.5257282498        105107.043456322     
   98450.4779088196        92916.1425014921        93519.9107087705     
   80629.9575438280        87970.4930728390        95969.3108884197     
   89037.0032162109        95448.9492224570        94014.4855632866     
   82201.3836973634        92276.1472106118        87167.5667625496     
   92710.0792817708        98647.5050069128        100217.939995370     
   88756.0739942630        82114.3759229309        94510.3158935682     
   87561.7365946618        91907.8302676181        98179.8237648472     
   89852.3190899756        94956.7201252923        80388.3114978057     
   98962.2659968574        91316.2368713814        90399.0622664317     
   100788.454614281        90018.1740463650        79933.1684939770     
   86870.6797828454        97650.2442636589        86823.0047425924     
   82646.5654921580        91145.7729973792        93652.7433486437     
   91406.8789177667        91163.8452406352        102317.178072372     
   102065.455181389        99463.3495020525        90482.2375358959     
   84986.7723190449        92473.8185660058        85144.5327606304     
   80922.5164360248        86363.4675735845        99335.5718040772     
   85258.6323805289        100789.082352164        81613.0115876303     
   99726.9828933890        91119.0776179444        91680.9360618404     
   84959.2344492938        85525.0575535018        100411.564093362     
   90821.4142255958        94579.8130849556        110911.686099845     
   74872.8247463786        80883.4149736967        86867.4089380879     
   85361.9613399130        93891.2011469983        104012.747651930     
   100445.511497285        99915.3703358854        89741.0773293854     
   85311.9075034727        96218.5393472889        96912.5200960855     
   86420.6247597506        86628.9511397333        104652.775981646     
   90039.5666926324        80887.4952699346        90920.4481363084     
   85256.8978416424        87113.3335133637        96453.3793931087     
   95530.6707831401        88946.5594028412        91344.4685566871     
   85226.5681902549        108991.617630114        91633.7896429624     
   87626.2614412412        94107.5064058591        95747.3394691962     
   91527.8010572856        86868.5818167636        108049.267432183     
   93629.3022945484        96676.8045211133        104606.405975412     
   99115.1532101426        95149.3530582063        89014.4872495218     
   97703.4533089308        90437.1725636818        88932.6996111669     
   93119.0505123816        92726.7638939176        79671.7487046481     
   78284.7122944611        82233.9269507586        90082.9466842139     
   90205.8511538889        85551.9511659522        88802.1796898090     
   88239.8752216280        78691.6681560799        91635.4085459231     
   96825.5783993248        99799.5857353542        99125.7917153134     
   99655.9493961306        93040.8806265614        96080.8334791154     
   96075.3985906042        95334.2053452578        89524.1773714778     
   85359.4008301281        100950.328390940        92166.1939646230     
   75760.2313601515        91456.5032493398        99080.0824857985     
   89895.7816786470        84649.6275177550        98204.5037752900     
   86385.1080111214        98370.8873530543        90939.3628698807     
   89207.2853766155        88482.0829278611        97962.7420933419     
   89150.4750982267        92927.9869241744        97780.8302626885     
   80511.1168509729        104157.276039723        99758.9975254092     
   93462.9352362020        95046.3049289277        97578.3021984123     
   86790.4614891973        84717.0763013145        97309.9772923731     
   92182.5977466643        92521.3614509150        105289.285675335     
   92545.8597477602        99788.6829194960        95723.3202354721     
   83531.5107126539        95218.4868223984        83767.5897148213     
   87467.9888976987        96919.1609021082        91201.0965281509     
   98519.8759836993        108045.831393246        77574.8563849982     
   83348.1451732194        104185.524244447        90069.8137469301     
   87708.2473126118        89487.9007296221        91938.4737879470     
   96033.5053466397        84774.2169680626        77883.3895543691     
   84723.7997044271        84388.7528692190        96219.9434978161     
   95766.5845911278        89028.9087014071        82366.1814110029     
   87995.1235250279        88833.3518315129        87077.9819589141     
   86103.3528182750        89331.7922298333        98951.6109722686     
   94859.8998165873        91846.5927852141        90967.6606328583     
   94493.2017765543        95105.1801345623        80751.9699649328     
   102115.525537248        101564.817700479        97085.1149750054     
   89343.9340020391        89687.8022064416        109732.563084191     
   93219.9345979065        91012.0648283537        95835.1071368552     
   98810.4360263221        102781.125925977        106126.440219652     
   93579.9753124987        94635.5991594304        81277.3865727934     
   92453.7970314297        92344.5541204135        87722.5531285712     
   84847.7448974340        98000.8689100099        88411.6441296496     
   97417.5682615927        89748.0650431855        80019.4824528549     
   100036.143800643        85196.8662767501        89822.6502153068     
   89059.4696246462        103800.440092217        94575.3198032686     
   100442.422366125        93097.0136088135        106063.055212912     
   98637.1142930115        82716.3600330688        85531.7479177785     
   81366.8227016671        99748.3755396563        100530.735174577     
   77228.7745785881        86661.1805241870        93508.2975579396     
   87676.6621854587        99131.3092009144        93293.0330224107     
   88812.5373648744        97924.1692523888        93151.9737123899     
   94789.5270960476        81013.2906377538        92064.9960101568     
   86665.1121456632        116573.881802237        94639.0186789496     
   81755.3924510885        101892.050850989        88001.7478116327     
   92816.9599160178        86809.3266645157        88049.0759441083     
   87708.9741670023        96257.5251736912        96550.9761144582     
   94788.0899066844        103637.228242702        106233.932072364     
   88602.8729120363        103214.628492269        100614.686856685     
   93659.3015575766        92239.4245444711        91029.7406055785     
   86795.5825087671        84712.2361118502        96390.2091388027     
   89254.4152760755        89228.7110617188        90663.1416820533     
   86802.1241982821        99578.5724423728        92822.0974550055     
   89882.2192364961        87592.4792314985        98827.4510268281     
   88258.5256445128        88456.0152863091        93312.5259356119     
   92454.6890799999        95198.4157295685        96670.0480791648     
   86570.3072059502        82197.2042846178        81959.5394183255     
   96914.5519844954        99799.8004877878        88624.5298689912     
   90547.0101737448        89072.8338337815        98094.4514127934     
   102987.304781624        99583.2639570755        79725.6350460567     
   89463.2867968512        82601.8639471391        91347.3098965775     
   95287.3562759031        102731.303361388        100822.088149262     
   96092.2649163486        87054.9704096860        82177.8270073424     
   81674.5794583936        92387.6202430536        70232.3550452491     
   101351.502456271        86793.1045960721        91272.8899186358     
   96389.4162067403        79561.9441334210        89273.2143737221     
   96233.2911875335        90808.5951572534        86542.6371808553     
   71893.0025752247        85385.4354328442        96027.3766425740     
   85522.5466019708        105813.975428805        88215.4430024547     
   91265.5387776405        91123.0257588386        99587.4103309852     
   94194.1507530964        95018.1393212938        97264.7140871434     
   98456.9535206627        79695.1236810715        94819.4602814039     
   94566.0193709531        94209.5468506417        92197.8451694480     
   106635.403487217        78832.4631554132        97020.1936623948     
   91894.2017477952        94764.0541535423        99184.9312316355     
   84689.7531839970        71370.6090208521        98735.5369852594     
   89735.3285719328        98261.6279226201        94469.9259166387     
   83330.6015513384        110780.934906635        98477.0411329107     
   106096.837422655        85050.1408063666        98920.0423645336     
   106188.404556446        87040.1029335157        103257.826770252     
   89639.3507535442        93511.3371308456        90051.0642075374     
   89628.1175493266        95174.4295346803        93731.3262199130     
   92755.4416035084        94666.0940049976        88737.7539597375     
   99724.5215001119        104781.164898086        89704.9989205453     
   106508.501318394        91969.4476966352        82787.1622584757     
   94810.4406791939        87261.7439643798        85937.6300172294     
   109767.204303668        86154.1830673597        98737.4532377435     
   97920.5019416001        86783.0607899481        82600.1459276705     
   86971.7786208039        93834.4899851174        107784.147293229     
   93095.4442641066        97161.5338025211        89663.4195455222     
   90139.7569626026        87718.3076381537        96206.1497838136     
   98119.5939669392        89902.7363536111        96942.7341115472     
   90836.9259590669        100532.221922194        115810.271706710     
   84644.0769933180        88215.3604053648        94795.2923729180     
   80977.7408502887        88861.1374925335        83638.2426721391     
   87983.4608159431        92362.4942083257        95183.1848262028     
   85913.2143174741        87129.1591157761        97188.3282984637     
   91777.6076957837        85517.7559707604        105193.886036575     
   90381.3038921171        86110.2744544032        102722.812380553     
   92240.0688017718        99735.5564713139        83025.1244742913     
   105315.435913977        80609.5725820566        95663.0408793103     
   96287.8217862428        86878.7908170672        91906.3930782549     
   79988.9215296159        85646.3100813801        76968.8910951302     
   101415.184812534        86174.6010679670        84681.4934750134     
   97026.0580557731        85626.0242361166        100492.244930713     
   72568.8615225114        88575.7149888985        96595.3803099537     
   80990.2460496898        88521.5147785485        90803.9862396405     
   94927.8937409397        80657.2641417276        103207.128676511     
   79959.9299510836        98611.6578699243        97216.4773866795     
   87000.7701993361        83625.2253707811        88165.6204378660     
   93603.6476384455        93060.5552533602        83791.0307689165     
   76022.7744699022        92316.4050321976        89500.0425018279     
   94655.6702522604        78186.1739662875        89977.5693170020     
   96662.1187585406        83075.8556068682        90162.0581768582     
   88147.7629470436        84388.2407672620        95726.5745608116     
   93480.7927270245        96076.2741197565        96809.8023551662     
   78000.8260966970        93999.1225045772        69709.0529228883     
   101500.458048080        95965.2636310178        82082.1465384771     
   86888.0416911288        104020.792608479        107559.516247713     
   100251.755243949        84243.4315493627        86982.9292279316     
   99794.9107400695        95032.7094479408        85958.4444838679     
   94241.8918710212        94396.3649484313        83287.6015063701     
   97146.1872632297        93664.4390965643        90065.2378681532     
   78860.0505834182        85144.3180081968        80136.8529175110     
   80209.9183031793        84740.3521612301        91162.0281046588     
   82498.9314537863        87632.7370530843        95580.2290370413     
   81618.6942674110        100485.620644109        98635.0163269297     
   90305.9092685154        85963.6150616916        86530.2310979621     
   97545.0320906266        90557.5495624078        92110.6061231639     
   101885.030098353        100454.778890764        99401.6659953635     
   79223.0482738266        90080.4026938470        98320.0405845516     
   76765.6196570454        95517.9012730516        84950.9582208923     
   96801.4435296749        86625.3829454524        87305.9829656956     
   95876.3065652651        90747.4402719393        94341.2231312572     
   101276.570376372        87459.8117858050        97616.0821073029     
   106063.369081854        87680.8911564583        95121.0883340646     
   90164.4039342095        105977.600263769        85193.5293543207     
   94597.5053815983        99061.3990240778        89983.9953705911     
   81887.6469113328        86098.3309152130        89961.2976903044     
   106561.743402502        94588.6014153141        88972.1314618542     
   86030.4195879504        81887.1017705399        90212.5415181655     
   78031.7339277134        94343.3706555930        107653.776046633     
   74977.0127154969        98828.5247889960        93605.6795268555     
   86620.0802122850        83126.9666860583        95701.4320066657     
   102089.672648129        90412.7238250905        103257.826770252     
   88366.1000943144        92224.1936411054        95122.4759651738     
   94838.4080538121        96927.1728198223        95952.7749510347     
   83832.4779885959        81675.4219487099        86071.5033804345     
   93072.1684041910        76451.8002739249        82351.5452066841     
   95314.5307184590        88820.7805544400        89346.5936283318     
   89587.4137034557        97197.7939249588        105400.626552433     
   106144.776773595        98436.0068986805        103321.277854664     
   81569.4664018691        99512.2634986530        106268.342019989     
   90531.5810373636        101663.587300504        91581.0596608115     
   100000.346221908        91100.3941562236        113571.494106141     
   98432.6204179972        95060.9741720824        77634.8714304726     
   89173.6353222166        88445.7236889156        103649.733442103     
   101250.816603761        86190.3936315435        87424.0142070704     
   99330.0708378942        81208.5666775426        86144.6678826107     
   86977.5108588384        83948.9398852638        89188.9983809259     
   85186.7563929542        97783.1925394578        93683.2877524648     
   100034.640533608        98319.5450020126        106746.463534210     
   91193.2828434525        104431.349703215        90619.5304186202     
   95345.3229135496        79146.6129268930        97581.0609412128     
   93832.9701986644        89416.1403779731        87313.4332231988     
   88770.4789267303        97460.3370347094        95817.4478790484     
   92963.5862698935        99128.7817299654        95372.2826036718     
   92771.1350505771        89948.7759714854        89702.0089058933     
   93156.8964989441        99423.7359377675        80350.5811471689     
   99072.0375292486        97832.5525603434        90601.6564083799     
   91137.2324582902        88287.5998201348        79274.0437170909     
   76048.1648153176        93344.8544365734        93377.2490152068     
   93908.7943271332        82169.4351430151        97619.9641705252     
   91115.9884867846        87657.8961266481        89018.8483758651     
   88334.6140836691        97854.9363716888        93933.2926239784     
   95487.7202964257        100253.175913894        103308.111878544     
   91284.9821325877        91386.8573831906        83783.5474725775     
   88667.1664867642        99936.0526471802        100633.238163062     
   103622.625077219        89733.5940330463        88559.5755175447     
   85042.7401071173        92353.2433342642        90239.3525335261     
   110493.430956337        100232.642277361        93262.0260748865     
   95509.7406805758        87369.1862588377        88955.6120438872     
   83544.3793392502        84682.2864070759        85993.8621159893     
   91052.0418198341        91488.7656726295        91015.8477750682     
   92908.6261663170        94705.0963508179        91263.4408115587     
   87897.8571920378        84492.7260859037        88806.6729714961     
   94357.9077434040        96968.8182725172        102366.257263152     
   84096.2765741120        95103.4455956758        81559.7199452685     
   87118.7188436210        84917.3081664933        78593.4106580117     
   89451.7232042742        89877.2138528520        89988.1417445009     
   97465.3424183534        88313.0892820580        89297.6465928954     
   91107.0514816644        86463.8891154063        94504.5175778617     
 ------
  0.000000000000000E+000  0.000000000000000E+000  0.000000000000000E+000
  0.000000000000000E+000
  0.000000000000000E+000  0.000000000000000E+000  0.000000000000000E+000
  0.000000000000000E+000
