           3           6           6           6
   4.50000000000000        7.91500000000000       -5.20000000000000     
   3000000000.00000        312377335.000000     
      492032         634      429047
   31994613.3333147     
   45125072.8888890        40922453.1111111        39919469.1111112     
   40531296.6666666        38641614.0000001        36154362.0000000     
   41198476.2222223        39491481.9999999        38396664.2222222     
   41952575.7777780        40184859.9999993        38096204.0000006     
   41103520.0000004        36464371.7777783        39618261.3333331     
   41706910.0000003        42828167.3333343        39588062.0000005     
   41877541.7777792        39653067.5555554        38436493.1111118     
   41394844.4444445        38904533.3333331        40801620.6666663     
   40125956.8888900        40537224.4444439        39201550.0000004     
   41010667.3333324        39554797.5555555        39040146.8888881     
   39739603.7777771        39945762.2222245        40654669.3333284     
   38813821.7777771        40937611.1111102        39048060.8888895     
   36526500.6666670        42732402.8888886        37346806.4444437     
   38622802.4444426        37971745.3333315        39856970.6666650     
   42052316.2222266        39216001.5555548        42703174.4444411     
   41207600.6666663        38967069.5555541        39828518.4444461     
   36925791.1111131        39559239.5555574        43039138.2222215     
   38296131.7777800        41682200.8888885        40300845.9999984     
   41294354.2222220        40399570.0000020        41818186.2222203     
   38101967.9999974        38225989.1111094        42822599.7777802     
   37337418.6666677        41109566.4444481        42511590.8888848     
   40222409.1111049        38894315.7777765        38317707.1111032     
   38745241.7777763        39047845.1111116        39944140.8888868     
   38221448.0000052        42966264.2222213        38587258.4444410     
   39179834.2222231        41018250.0000002        39564853.9999991     
   40959200.0000102        42472194.4444484        41175748.2222134     
   38997605.5555544        39854195.7777748        39295669.5555601     
   38841415.9999979        42320406.8888852        37888784.0000010     
   39015714.4444431        43575131.5555575        39827400.8888934     
   38222633.3333346        36953316.4444394        38339361.5555566     
   38731981.9999950        37950681.1111195        44088295.5555531     
   41266483.5555513        39223823.1111137        37604780.2222182     
   39153643.9999976        41837020.6666677        39623080.2222182     
   40433297.9999983        40660649.5555562        41177657.5555581     
   41778500.4444434        43195948.4444398        38424521.1111130     
   40141488.6666587        39402469.1111136        40934224.4444415     
   39638680.4444479        41098844.0000053        39352611.1111069     
   37250991.1111150        38831033.1111101        41653331.5555605     
   38676476.0000021        43226754.2222252        39412899.1111134     
   37705640.2222255        40017702.2222239        39054309.1111124     
   39482797.5555549        39809409.3333307        39281364.4444426     
   38320654.4444448        38955148.4444391        37875296.6666599     
   37553144.6666798        39092172.8888837        42126591.1111156     
   37741413.7777786        42898588.2222217        39138866.4444440     
   41684034.8888943        37912728.2222256        38493719.5555682     
   39046299.1111158        40488396.4444288        39757481.1111175     
   41402216.0000014        41576638.4444441        39679750.6666755     
   40811028.2222144        40146038.4444429        40698343.5555620     
   40367109.7777741        40157681.1111016        37483999.9999936     
   37615769.3333364        38002088.6666688        41200166.4444507     
   40182454.8888904        38065355.5555423        39005416.0000098     
   39904105.5555579        38548816.4444423        36370879.1111152     
   39141657.3333458        41043448.6666767        40882374.0000130     
   38439574.8888858        40739059.5555513        41422141.1111155     
   39708055.1111316        38418198.4444524        39204282.8888807     
   40146211.3333329        42087891.5555378        41078528.0000100     
   38512076.6666676        39430283.7777850        39062250.4444406     
   38710413.3333381        40374400.4444455        40113845.1111070     
   37225438.0000087        39655390.0000054        38369506.4444479     
   38089175.5555601        38887288.8888773        37902215.7777744     
   40959115.1110988        41124754.2222228        38699257.7777883     
   38046589.7777808        39896764.8888877        39799752.8888839     
   39272674.2222343        38942882.8888855        38991877.9999871     
   41564416.6666708        39155520.0000035        40903595.9999990     
   43358596.6666670        37498496.6666562        41853156.6666596     
   35640323.3333327        39291335.3333400        39980842.6666700     
   39392643.3333334        39577599.5555490        38567652.8888856     
   38169768.2222242        38614525.7777710        39510001.9999986     
   42342728.0000050        39579162.6666590        38527973.3333535     
   40527105.1111073        41113017.9999909        42104211.9999989     
   44490788.4444449        39053015.3333388        40903975.3333282     
   39883702.6666694        40789101.5555523        39650874.2222078     
   38255363.7777768        39011158.4444450        37074379.9999920     
   36770423.3333340        38001090.2222203        35939239.3333276     
   39668744.4444593        38679905.9999981        37101461.3333374     
   39490736.0000053        39647235.5555671        37390205.3333360     
   38350519.7777804        38339085.7777752        40574051.7777803     
   40340715.5555436        40597956.6666777        38648836.8888905     
   41039002.0000085        39762925.1111147        39316335.7777835     
   36547645.7777997        42010449.7777885        40020949.5555502     
   39701883.1111169        38331594.4444376        39018377.5555571     
   42591786.6666695        39430483.5555551        37995715.9999847     
   40018195.1111179        36332679.7777845        36727940.6666698     
   40379820.6666830        40014343.5555527        41048468.8888568     
   41841670.4444661        39692858.6666821        39876409.7777820     
   39021537.3332907        40472680.0000074        40745132.4444392     
   40687192.6666969        45233480.4444471        39793450.8888948     
   37532088.0000087        41248877.1111200        39028064.8888966     
   40118542.8888948        39543960.0000000        40454176.4444235     
   42666834.0000124        39450989.1111130        37413135.3333228     
   40224459.5555652        37130416.6666695        41605908.0000039     
   38845877.3333289        38887728.6666254        41521959.9999894     
   39334909.7777810        42072175.1111038        38719522.4444530     
   38553937.1111244        38486429.3333174        36157839.9999910     
   37215711.1111002        42759558.4444289        40239363.3333262     
   38598575.5555739        37805806.0000040        42587099.7777649     
   38348427.1111129        40770611.5555559        40216336.8888932     
   40166713.5555606        37398194.6666571        40906706.6666676     
   40281548.2222218        39749988.4444432        38519352.8888966     
   37769881.5555586        40166627.5555333        40795798.6666631     
   38386170.4444452        40521196.2222218        40024522.6666551     
   39288104.0000026        39223782.2222251        37225920.6666469     
   39533865.3333123        40818694.8888973        42315208.6666445     
   37785977.3333394        36858914.0000063        39018573.7777895     
   38808115.7777773        39502784.4444453        38502673.3333485     
   41383390.6666620        38634290.6666655        38431397.3333203     
   40574693.3333169        40855150.4444645        40479453.7778030     
   37541767.1110921        38238649.7777769        40130947.3333265     
   40478712.4444266        40267310.2222274        39946687.3333334     
   38796641.1111288        40547266.8888738        39725861.3333226     
   41169817.5555683        37139514.8888900        39841440.0000119     
   42569974.2222451        41743487.7777824        41366827.5555536     
   39695354.4444603        44082213.1111288        41509296.2222148     
   40339072.0000000        41861203.1111355        40713385.3333277     
   39108598.0000049        37908252.6666849        41814609.3333819     
   40271866.6666785        39716895.1111119        39801136.4444469     
   38564927.1111070        39246961.3333110        41796079.3333540     
   39541814.8888627        38511369.5555494        39041665.3333159     
   41674854.4444388        38056464.6666672        42356652.6666769     
   41055746.4444334        39497338.2222226        37631342.0000157     
   36832912.2222339        40048721.5555608        41810690.4444531     
   39287191.5555576        39159156.2222208        40881627.7777858     
   41889602.4444301        39988990.2222008        43170755.1110752     
   41150295.5555458        37734987.9999977        40043400.0000063     
   36814347.9999948        40778024.4444795        36729588.2222501     
   39500235.3333444        39927992.4444343        43875720.2222161     
   40372050.4444416        40193665.1111071        39949693.5555692     
   40251165.9999923        42020228.2222364        38079428.4444531     
   39935042.4444489        39802594.6666750        39275690.4444508     
   41089393.5555557        38280126.6666636        37526616.4444408     
   39085444.8888417        39992616.2222233        40848003.3333091     
   40980545.5555598        40197113.1111166        36879636.6666870     
   38751820.8888727        41153134.8888895        40854963.3333250     
   39766938.8889091        37241232.6666797        39386105.3333641     
   38646197.7777707        41694701.7778015        39269931.7777933     
   40226299.7777854        40413015.7777701        43239963.3333697     
   40002648.2222087        37927467.5555424        38975054.0000217     
   38780565.9999961        38666719.5555428        39473534.2222018     
   37938757.3333311        41093235.9999820        39074988.8888755     
   36699651.7777669        40241437.1110810        41375683.1110976     
   39356290.8888987        38003820.4444390        40719898.0000189     
   42562821.1111192        40614977.9999772        37816781.3333241     
   36340257.7777545        39845824.2222486        39990804.4444503     
   38294931.1111108        38523933.3333292        40386088.6666495     
   41169736.4444343        40737331.7777763        39415530.2222069     
   41645179.7777772        40263482.8889013        38673675.7777819     
   41908620.6666757        41644558.4444677        41726860.2222258     
   39035229.3333493        36920584.8888577        39381252.8888710     
   38531758.8889108        38637121.7777901        39157477.3333591     
   41997809.3333403        40418713.9999880        39497935.1111135     
   39562849.5555490        38167550.2222331        41948340.0000141     
   39444930.0000221        39057398.8888926        42447842.6666780     
   37347883.7777554        40284444.8888647        42226391.9999643     
   37686027.5555629        39832444.6666490        40650470.6666500     
   40752492.4444805        40851730.2222425        40739366.6666853     
   38391458.8888931        41328829.7777802        43341212.2222165     
   40708953.5555806        38758290.6666673        41227232.6666495     
   39485322.6666880        39564336.4444261        40582596.8888822     
   39260053.1111052        40842240.4444329        40365019.5555628     
   36768595.3333360        37392675.1110983        37741417.1111014     
   40762215.7777808        36393836.4444685        37896214.6666768     
   40315584.2222134        38086329.7777879        38792513.3333242     
   42376984.6666760        40149316.6666767        40018277.7777749     
   40198791.1111176        38546001.3333108        37592795.3333420     
   39509192.0000093        38629287.1110954        39167997.5555484     
   37467295.5555477        36924079.1111223        42728410.6667032     
   39237975.7777527        38363019.5555510        40042359.1110914     
   37233058.2222398        38463251.5555911        41171371.3333301     
   37813092.4444692        41996216.2222477        37356591.9999735     
   37911721.7777097        39960632.4444170        41084196.4444203     
   36930975.1111446        38929374.2221903        42679912.2222306     
   41659407.7777664        38484497.1110917        41149149.7778239     
   39072231.3333373        41307960.0000087        39814098.2222107     
   42434181.7777675        39694235.5554853        38914836.2222157     
   41666759.7778101        37130266.8888935        40849683.7777953     
   40717505.5555408        41044658.6666732        40455543.7777627     
   39193512.6666874        38196036.4444117        39766254.2222116     
   38721100.0000036        38965332.2221975        41263887.3333989     
   38691588.4444446        41591674.4444418        40453865.1110663     
   38605161.7777860        39981691.9999937        39068351.9999880     
   42147707.5555876        39732354.4444608        40773272.0000322     
   39422130.8889014        41384907.5555833        42162041.3333724     
   40907469.7777098        38653457.5555866        39984168.6666989     
   39519441.1111149        37134184.4444764        40331638.2222085     
   38153044.2222766        40731998.6666752        39247913.3333357     
   37182749.7777839        38165264.2222005        40275766.8888991     
   40974800.8888883        41037893.1110872        41445855.7777641     
   38461816.4444882        40907024.4444246        37871942.0000366     
   39538251.5555360        40534153.3332763        38275911.3333443     
   40275646.6666635        40829060.0000286        38417098.4444566     
   40968684.6666759        39970933.5555175        37901203.7777931     
   40154534.2221689        37356755.9999888        40278328.8889208     
   40292395.3333946        38927622.2221821        37475669.3333797     
   38575252.2222107        39923993.9999836        39131551.1111413     
   38359337.7777620        39821151.5555529        38177317.1111267     
   39457138.4444303        39021271.3332966        40429796.0000261     
   41612680.4443928        38760414.8888595        41648260.4445038     
   38936755.7777613        38620502.6666662        37495453.7777837     
   39511140.6666257        38587261.3333547        41991019.7777537     
   41210533.7777845        43059943.5555482        40567017.3333688     
   38523264.6666403        40016656.6666627        38022196.8889469     
   40886485.3332838        39681892.2221758        39225962.2221772     
   38900470.6666668        38352073.5555813        41242799.3333100     
   39747266.6666304        38054756.2222001        40691536.6666363     
   41753662.2222087        36973303.3333330        37379622.0000373     
   43496159.7777865        37823334.6666254        39705509.7778171     
   39375521.7777860        39322641.7777558        40037207.1110557     
   38621524.4444406        40002567.5555695        40603629.3332807     
   39974193.1111474        40021951.1110849        40109964.6666990     
   38874215.3332621        37610132.8888448        38523271.7777871     
   41505317.5555776        38685080.4444573        42605458.4444655     
   41655318.4443910     
   22177257.9959319     
   27057757.4632087        26159488.9897917        26194806.4275904     
   25608768.2089594        25456087.1098636        24589520.9209167     
   26616898.1895811        26082400.3612484        25151786.4696207     
   26442817.9117198        26268548.0476938        25641545.6147175     
   25916933.0418487        24462220.8908759        26028708.3708087     
   26615195.1745283        26501899.5058648        26906541.1159082     
   27275462.4836428        25680375.7302843        24773892.4100967     
   26558065.6261343        26001341.4993104        26822301.3132171     
   26190067.4892186        26037178.9218773        26058482.3910664     
   26723549.3827207        25602478.8954005        25650170.6348284     
   26613962.8674441        25906934.3128313        25602702.1222852     
   25741153.9049908        26809566.9499490        26504824.7490394     
   25346099.5285749        26933360.8120739        25671737.0148558     
   24740920.7249941        25111839.6764072        25557795.7124606     
   26624328.3783458        25712601.4623441        27714878.9682031     
   26892230.2737930        26446146.5175816        25956651.9297671     
   26075741.6465798        26504651.6171359        26094914.6744015     
   25631589.3426300        26577064.9746240        25915875.3489678     
   26531837.5255205        26611904.0720226        26445128.2012132     
   25723957.2196881        25811497.8397989        26329312.2911513     
   25752152.0964156        26389314.6426488        27153905.4226979     
   25847050.1329161        26406002.1706349        25675231.9278945     
   25500307.9010700        26460014.5375241        26242998.3978475     
   26001678.3216131        26834816.1939723        25912995.9581378     
   26351969.4961997        26001199.0608829        26165156.9848076     
   26520713.4915180        26491476.9869172        26304642.1385182     
   25768442.8043074        26940156.4249866        25858338.9168562     
   25349117.7173264        26766290.5988941        25844609.5571466     
   26796702.2360786        26981134.8256105        26903975.2887402     
   25972470.2599923        25263516.9758344        25652892.8358433     
   25608721.8177600        25497948.8830199        26839013.3950296     
   26113689.7510918        25611184.6591230        24946525.0345020     
   26324612.2061912        26515829.6164391        26513039.3588449     
   26024899.1068801        26098620.6339054        25854626.1166217     
   26846275.2678817        26825283.2640379        25756980.0422229     
   26002896.7232236        25836125.0149481        26671007.7735908     
   25912682.4805099        26236205.3111141        26609892.4753676     
   25939158.9339057        25515385.8268943        26487835.1155830     
   25065715.4577241        26926224.8643445        26005937.7609007     
   25129722.9112632        26108662.4908825        25635924.7959461     
   25965354.7879824        26018418.3377026        26626325.3334744     
   25455395.3763094        25955386.8147781        25348950.2670914     
   25842032.9180103        25356862.3253216        26731858.1838049     
   26113283.0157156        26582135.0587727        25660810.8984846     
   26113648.6401060        26184853.0329121        25292502.2804794     
   26463304.4938986        25648201.0240432        25640060.1579235     
   26850993.9327634        26165484.3681643        25766899.3493535     
   26242007.5968419        26386404.8947597        26401336.9733306     
   26199379.1432875        26465454.0977085        25545745.6835600     
   25882947.6226027        25560445.5109982        26201566.9542452     
   26765308.5013943        25698111.8725115        25129271.2146578     
   25922703.1885070        25955273.7768090        25608129.2354993     
   25773971.1499602        25722129.8254101        26819187.7626005     
   25306032.9337213        26261969.0228978        25985743.3111200     
   25919582.5344572        25865266.5940809        25871183.2479682     
   25629096.7723298        26800637.4592049        25845033.3723447     
   25916908.2876427        25545565.8706027        25809686.8797446     
   26005559.2725050        26847112.0714767        25930457.4401531     
   25213489.5518404        26109440.4320047        25715885.0254923     
   25502068.1298316        26023662.8478080        25457619.5417971     
   26162124.3812532        25360324.2950532        26333428.3473638     
   25977883.9472619        26146156.3775253        26272833.4714205     
   25810846.9695041        26099157.4650318        26160308.2305273     
   26407177.3099020        26371010.7301434        26066084.1350228     
   26856991.7822194        25620677.3062618        26720247.3022853     
   24588696.6194267        25233405.2032829        26475536.6017869     
   25930329.4414695        25145489.1841104        25738203.0745700     
   25570449.0287391        26500551.1925401        26126548.6762884     
   26314191.1940230        26015083.5468945        25171212.3490759     
   26473410.3107100        25568883.2004186        26744742.2001202     
   27321918.4791973        26504880.2053768        26609613.5112306     
   25936299.2182574        26738789.9347849        25822647.3148557     
   26157657.8707397        25797166.8034726        25334180.9836057     
   25319016.4473995        26141965.4457572        25125828.7709352     
   26515400.1284449        25979445.7923490        25523921.9947282     
   25735542.8620195        25780840.8594787        24483654.3260026     
   26012522.9431350        25633166.9534757        25778977.3785770     
   26073605.9962979        25953098.9676466        26121188.7501283     
   25691273.4482585        26109535.4589072        25964200.2854025     
   25027571.6283271        26622150.3275698        26071632.3022783     
   26333114.9955248        25851174.4287492        25682274.2679145     
   26263961.0961428        25674524.0708832        25541185.0897682     
   26326482.5463936        25529187.4833038        25081704.2518389     
   26336856.5451073        26881418.4285631        25834095.3360432     
   26359115.5200683        27175584.2242261        25983614.6392384     
   25390834.3695498        26654639.2856455        26457430.3062300     
   26556988.4129950        26280321.5374229        26553312.3460608     
   25706672.1061998        26980766.1429742        25475144.9320414     
   26111384.9272015        25832666.9818132        26374113.3679911     
   26433575.0995132        25896964.6867126        24990849.0796008     
   26673637.8863823        25898502.1757400        26884779.2376751     
   26231866.0876820        26241277.9797623        26492445.4292043     
   25984919.0640760        26438820.3687079        25318664.3643439     
   25257446.0694377        25629787.8056635        25334293.2501420     
   24905695.6917652        26265894.5790513        25671460.8805726     
   25174314.7943682        25665783.5513386        26152886.1642993     
   26031289.2677049        27047954.6618895        26096281.6299608     
   26468953.6106367        25466711.2966172        26710531.7626588     
   26492336.1754550        26591026.4501616        25194209.8367291     
   25652499.4229849        25704588.0239189        26038681.7318751     
   25723264.2837977        26106619.8840777        26303416.3058467     
   25730937.5440697        26438978.5327152        25560980.7068794     
   26324098.3624076        26019059.6715337        26571091.8501162     
   25784890.3191021        25262125.3854824        25651220.6671059     
   25732354.0039393        26101657.6340867        26371613.0768753     
   26562730.6241340        26060317.3990858        26009557.0608479     
   26268206.1020986        26277653.9029533        26600491.3131887     
   25603364.1342327        25706368.7274225        25753052.2073551     
   26063614.3358524        26516121.8038240        26281251.7532259     
   26108762.1355347        26021115.4472474        25787358.5683075     
   26355670.6355308        25663130.1765231        25875157.8942240     
   26744373.9686908        26461595.5456609        26068543.1355675     
   25342181.2080128        27184564.4586065        26494987.0584553     
   26140502.2979144        26664338.0108697        26282277.1558305     
   26619971.5323595        25148160.6142704        26278083.2167062     
   25596828.4101873        26470019.6523735        26645719.0405646     
   26112107.8281416        25951768.3358252        26374642.7992763     
   26633659.3765401        25916887.0046325        26062938.0890644     
   26159923.1195480        25477131.9965315        26777215.7491998     
   26590371.3211453        25829652.1544227        25506471.1899222     
   25212179.8326278        25650070.4718048        26008864.8034422     
   26355310.1750273        26319014.7309204        26218629.9364578     
   26387546.1274041        26494940.9318307        26547698.9480594     
   25380389.6621667        25354988.2837644        25941035.3130602     
   25378700.1484227        26165807.2558818        25372429.1075373     
   26999707.7668674        25891270.1713245        27109696.2428044     
   25850142.4227212        26413078.9558422        25770978.2252658     
   25050188.8241709        27156303.8446390        25849138.7348793     
   26021997.3343448        25691851.1467197        25684507.8921577     
   26375398.1970300        25519229.5899843        25697113.5158706     
   26448216.7470412        26317288.0421270        26315033.6521928     
   26227498.7115082        25961592.2689081        25255510.3244495     
   25896449.9493702        26258013.9169134        26093896.4859811     
   26600612.8133724        25788334.7081232        25933090.7319157     
   25320755.1286816        26636636.5146048        25600487.5681271     
   25949050.9435972        26369021.8837733        26476057.9944717     
   26221380.9701386        25846903.4589531        24696428.0831179     
   26279238.8021592        25184240.3113219        26698594.3395802     
   25672152.4786392        26813657.7622315        26874315.2084919     
   24472539.9807539        26117733.6644397        27063227.4791901     
   25740556.3835888        25751507.8618546        26833184.6861088     
   26376055.2347005        25667566.8029043        26035232.4286935     
   25239997.5918647        25511925.5507406        26503190.4487011     
   25979843.3094421        25919899.7602279        26612312.6547687     
   26738159.3526817        26397845.8610537        26631647.4968609     
   26269738.1806968        26202037.6502231        25496112.3348682     
   25915058.8207726        26531700.5004219        26696667.2527485     
   25518706.7307708        25346769.8127650        25740571.9576695     
   26194610.1875155        25436561.4974752        25304581.7333141     
   26128170.7362671        26082733.9691529        25609922.8629860     
   26332734.2745259        25813711.7363291        26090608.7732856     
   26196610.9693015        25883643.2186725        26656910.0192689     
   25197093.5339997        25796253.6903417        26617986.5674484     
   26096275.1118770        26259385.6917448        26224463.1025371     
   26151210.3984888        26253689.8623163        26709040.2994736     
   25472460.6910855        26373591.1946318        27148710.2666712     
   26636252.6050879        25597230.5978890        26741858.2651799     
   25777914.5421251        26109128.5705552        26331372.4305078     
   25846755.2318521        26597678.5563564        26022055.4981357     
   25259881.7001694        25878458.1216302        25483108.0062449     
   26585360.5946039        25179721.9501106        25627853.6535510     
   26082036.9942963        25629069.4515100        25340972.7186937     
   26726583.6677274        25937416.6067013        26620088.3464004     
   26440992.3864708        25614773.7919427        25533245.6218610     
   26430759.2526781        26050218.5409983        26465929.9016103     
   26232156.0702274        25184543.3043144        27218281.2521845     
   26175467.4248390        25193046.0319474        26052688.6900506     
   25558283.2100742        26484939.9465172        26420958.2984384     
   25769748.2386927        26641559.6669672        25324561.6484548     
   25854236.3941048        26999705.5549193        26001187.4946525     
   25011180.0611359        26157367.6570968        25892655.2857221     
   26902543.3096926        26285422.6719053        27126639.3902041     
   25583856.5227019        26948172.5646451        25773533.6809338     
   26378813.9981880        25563234.8603553        26029301.4989311     
   26957777.9016933        26081697.2238967        26547119.4688900     
   26482871.5820177        26360623.3645074        25785497.7580473     
   26097598.8856000        25302563.6505670        26636108.1889132     
   25366257.8803833        25506165.9774917        26874847.0465931     
   25639868.7045014        26300278.0326020        26505587.5515199     
   25720211.2548389        26493762.1535497        25437356.9778293     
   25955728.0169148        26141738.7796533        26156389.0644521     
   26532319.7537589        26588008.8058116        26491681.6433137     
   26297034.7641347        25414426.1592054        26433011.7451142     
   26017015.9863146        25504468.1487983        26239050.9529183     
   26187733.9227974        26264399.0044595        25946892.1811668     
   25414009.7723388        25643141.5776415        26619739.1310520     
   26192327.4376351        26685987.5900885        26460666.4792396     
   26277241.0911981        26015888.1611156        25457549.8888689     
   25839565.9794906        25384914.5849915        25752851.9209082     
   25799208.5850755        26576559.5978938        25716832.9380116     
   25919053.5699575        26195146.0671499        25476423.4568373     
   26328612.7645840        25789875.7329247        26939637.9035565     
   26803351.6328934        26279547.9672730        25876509.0824030     
   25513232.9183710        25950077.0317572        25971845.8539872     
   26317968.9310862        26085924.8698322        25099206.5201314     
   25370980.4322023        25580343.2175521        26086848.6946304     
   25929338.9982684        26359647.2656718        26639146.6084037     
   25415067.5945167        25510407.2972336        25753156.2364637     
   25592549.2745294        25855104.9629748        26535165.9416956     
   26829092.8150016        27110719.5624666        25762016.0199352     
   25182723.7611605        25821163.3145085        25295860.6109243     
   26101175.9835038        26007807.8815283        26178393.9936916     
   26317391.7946662        26115870.4983699        26733298.0257045     
   26046044.7806520        25265947.6912795        25956607.5539481     
   26452938.0578385        26073342.7029809        25282430.1587721     
   27721557.2092604        25318952.4830907        26194508.2752596     
   26139868.0179608        25062507.2002703        25822006.4422516     
   25813484.1467251        25845791.5289298        25704145.9168555     
   25828233.8763908        26470947.8152237        26003036.3585621     
   25299608.9365532        25675313.6089378        25809064.8769255     
   26314901.1247315        25657206.0395276        26376350.7819227     
   26503492.7289914     
   64816.7055997149     
   84785.8149112549        79472.6551671597        79490.1652407750     
   79135.4376975619        76916.4101212387        73019.0218296713     
   80205.9003582743        79566.1450802108        76389.5782947868     
   81536.9553351784        79511.3291494848        76623.4406705247     
   80005.6101554576        73498.7282001956        78090.0836365836     
   80844.5314549625        81782.0941069833        79675.2444128169     
   82870.7994253725        79174.6880718544        74441.3719003377     
   81275.8525822841        77787.3703646260        80792.6011779519     
   79934.4223525698        79462.6705941753        78711.5281402285     
   80472.6634268800        77522.4881099407        77823.7385628837     
   80437.5398692547        77775.6860540996        79243.1905817953     
   76245.8839844612        81030.0727252449        78908.2306224196     
   74320.6503648608        81736.8749540732        76339.0123306960     
   76003.4879833805        75615.5262123510        77692.4060696007     
   81991.3464316217        77844.5649301545        84465.5525123050     
   80546.1677432599        77260.6993630749        78971.4123022382     
   75924.6399424075        79485.9468490257        81534.3075814021     
   76676.9265788039        80920.7922884642        78980.1787424805     
   81732.4556970017        79816.0890463821        80940.3961296418     
   76755.8511322147        77272.1110655498        81452.3291503504     
   75801.0063575783        80437.2663127019        82308.4753625728     
   79692.7259341372        79076.3134425496        77450.4768211291     
   76929.5447118202        78803.5093675539        79306.7058764664     
   76791.1716717495        82924.4489314776        77800.4481165156     
   78362.1727605943        81233.9752551231        78254.6318897321     
   80744.0447128061        82783.9712368700        81495.3326624117     
   78427.3984737543        80598.4624032668        78116.9798535690     
   76848.5723117663        82658.0529003974        76920.5175289091     
   79772.3388068307        82539.9972659938        79643.2096065376     
   77151.9826827552        75634.4185332559        77552.4786428816     
   77406.5925640050        76253.8992175411        84017.8666662016     
   80364.4540139534        77358.1653629319        75372.8053125073     
   78408.2158832501        81770.0263575402        79509.3981096764     
   78776.3937609132        80171.0006128299        80287.6101845567     
   82281.4839743192        82844.9773449885        76761.8492755727     
   79224.8345177262        78412.2382455550        81052.2546536453     
   78254.1060471316        80644.9599748506        78805.1829853840     
   76375.8166411889        77656.5640457743        81239.3269544339     
   75822.2273797955        83714.7511458210        78637.4281367862     
   75180.0830537049        78163.4834046909        78826.1811204281     
   78496.6156138201        78046.1300552478        79943.5911158560     
   76218.2927388864        77543.8497169331        76108.5880237769     
   76120.5544537028        77730.6881413733        80564.3366301764     
   76443.4168655083        81973.3761285005        78147.5128518882     
   81599.5693314586        76690.1320030135        75787.8428697377     
   79412.0627599351        78216.8638872160        77938.4725681293     
   81140.2410574437        80556.1043042028        77644.7289084727     
   79804.6176642906        78672.1823097847        80840.0992358580     
   79994.8910489920        80180.3845424603        76981.9558262589     
   75927.8298373747        75334.9920606061        79970.3072551505     
   79851.6677335364        77019.8990560315        75803.6140914074     
   78191.1549176203        76359.7644650359        75734.8648494051     
   77586.8694229025        79271.9487304643        80901.9301978777     
   77155.4360745206        79565.0326763740        80181.7297894831     
   77659.1364632826        77554.8781579927        77359.1896253696     
   78407.8012375633        81641.9880748579        80036.9323941426     
   77812.1719452848        78085.0588313711        77172.7730074961     
   77842.4123363868        80939.3222430340        79540.1630462835     
   76657.9859012797        78173.1171576065        77176.4590824448     
   76684.1428856317        77771.0941684766        75728.7067174853     
   80356.5985657763        78348.9570310672        77747.0163789816     
   77366.5718608696        79231.5125356995        79218.2122950273     
   78242.5572036071        78542.6194963008        78064.0743680173     
   81849.6037076873        78296.7312085144        78925.6160408674     
   83268.0695240868        76615.4331816022        80940.8041815410     
   73227.0807967229        76093.2763327108        79275.1013673834     
   78487.9935570985        76586.5601372787        77945.1215023366     
   76152.1204687009        78500.2130946750        79205.6355529029     
   81235.6786806351        78057.7809337118        76719.5221571578     
   80944.4938996128        78860.5940732607        81520.4400964797     
   84883.2235199812        78508.9149643524        79799.9449742680     
   78977.0414204215        80605.9192496456        78126.6193124671     
   78528.2953335551        77482.2736566142        74569.1537460061     
   74707.3783676328        77230.3121683885        74045.1844498173     
   79251.8435084034        78651.4891809695        75842.6130955678     
   77809.2755819783        77996.3055341851        74085.2315295623     
   77729.6454990898        76902.5527911206        78599.2013225847     
   79030.2797755736        79599.7518252992        77735.3995898378     
   78723.1477507116        79007.1277970007        77939.3120254557     
   74639.6927143776        81861.9903803457        78941.6053986016     
   78724.0163585533        77692.3012149647        78391.9958997042     
   81498.8508275368        77305.1398655587        77513.0826776247     
   78724.9192232215        75025.2589622826        74181.3181724010     
   80066.0696963416        80157.2328037689        79328.0349615104     
   80960.5536058875        80107.5077152443        78858.0534958168     
   76823.4446991174        80058.6487995706        80752.2090395348     
   79768.1586363908        84400.3829288239        80270.3187555738     
   76726.3680156646        81551.6719717249        77541.2177779208     
   79260.1371170500        78850.0540912317        79375.5565045221     
   82452.3598504458        78696.4611547360        75711.9509422455     
   79339.4640083594        76344.7520256744        81637.4752255126     
   78753.6102631886        78673.2865601880        80095.7616701151     
   78574.2262837893        80244.9473469548        76979.3837842028     
   76389.5224253488        77455.3528439258        74703.0584622432     
   75379.4061557618        81985.7132063887        79230.6133217290     
   76011.7016669455        76102.0173179569        81354.2362753563     
   76746.4959361588        80886.2325322686        79821.0682970069     
   79223.7389783219        76377.5608470616        80499.9163948055     
   79963.4222813506        78790.8267585740        77201.7954634473     
   76027.2584068378        78451.5049445583        79643.9664732874     
   77645.4705809818        79179.1889181728        79690.8989243020     
   77876.5972798549        78143.2549628752        75602.0151380555     
   79596.0351528213        78486.5331222153        81752.4707198134     
   76957.2820225408        75396.3639695967        77579.9381066337     
   77427.6750975891        78670.2989780812        77808.9973645287     
   80841.8785575691        78112.6082639083        78144.9631608882     
   79573.7526643793        79805.6181865155        80403.7667024928     
   76181.5761840037        77088.8082894025        78543.1898270113     
   79873.3593152839        80206.8296241350        80104.4942102370     
   78520.8272925516        79205.1737696272        77304.3205380771     
   79941.5570168086        75563.3223577182        78804.9338868324     
   82547.5537313011        80963.9467796813        80351.7096256246     
   77303.6388995629        84931.5040853639        80468.2892256489     
   79315.1264619008        81480.5245944230        79687.3567446902     
   79122.5894665698        75241.1995760866        80132.4485531104     
   78941.8742248963        78374.5497896847        79886.5742381896     
   78032.3922770325        78528.7110967213        81954.1805805715     
   79479.9416776261        77100.0594126587        78307.4305208215     
   80935.8081309306        76766.8095088121        83062.5812132182     
   80241.3670072804        77837.3121190001        75651.7759742004     
   74916.4251113218        77187.0438079527        80880.3495198122     
   78042.0457934580        78758.1703915868        80184.6172968563     
   81415.6452066542        79514.7994438488        82393.9418844813     
   79264.8442034691        75308.7913126183        78593.6337876916     
   74659.6726195120        79868.8042788375        74243.0560356716     
   79438.1036745811        78116.1497040106        83911.7397513478     
   79576.7903014337        78734.2565497909        77818.0500354102     
   77008.9675810749        82385.7102168300        77762.1941609346     
   79268.2837660001        78470.6520999967        78688.0167875044     
   80298.1670017320        77068.3010153821        76430.8280035361     
   78241.4158153283        79585.8681926273        79969.4927189355     
   79473.6345604326        78696.6566308600        75303.2913470594     
   77798.6262000843        80279.0606853522        79329.2732312576     
   79479.7105166212        76318.3591006514        77540.8697504838     
   77131.2386268094        80788.2605798320        76953.1695633133     
   79105.4168096119        78801.9724993457        82860.7990906231     
   79380.5163940346        76961.3701783541        76212.2104264406     
   78768.3128144957        76354.8993545728        79349.2923178073     
   75968.0425692148        80847.0273449796        79475.7246437417     
   73848.0994713537        79073.0781866644        81495.5946070972     
   78072.5009011724        76290.4780137162        80983.1904387072     
   82154.7402838457        79242.5744883138        76978.5137224143     
   74014.2987417104        78246.9868047248        79220.5207587250     
   77208.2971023938        77836.9749076722        80025.0444968314     
   81341.3959280245        79909.4164438177        78627.1540327261     
   80305.0073696641        80022.7658363625        77665.0475495696     
   81623.9660840144        81334.0667671348        81546.6820231742     
   76738.4337695160        75245.1215922916        78428.9133741140     
   77475.6597038959        77191.0688073506        77301.2523426005     
   82012.6451576786        79986.1764257325        77900.2421465444     
   79415.2591529614        76686.1011500670        82688.4521804721     
   79368.3055559751        77593.4024694546        82235.7036620534     
   76045.8321349730        79094.6270750203        81193.4716780489     
   76986.4043666368        78680.4296960470        80952.7659320177     
   79781.9040594338        79469.8647259265        80396.8614830120     
   76972.0530234610        80470.1398570582        83408.0886684220     
   80434.4214366501        76755.4662555766        81806.2930856627     
   78498.4371106606        77683.8986033750        79703.1514105989     
   79205.5294460759        80249.8284477270        79957.4820107291     
   75069.3538161951        76862.2813235394        75975.7832417266     
   79881.7163824444        74097.8806342123        76063.5008813207     
   79441.1653810849        76089.9065874540        77084.6362261151     
   81849.8223752168        78627.7112859724        80523.0696459280     
   80685.7280272145        77101.3458073474        76270.5244130801     
   79636.5177428621        78472.7278273572        78410.7181474255     
   77512.0984820265        75213.8267536370        83633.1234397753     
   78605.8185627836        76423.8290937157        79629.0511712439     
   75898.5259555938        77736.3568331498        79550.7371910029     
   76961.6113705749        80714.1463562326        75290.9042276508     
   76288.6731797932        79968.8242331263        79207.6029830682     
   74794.0960935161        78266.7084737628        80600.5975231559     
   81683.5984167292        77969.6050823632        81396.7464665548     
   77381.1299454908        81184.7622339075        78496.3797163433     
   82523.5717188703        79342.8700098471        77402.3826256520     
   81364.7586711908        76834.5095047410        81303.6526416264     
   80389.5816675522        79577.6197365869        78958.5395622742     
   78677.5809731535        75949.4354415971        80366.2466767670     
   77922.0473700429        77378.2423902331        82396.7731194110     
   77966.3587721822        81447.6862663178        80440.2435641690     
   77591.9265897200        79301.4666549821        76853.3133242226     
   80822.7748856850        78995.7791657880        79963.2691410085     
   79485.8189110687        81291.2241463611        82823.4540721221     
   79605.6598263543        76761.6193242787        79299.3605779058     
   78677.7955874642        75920.0040376190        79098.5289501636     
   77243.3137815145        79669.7159959594        78775.0028069790     
   75522.2649887454        76712.6910941679        80156.5409235717     
   80868.1554976596        81024.4853354038        80377.3954364585     
   78415.8867735189        79654.2074681467        76054.2000122089     
   78408.9543943622        78253.8899678389        76548.0971162895     
   79697.8910151996        80522.5375934614        77288.3849735278     
   79636.4267781385        79357.0313842366        76204.0111661526     
   79469.4662167300        76860.8130742718        79473.9161895950     
   80177.6307087256        78885.5758819606        76073.7898853286     
   76544.3604129238        78590.4608291136        77913.1103613478     
   77693.1683701076        79218.5526670118        76350.1076108103     
   77248.2941071562        77804.3101118110        78381.3952417502     
   79641.6132592240        78539.9113228720        81640.4089556405     
   76855.3181816651        76944.0346882990        75553.5849457213     
   78525.9129062513        77749.7898808110        81804.6380943084     
   81210.5827104242        84005.1296909979        79057.4207835515     
   76000.8038228273        78754.9806934594        76743.1015075688     
   80247.0217675123        79019.0762962040        78156.0800800258     
   78716.3419222902        77440.0442386852        80018.2607728234     
   78885.3815611803        76342.6915375324        79713.1357581288     
   81325.6078326249        76092.2844057378        75309.8726182593     
   85104.2877664679        75469.5613487406        78957.9189629246     
   77630.9888382301        77503.4395395713        78588.2004729516     
   78357.9604501870        77530.2470086723        78969.5354090143     
   79392.0150885357        80797.1911748369        78844.1316455898     
   76933.6513737982        76867.0451871478        77858.2693943120     
   80495.2544804656        77852.9104395130        81639.7425745769     
   81797.1398128784     
   3862906.00000000     
   75110.3409379091        67934.7352778813        65352.2711865073     
   68711.9243349780        63694.8449430353        56021.7900497652     
   79399.2113470274        74646.5747979016        75102.6924473903     
   65011.4921132647        70436.7332843377        65457.9293838247     
   63133.4820816784        64307.8144661214        74960.0307538267     
   88476.2185344828        60206.5550868551        76829.6324016678     
   77138.7272312496        66995.9532742307        65925.5115093826     
   75664.2039835090        67018.8161486972        76200.4408101380     
   58461.8072000091        61041.1491213874        81290.6021071670     
   77731.3613508182        72342.1985885852        61674.8835528580     
   79310.1882036029        57514.0221135665        67766.3032922891     
   69750.6488173294        83154.7358276610        94225.1577006206     
   62901.0208320458        84118.6273466215        72591.2288144388     
   66401.5020186857        69776.7660171353        69595.1184971694     
   83820.1049445386        69973.5618433770        76017.4221784808     
   68517.8872515368        69074.5255593552        73423.9231159049     
   73304.3390492412        76902.3508795588        71878.0194631286     
   69940.5560462788        72999.4731906590        66468.3726226164     
   64662.8993553236        69742.1413170763        71975.9796116733     
   92035.6410044293        75200.6195570991        55427.1736000406     
   64367.3174096388        73365.4278568835        79515.2272194102     
   70859.0687240838        66842.0418570315        66221.0273773955     
   59626.3105307618        80929.0911643757        72843.6950792295     
   74730.9229460414        82549.0018096445        73772.1194078148     
   72936.5672470404        80977.6912920348        74151.4878414285     
   71189.8039912025        73915.3262421713        66985.4469244037     
   69934.0143567639        80821.9957776952        58291.7893502921     
   70760.5303959102        65698.1712793198        69360.8566309784     
   77223.6205201824        73524.4933324884        82084.3931793206     
   59655.3847063838        66118.0453257888        64685.1675307432     
   72271.9415039713        69290.0048473176        74787.3697972349     
   60976.0791340151        59739.6006991799        73193.1468469049     
   75183.8027896086        86722.1536959035        72120.5740771390     
   73379.5354398274        60073.3755392046        75516.1899985240     
   59465.7913463758        70797.2200232151        69905.9974238917     
   67510.6983380846        72622.4009561427        74385.8488241273     
   75305.0883563229        85779.7704591361        68832.8960327509     
   66166.7610893737        62727.0383220166        71019.6705055596     
   65165.8825935849        77396.1823602664        62577.2567593092     
   71026.9390494651        74659.1295555565        61866.0132187370     
   80043.8816331923        70875.7863750665        61233.2369135084     
   72344.9077731318        75225.8942665887        58370.9834400262     
   63022.9506560607        62607.4542553530        65540.1465270468     
   57919.7224994198        89443.1496263493        74631.9385935827     
   61918.9414339035        65430.2263198939        62823.5117229443     
   71900.1554832044        63254.1894687638        53673.7860575978     
   65448.6785097632        85061.0931804787        67599.8701562709     
   67925.7487145072        73982.3950791176        69978.3194357515     
   81079.2526736963        66989.2463905361        77475.4755665083     
   67348.4115759761        62378.8585495247        68166.2549206898     
   76285.1193466372        75072.3958348387        57624.5205003482     
   83126.2563510857        81012.9932882304        55244.9974586997     
   68649.2661826289        74872.6595521989        67759.3486173249     
   65464.2232820702        57589.1524264807        75252.7383207852     
   67753.0547190795        74811.2568756153        69709.7136996070     
   57571.0141055529        81052.3095029921        73227.6559110381     
   70348.1066069444        52366.8523051332        61777.3700219257     
   64387.4710995586        73332.4055403673        61011.9593098395     
   61239.3986564102        69533.8314565116        61479.5083965615     
   65952.4216412510        74919.2443108660        63689.5091710320     
   78577.6841721071        50756.3081698517        94458.7257512570     
   83451.0446277363        65872.1207505130        73915.1610479916     
   63751.0605223773        59863.9919164720        71679.6542921800     
   67649.5770849338        79787.1203197301        69721.6902776331     
   68934.9364775335        66767.7705538516        69934.7081723185     
   55469.2320381847        69336.3418147153        65595.6848102521     
   62726.7905307471        82296.1390788225        79568.0397986509     
   63649.7634514032        67275.3296708898        71992.2677577888     
   53555.3748696099        78300.2735861861        58677.0386967021     
   62598.5833279047        71845.6083650772        65974.5081030729     
   71350.1249425729        65273.9030676716        64009.8867630853     
   57053.1633911212        77981.9609213786        75115.5610739867     
   68629.4428810684        66586.6351358427        57236.1489839424     
   73123.9139662049        62843.1863497431        63261.2102213998     
   81721.6267607638        66760.5846070359        73406.9411542347     
   67821.3294735374        72157.1150296822        59276.4953358911     
   85032.7128204113        82531.0452023142        72716.7268327346     
   75665.1786291690        66266.3071020432        62333.7274996387     
   68602.8300987235        71509.3390929395        69882.1268649293     
   61737.9216518204        73510.2370747828        71803.7646793666     
   80986.6613359909        70003.1150821201        62772.9623039651     
   74233.3085186194        72925.4661981665        59338.4761921035     
   65937.0751019595        67501.6787358746        61242.1408797927     
   69781.3584153301        69666.0198390841        58940.3747385151     
   78601.0756679485        70206.0065735916        70434.0736580450     
   62215.2006757249        85387.5333989260        70378.2049864804     
   57933.6814076019        53935.8005459735        70906.2481817977     
   71671.6919327199        76209.2952181684        72322.4413646966     
   69877.9474521836        52025.9906348006        73357.6141721851     
   64152.8623255903        74114.2035150768        61094.3086084054     
   69838.0860966291        65181.0143804427        70488.3564654848     
   64971.6637965460        62009.4513249451        72346.7083896903     
   73324.9718022821        67994.2051825628        61293.0206871313     
   78829.3740242534        69462.6658039095        69210.4142915523     
   62835.5048203884        66926.0430973941        61825.3093728662     
   64203.4447834055        60333.7050469476        68529.0378586646     
   75955.1604921630        72757.4967562774        79726.3453810293     
   67100.4220734545        66713.9337706969        59984.4845511238     
   71347.1349279209        77011.1477662899        72581.2345665687     
   62783.7329644796        78411.0032448194        61728.0760787120     
   56570.9946194984        84292.3951042171        71062.7696670357     
   58374.8985420844        67082.1681166009        58316.9814626919     
   67140.2999484270        70266.2694103355        53003.1307269708     
   74969.8432880992        81644.9271031427        74184.2128084213     
   71257.6162019573        66784.9672679553        69662.1377758618     
   80750.2519454642        71039.2129770147        56720.6109880261     
   62115.5555465476        69636.1362119816        76623.8665314699     
   58182.7611917094        76168.0627509226        68109.2464092854     
   64909.1708383766        75278.9711565169        63770.0248142035     
   70318.1569021701        62553.3531615108        73929.2190726816     
   70287.4638235873        78513.9357381722        64736.1960128434     
   75762.6597145927        86371.8263990758        75848.8415181269     
   70133.1889791928        71222.1159727461        76286.7712884339     
   65829.9301570251        81109.1858590527        64570.6218865595     
   65250.0820669630        62760.7379346694        77115.6000460957     
   59668.9801873707        74852.0763574119        70509.4682816467     
   76329.4905032968        77688.6256165374        81138.1609181669     
   72298.0256649413        68920.5976227380        73662.4800307673     
   68181.1884745320        64463.1630726837        68103.8280401922     
   67425.5407384644        70594.9727890443        58100.4614513975     
   66925.9109420504        60139.0897838776        63458.3694748367     
   68688.0042177617        70810.3199216630        73609.1057913157     
   78083.3901476965        70736.8580699634        74884.0579505962     
   53566.1290107065        62475.3649892883        74379.9018336592     
   70091.0314245408        70151.0795088511        65268.4516597424     
   68473.9621191624        72875.8253471755        78544.7114138448     
   73952.5114520152        68609.4543853283        74428.8984273495     
   68985.3207023330        93569.3368073280        58538.8868042435     
   74276.6389519470        59369.4335813738        58538.5729353021     
   76589.4565838445        53978.7510326879        61208.4743059758     
   71774.9548144320        66678.1692307982        78212.4398408552     
   71872.1385503323        73983.1054140902        67098.8527287476     
   53547.2473159701        72837.5498557458        74306.4565013776     
   83424.4814036452        66487.2708367708        60951.4321624082     
   65208.5522501938        86184.0171362082        76796.6761628234     
   59210.1533533354        73138.1867433285        64391.9148229917     
   64214.7936235488        61167.6383047612        65364.6937888186     
   77781.2995513326        73065.0222411523        72846.5529385378     
   65997.2553416136        72629.8016553919        87174.5544763496     
   59279.1384427658        78185.9261750180        73051.5258766732     
   75561.7175144413        65064.4698866851        81631.7115687690     
   68003.3404206985        72779.5336598454        81398.7712560154     
   69762.4271623399        73955.8483744445        73971.0462389742     
   65327.7894090801        64964.2796167148        71866.1750404462     
   75361.6673628601        68215.8792522629        73931.4491941071     
   63464.7790090080        88978.0123746505        67561.5946648411     
   72791.9232233207        65795.2063404584        73251.6586253443     
   72830.6942972894        62022.2869127055        71021.7189133876     
   75731.7353641583        58204.8476535314        71516.4754815013     
   69572.6355693162        70072.7444288513        69483.6950229815     
   67617.9754383627        65137.6013500253        74798.3717296010     
   59470.2515892269        70425.2027305967        73810.7913652757     
   61973.5050714487        62085.5397641014        78270.9020610407     
   69005.1109650576        60191.5719747589        71531.7889819567     
   69254.8350064658        72767.1440963701        72706.8482207903     
   80891.0634642155        74572.7990772606        70247.6850651226     
   72234.9710465610        62104.2727840761        78594.1375124023     
   80289.0132764056        65395.5851004170        72184.8015741950     
   81748.9663974993        71009.3128304943        70530.2662288672     
   65193.0239973048        66232.0623485975        75100.8422725780     
   73848.3400023148        76883.8821702716        66400.2961011741     
   63751.7378185139        71651.7529952336        58643.8842248422     
   58219.5334161041        55402.5761866876        75281.1682391065     
   58066.7122804908        62914.7319489584        66665.0528129324     
   77818.2865281609        68529.1204557544        68185.1366154261     
   71923.3817848661        73851.1317839512        68572.2361366485     
   73659.9360404004        73701.8127649469        66390.9461106048     
   59601.7957144986        77162.4656348683        60990.2032363769     
   81868.0714010419        72815.0338890567        79958.7570724080     
   69083.0000207723        87732.9934007264        67559.3480239976     
   64604.2554215405        72785.8936357628        57278.0752667429     
   72429.4541542873        67905.2976750640        83349.7145179263     
   64879.1550559305        75889.1158591306        77746.4931376760     
   76725.2131606979        77305.1603672678        58429.5447767195     
   71065.2310603128        61566.5822486659        73775.9849516191     
   76196.5917857517        73941.2452089616        64844.9103024847     
   70767.6337456361        60900.3541220540        79058.8452592339     
   63783.3394650849        75067.2417764330        80072.1793961699     
   66190.7472842619        77432.1120943447        71787.2948196534     
   70900.1359971499        66310.0174819841        66094.2243250803     
   69527.8018689536        65356.1036914757        67670.6063040058     
   74716.2206640508        84927.8971134102        87050.7744775224     
   68631.4912888964        60976.7399107337        74272.4430197834     
   93604.2258180744        75177.1454641679        62200.2836413007     
   67033.4358335980        64780.1376646358        73427.5078296037     
   80085.3618917076        62066.8563023806        76941.2871477072     
   78197.9688307160        76634.9840997618        68605.2088949108     
   66900.8179461584        60002.2759642743        68452.8668224185     
   62573.9033174619        49764.9778976479        62854.0065685115     
   68850.7535235733        62866.7925980180        64778.7665529446     
   65168.1292344284        81554.6650033706        68026.2528534189     
   75326.0349783051        57933.0701891372        82597.7340926473     
   76271.3586714706        72448.6497179650        64246.9569303307     
   72094.1760472277        78482.3175721832        69335.6479991607     
   84780.7916964135        68741.2463018696        73772.0533301429     
   67693.8821639214        61466.5571728753        59099.0602675068     
   70196.2105587372        73102.2404898321        73637.4696319652     
   63886.8170992306        64479.4181799633        65527.9882354230     
   61024.6297034203        77185.4276258425        72829.3231855982     
   69255.9087686336        91496.7610709255        70903.9354632823     
   67685.1764306528        56400.3490318986        73624.0889034118     
   75295.6227298277        63387.3855358322        65620.7117284722     
   68979.6545419703        77142.6753721437        57455.0973496780     
   73858.7307162161        71459.4834895149        68887.9882916710     
   75190.6253092290        68877.8784078752        59785.3429675307     
   82583.8247427190        74525.6361389646        71985.0157333013     
   74042.6248770255        70775.2161584830        73801.4413747063     
   79112.5664064628        71212.6503462509        65921.4477325627     
   83279.2757197147        85993.9281936612        71851.7866273969     
   68211.3364123219        64044.5445019802        60076.7620198878     
   61330.0407027954        66578.2763103514        61497.4650038917     
   63967.4153394920     
 ------
  0.000000000000000E+000  0.000000000000000E+000  0.000000000000000E+000
  0.000000000000000E+000
  0.000000000000000E+000  0.000000000000000E+000  0.000000000000000E+000
  0.000000000000000E+000
