           3           6           6           6
   5.00000000000000        7.91500000000000       -5.20000000000000     
   2450000000.00000        200713842.000000     
      273408         734       32370
   2406605.39999990     
   21682398.8000000        23076411.2000000        22036912.0000000     
   21421812.2000000        21413777.8000001        21875091.4000000     
   20454125.9999999        22542153.8000000        21608724.7999999     
   24209784.6000001        22555922.8000001        21844349.6000000     
   22181515.4000001        22546928.5999999        20648428.5999998     
   21400614.2000002        20432187.9999996        22476607.9999994     
   21552991.1999997        21423291.7999995        20530275.4000004     
   22139504.8000007        22373132.6000000        21212914.3999999     
   22499564.0000000        23041449.0000000        21956229.5999999     
   21220575.8000004        19524212.4000005        21816723.8000001     
   20016700.8000000        22383440.2000012        22247080.3999998     
   23462543.4000004        21503649.6000006        22155079.2000010     
   20500343.1999995        22352351.9999998        20176847.5999997     
   23003787.5999990        21383344.9999996        22499773.9999996     
   22079911.4000003        21935322.7999989        22104372.9999997     
   21537911.5999998        21628761.7999997        19678479.9999998     
   21007620.5999995        22686365.0000001        22199468.6000006     
   23512077.2000010        24938929.1999989        23521606.8000000     
   21724335.7999997        21922658.1999996        22178223.4000000     
   22047950.0000001        20525499.4000009        21234242.4000001     
   20576446.0000000        22401860.9999994        22796487.0000009     
   21752138.8000008        21247563.1999994        22829514.1999993     
   23319427.7999995        20748733.2000008        20999111.5999989     
   22587534.3999984        22451081.4000006        22083669.8000005     
   21375108.8000019        21270862.8000015        24833234.4000013     
   20042114.8000008        21140888.4000014        22303806.9999986     
   21932258.3999996        22719997.6000008        21978936.4000000     
   21316498.4000005        22286808.2000000        21466531.7999971     
   23148942.8000004        22096629.4000017        23730354.5999965     
   23180571.2000020        23442011.5999992        21193032.1999997     
   23011218.6000001        21085603.2000005        20656932.2000025     
   20294788.7999999        23008068.6000008        21549232.5999986     
   21788793.5999990        20705961.8000022        22368197.5999981     
   20586188.7999998        19915002.1999997        20424003.7999998     
   22098558.9999990        20928770.5999961        21943463.2000006     
   20993245.8000012        22525838.3999994        21885726.4000008     
   20908137.1999988        22074771.0000019        20212250.3999999     
   20375771.2000016        21773469.4000013        18991826.3999991     
   21140876.3999998        20057213.7999997        22214194.7999990     
   20829574.3999981        21343501.6000020        21947107.9999997     
   24063631.3999998        21801234.1999997        22115274.5999993     
   21248293.8000009        19761444.0000022        22229894.6000013     
   22103881.5999974        20496207.4000032        21596762.7999976     
   19956717.7999931        19949684.2000021        21935785.4000031     
   18918973.1999957        20717897.4000012        22042567.0000097     
   21158405.4000000        21917380.8000011        21663963.7999974     
   21738534.9999990        22244946.4000029        21250099.9999975     
   20819212.1999982        21052037.3999996        20717857.7999975     
   22674997.9999984        23002662.8000055        23245201.1999978     
   21754419.0000041        21188691.4000004        20625817.3999983     
   20031036.5999998        20764283.5999993        21225998.1999976     
   22995311.8000034        21353628.7999992        22229627.1999995     
   21772708.8000011        21553391.6000023        20772945.9999965     
   21131584.1999997        21279062.4000026        21633219.5999990     
   20520134.0000013        21011613.8000010        21339078.8000006     
   20821363.2000009        21405226.1999992        22384729.1999988     
   23097014.3999990        21282486.5999993        20507198.6000013     
   23892506.5999996        20876447.7999995        21367575.0000002     
   20540594.8000000        20595380.0000035        22764296.5999963     
   20571038.8000035        20353062.1999999        20311290.0000030     
   21901818.7999975        22149213.4000048        21175800.3999991     
   23121188.7999989        20293339.4000015        23795742.7999944     
   21571170.3999967        21933550.1999976        21128327.9999965     
   21258622.9999975        22388581.3999967        21887880.3999977     
   21632929.4000021        21166832.5999995        22686767.9999985     
   23286996.9999997        20903106.6000008        21452387.1999994     
   21557684.7999986        21535698.1999989        21718236.0000020     
   21978375.0000043        21393094.0000017        21991293.7999954     
   23739293.1999972        21127427.2000032        21165216.1999996     
   20747093.2000020        20452033.7999998        20316814.1999991     
   20968142.9999973        21562457.2000010        20786150.2000021     
   19844094.0000005        20624287.0000057        21488240.1999983     
   23318597.3999971        22840972.8000013        21408575.6000050     
   21980758.3999986        21474476.7999976        22297157.1999997     
   21629125.3999968        19820027.7999993        21306366.7999972     
   23334038.2000005        21063778.2000014        19963819.3999980     
   22308665.0000019        21350563.9999978        20689383.9999994     
   24922874.7999993        23033443.2000000        21242986.9999993     
   21883797.3999977        21845220.8000004        22764556.3999985     
   22118343.4000030        22284906.4000025        20803085.4000027     
   20625484.5999971        21774111.1999990        20982300.7999981     
   20812917.2000030        21197277.5999987        22055682.5999978     
   21422785.4000019        19857899.5999948        20964596.3999977     
   22197774.1999997        23087298.3999960        22359954.2000012     
   21219456.3999940        19834251.2000041        21434118.0000058     
   20447899.1999972        20360497.1999934        23084426.8000084     
   20945008.8000011        21472957.8000043        22526376.2000100     
   22797385.6000067        21689467.1999994        21592884.4000030     
   23297326.8000067        22255004.4000012        23887408.8000000     
   22787184.5999903        21949486.3999965        21048997.4000014     
   22540567.4000022        22512624.2000070        22417215.2000051     
   20292981.0000054        20701751.0000099        19896879.5999951     
   22321962.0000004        20996484.7999974        22965564.1999997     
   22337715.6000041        23122555.6000061        21403729.6000016     
   20476758.1999951        20265725.1999900        20989910.7999964     
   20534967.9999939        21577133.1999988        23138573.6000076     
   21051519.3999906        22048170.9999908        22569690.6000085     
   20774175.1999949        22629895.8000024        20493234.8000023     
   21248159.6000036        21032985.9999966        19873032.6000026     
   21017839.5999891        21793735.1999986        20612235.7999961     
   24157993.9999979        21850837.9999917        21074503.9999999     
   23384583.7999900        23393919.9999948        21577422.9999976     
   23595829.7999946        23198469.5999925        21713010.0000067     
   20586840.8000049        21698926.2000047        20452796.4000038     
   21442434.7999955        23318217.1999979        21747233.1999968     
   22558439.0000070        22617653.4000069        21469124.8000002     
   20772597.2000039        22124292.4000073        22319327.4000086     
   19966894.7999996        21217227.9999849        21938055.2000011     
   21937335.5999934        22668756.4000025        22588513.1999981     
   23675200.6000093        21807440.3999999        21109007.5999945     
   22120821.5999930        22937722.1999982        21696667.1999979     
   20101235.6000066        22633877.8000070        22296866.9999994     
   20865692.4000045        22919609.7999993        22192139.7999993     
   20383662.1999955        21410368.7999968        21506023.7999943     
   21019299.5999996        21288534.0000079        21654935.3999954     
   20773208.1999983        20955950.0000053        21642983.6000092     
   22910438.0000023        20653339.4000030        20666783.9999987     
   22225858.4000109        22258801.0000032        22607797.0000052     
   21497118.5999931        22433266.0000018        21878606.7999992     
   21594671.5999983        21416197.0000021        21599830.5999982     
   19625843.3999962        21511612.1999963        21417307.1999961     
   21943559.1999992        20793470.9999994        20975057.9999981     
   23246425.3999937        24456859.0000032        20283673.3999933     
   21011627.7999923        21181283.5999921        20991615.7999922     
   23081665.0000110        23073461.9999986        22340455.1999994     
   21494799.8000042        21132601.4000084        20841326.5999992     
   22073044.4000064        22270814.5999929        20102908.9999944     
   23947874.9999898        21502037.3999962        23271974.9999911     
   20375436.2000001        21522560.8000001        21469155.5999934     
   21917208.4000043        21881741.2000125        20985051.1999982     
   22355051.4000051        21245394.9999981        21171068.5999973     
   21707485.3999986        22453854.3999933        20519644.7999975     
   21461982.6000025        23055447.8000178        22569646.5999971     
   20429978.4000012        20933731.5999879        20987032.8000017     
   22022602.8000027        22073183.0000098        22557948.1999907     
   20672948.9999944        21933802.4000010        22588203.8000031     
   21345898.2000025        22005541.1999993        21807583.3999852     
   20527865.9999903        21775138.4000063        22638069.9999995     
   23047968.9999980        23245526.5999969        19647848.1999959     
   21285329.1999968        20757927.8000044        21924843.9999995     
   20600675.2000017        20740741.3999922        22926479.6000094     
   22611150.3999949        22463916.3999988        20877750.8000007     
   23537155.8000015        21005511.2000012        20230496.9999950     
   22784229.9999961        21313400.5999985        19819822.3999942     
   23036801.8000025        21702024.6000022        19720524.7999992     
   20106857.7999972        21874823.1999983        20809138.0000031     
   19439645.8000105        23404888.3999959        21203933.4000036     
   21017864.6000026        21170675.7999998        21762579.3999972     
   23351968.7999992        21175670.5999922        21309005.9999928     
   21051705.9999948        21785984.2000019        21110336.1999993     
   20940753.5999977        21638339.2000065        22217815.3999999     
   20390822.8000023        20034946.5999964        21962767.9999897     
   20937850.7999963        19773130.6000030        22026466.9999959     
   23144225.5999833        21109653.5999982        21088249.7999957     
   22283293.9999874        21795774.9999999        20867974.3999989     
   22842594.0000018        21163430.5999996        21469798.9999951     
   23116201.3999938        21886332.8000010        21101601.3999958     
   21981993.1999991        21884316.0000043        22013469.5999975     
   20858792.3999944        22107771.8000103        21770565.6000002     
   21618598.6000066        22656741.0000036        21912035.7999947     
   22073871.8000030        20702620.3999984        23408329.2000014     
   20862987.5999912        23034804.7999986        20735582.9999975     
   21672758.1999961        20539491.9999978        21959018.6000106     
   22846635.1999961        21481407.5999973        22288904.6000042     
   21232852.8000014        19497436.3999954        21978028.8000125     
   22261151.1999940        21260295.0000017        21649790.1999956     
   22589816.6000078        20616492.7999971        21216688.3999916     
   21138665.1999879        21716236.5999863        21871249.4000132     
   23309808.0000151        20458966.9999961        21346415.2000168     
   20753420.5999886        20357903.7999995        22731811.8000172     
   20641201.0000056        21431146.8000064        22742728.5999932     
   21897416.9999993        22356375.8000068        22006321.4000247     
   21510336.5999999        21184187.2000225        22941832.8000057     
   22622546.7999976        20817316.2000226        21409444.7999897     
   19692826.7999914        21513944.9999782        22178281.6000016     
   20478716.3999892        22651888.3999944        22231979.2000239     
   21793576.9999904        20622095.6000106        21429077.3999828     
   21751415.3999874        20469380.7999828        21131737.3999862     
   22081950.2000010        20713369.8000264        22918768.0000123     
   19898118.3999926        20537470.6000024        20702922.0000010     
   21244467.8000121        20693112.0000023        22337532.2000026     
   21215329.7999920        19928011.1999910        20411144.0000165     
   21830443.9999955        23052221.1999968        23270677.0000105     
   20499892.8000132        21989628.7999953        20680229.2000052     
   23827320.5999888        21474181.1999889        22099577.9999662     
   22634725.8000061        21275201.6000151        21252411.8000043     
   20715201.4000089        20542160.7999955        21381027.5999900     
   21655186.9999918        21862303.6000197        20303538.0000104     
   21602287.0000171        20457592.8000011        21260457.9999885     
   23159093.9999885        20961668.0000019        22105196.8000103     
   21913704.7999954        20986592.8000268        20745156.4000169     
   22116356.2000169        20808395.6000009        22030106.2000223     
   20928629.0000108        21256037.4000096        21866686.4000028     
   21663804.9999972        20910901.7999840        22187758.1999953     
   21912122.2000066        22205796.8000090        20271781.0000011     
   21552082.4000061        21364746.2000037        21965477.2000081     
   20605904.8000006        19696666.0000001        22129596.2000141     
   20228549.9999929        20328911.2000063        21445384.4000147     
   22975650.8000150        21748140.9999945        21190876.4000042     
   20973273.4000082        24113240.4000048        22465388.3999906     
   21728065.2000063        20882110.3999934        22566882.8000116     
   22296703.3999995        19724772.0000001        21164783.7999878     
   21740063.5999825        20439233.9999927        21172293.9999927     
   21596393.0000021        21107012.6000122        22107071.6000121     
   21635902.3999971        22404098.2000017        20506083.6000087     
   21431734.6000140        23301960.1999978        20691882.4000008     
   20877427.6000072        22354169.8000030        23560824.2000155     
   20935357.6000001        20961129.7999766        20676373.0000156     
   21930528.4000051        20936192.9999981        21989883.6000061     
   22724291.3999954        22004491.9999985        22728419.7999990     
   22112052.8000209        21388164.7999942        20718812.1999937     
   23555607.7999942        22487196.0000199        20319368.6000103     
   22116943.0000007        22062015.7999962        21993963.2000258     
   19957858.0000024        21341869.2000007        22655268.5999902     
   22559385.2000004        21698647.8000117        22214808.9999884     
   22067510.5999999        21305164.6000036        20002913.1999990     
   21523265.8000175        19018562.1999959        21290093.8000089     
   20311023.5999908        21305720.7999723        21144787.0000080     
   21106142.3999985        23040384.9999883        20722751.0000031     
   21602285.1999854        21581362.2000214        23572830.9999980     
   21418794.3999797        20499309.3999834        20415119.2000022     
   20707316.6000029        22028413.1999843        22108487.3999970     
   21132425.8000011        19717311.1999909        21068351.5999920     
   22375447.4000067        22441139.7999977        21892810.8000008     
   21882993.1999863        22108284.9999770        20292805.4000000     
   22062085.1999843        20938886.5999907        22116668.3999883     
   22149732.9999816        21800958.5999973        23173113.8000066     
   22305345.2000067        21485098.5999943        20568959.0000151     
   20742438.1999698        22408937.8000095        21110696.9999937     
   21513125.5999951        21611218.8000164        21350994.8000099     
   21533230.7999932        23659843.6000030        20948909.7999828     
   22479727.6000065        21177997.9999988        22238149.5999962     
   20730958.1999996        21900399.7999866        21512343.1999978     
   22527378.6000223        21486603.2000088        21213175.8000110     
   21666676.5999908        22828158.6000192        21210217.4000134     
   20245188.9999879        21018251.4000198        21844237.7999962     
   21472682.8000075        22118355.0000058        20806059.2000007     
   20395599.0000102        23093419.3999945        22327492.1999881     
   21511008.1999856        23152492.6000337        21746498.6000168     
   21911368.4000095        20910288.9999976        20244755.4000152     
   21180703.1999868        22714915.7999941        23046394.8000110     
   21808297.1999888        22694700.5999898        20351783.7999859     
   22581153.3999911        22251163.5999930        22050161.0000401     
   21832108.8000037        22643308.0000058        21488709.8000059     
   20600840.2000146        22789788.0000226     
   1801926.72652318     
   14464010.7667011        15011803.4367453        14951815.6489689     
   14725559.4886886        14608514.4296626        14831996.0953757     
   14145502.2271847        15273843.7425276        15191064.5850536     
   14742070.8888572        14844679.5304971        14963700.7780485     
   14789800.4042751        15304885.3491259        14739886.1349236     
   14800067.4442042        14544691.2047607        14784593.9769819     
   15040897.3606837        14720349.0674603        14411311.3206085     
   14746121.7840056        15077831.0354685        14459231.1732295     
   15440928.4716715        15208930.3541272        14865800.2190844     
   14547163.2970617        14377881.3676117        15140881.8521889     
   14675140.6049759        15203038.9779813        15276147.3722872     
   15373874.4839352        14369610.9092760        14854713.1077959     
   14379496.7211884        15102593.4455975        14646592.3869172     
   14927476.8422770        14662038.9214461        14849605.5535417     
   14735636.6335262        15358751.8145604        14938145.1659348     
   14628757.8237260        14512762.3193875        14562202.8255656     
   14369719.1042637        15295123.4286726        14853019.2621034     
   15081847.0199228        15101580.1261677        15382990.3275680     
   14664595.9101935        14508051.5174427        15059904.8398753     
   14982837.9319046        14714518.6330306        15102132.3857898     
   14962332.9056646        15290129.2786875        14738582.4702822     
   14763954.4353050        14799449.5588103        14959433.6854948     
   15215661.7538241        14281855.3721547        14692570.1627724     
   15125371.9728662        15098041.2535776        15138531.1455462     
   14902922.7440567        14967118.1991605        15381378.9923529     
   14485192.2689606        14784697.6738799        14886248.5985499     
   15125184.6640547        14827318.4820721        15039033.7809251     
   15003904.0427155        15018218.4552525        14808223.6214266     
   15383718.3682624        14483326.8572540        15297272.2049294     
   14978823.3272949        15082542.5398615        14595697.2517052     
   15413327.4193959        14482897.6089238        14250276.4435229     
   14552810.1598061        15056727.7039718        14737437.5680892     
   14592780.2796859        14826511.6814376        15326093.6504860     
   14563868.7559131        14550258.7934977        14445865.5854282     
   14939037.6449875        14333590.8319650        15380463.3949639     
   14959531.9802781        15064772.6051751        14575975.3952167     
   14511424.2341600        15147227.3422301        14311802.8661796     
   14642999.0785689        14781114.3561330        13641304.3100702     
   14754665.6504454        14429310.0972793        15033129.2164343     
   14281943.3481421        15022465.2417603        14863204.6513057     
   15622161.2372272        14953921.6077956        14584002.6535472     
   15208522.3883014        14444869.4682437        15090756.8851047     
   14856721.0344746        14633113.7502983        14933492.3836930     
   14178618.2737704        14366837.1058468        15467372.0119731     
   14111268.7334114        14827918.3151028        15105126.1627392     
   14752916.4789608        14916841.3523285        15223333.2191263     
   14360796.5499670        14924083.8291481        14820518.2119219     
   14544961.8231221        14631000.0585676        14570749.4426404     
   15099772.8713713        15006042.0202548        15016790.5554613     
   14730515.6284854        14814541.5040724        14639610.1963338     
   14545758.0504010        14736245.9169694        14609213.8988821     
   15200429.0390117        14302612.0631086        15042584.9582534     
   15149293.2031976        14916353.5208341        14396875.5004167     
   14757261.7247676        14484575.2955047        14899772.9932663     
   14747144.4475812        14721982.9339902        14867692.3296223     
   14357183.2814101        14662750.1350853        14996240.5703971     
   15345687.8369577        14971339.4413956        14352810.8936109     
   14940628.6377956        14550252.6674671        15054609.0305042     
   14328865.9372150        14400516.7702089        14964475.7951073     
   14252872.7464780        14652212.1973354        13952507.0672464     
   15096831.2286865        14945617.4206050        14589238.9119599     
   15113618.7073457        14638693.8793134        15510938.8907945     
   14993857.0133777        14661874.1577379        15085309.7080286     
   14806863.2126768        14694097.5219217        15135994.0228162     
   14827710.2567464        14604795.7836775        14890188.4690829     
   14768032.9862062        14739946.8353574        14858654.2685894     
   14737746.2887348        14915876.6261010        14621137.1425835     
   15334642.2492555        14474188.1921488        14598671.8976611     
   15396491.2037347        14874711.8941956        14317937.2013481     
   14656677.4098298        14899105.1844708        14632333.3395871     
   14533713.8863656        14864459.0911707        14406400.6350256     
   14672735.1245156        14817345.0175746        15146955.2458630     
   15322283.3358959        14783606.4478932        14948384.7356443     
   14577054.9262497        14735569.7762460        15215936.2653045     
   14515769.4824653        14243886.9187076        14841859.6520900     
   15031982.7147297        14648809.3089482        14502591.9328260     
   15234101.9068371        14855223.7664287        14882693.6360278     
   15590330.4306457        15140099.2557946        14552475.1015814     
   15070795.6997844        15070159.5125805        14657330.0444930     
   15217161.4507255        15200951.9275884        14078356.4416474     
   14716844.5732938        14912716.2044252        14932123.4755574     
   14526118.1547168        15002056.3804928        15025447.6061173     
   14730085.0231759        13891139.9005391        14672594.1836952     
   15078624.4108484        15115579.9035705        14954132.1322869     
   14887564.2338875        14662824.9190873        15013589.3274014     
   14635317.3387546        14205301.9908840        15772974.8518118     
   14458922.0782288        14253557.2486045        14949883.7416202     
   14884452.2940479        15150020.4085893        15086452.2535020     
   15259020.0418887        14571525.6699206        15792077.8551289     
   15258507.0043209        14556305.2598657        14206337.0202208     
   14918108.7195422        15633187.4644737        15126552.4118709     
   13987872.1776827        14498498.3705552        14764299.9747370     
   14788300.3785670        14906309.8671421        15310689.4396253     
   14911236.0376371        15163164.0216526        15365019.7390478     
   14632001.6910093        14502959.6867999        14264235.4767380     
   14506104.7243390        14938966.7011730        15057092.4641403     
   14673780.3802680        15192734.5563650        15337270.8758697     
   14034793.9808762        15346273.8850694        14134755.6292450     
   15318305.2508299        14817084.5281859        14195488.9948998     
   14852724.8113175        15114629.6510942        14799441.2723461     
   15086333.0250480        14633223.6612689        14805115.3430614     
   15356174.4122595        15383924.5692311        14887506.0908425     
   15794929.6427517        15380108.1949562        14944874.2142240     
   14344492.5644694        14745181.1049043        14804639.8855809     
   14514490.3871485        15416258.0641441        14637663.2089999     
   15562592.8431153        14524687.7773156        15008496.4957379     
   14529417.3404760        15123040.5774210        15202794.5008030     
   14528763.0761632        14638206.8250593        14565967.7917291     
   14691080.6942875        14918939.8064427        15197392.1396108     
   15089574.2432150        14886543.4257666        14562723.0741119     
   15109886.5692054        15070907.5615436        14587291.9013553     
   14379417.3318264        15181510.5092872        14860093.5712574     
   14693611.4105610        15124835.6438087        15074423.5458033     
   14291436.9152164        14882973.5090156        15101816.7452326     
   14667344.1581262        14396706.1179459        14970381.0072379     
   14493607.4709182        14665240.0620641        14799198.2872943     
   15269220.4606289        15031710.2649020        14724526.2201779     
   15258435.4371962        15365019.9904811        14744510.7918185     
   14850121.7760061        15433096.7512231        14695688.3150889     
   14665890.2500265        14596066.5119252        14685430.8123267     
   14119678.9008516        14999914.1541997        15055595.9175431     
   15006029.6502090        14321660.7898914        14980197.8537921     
   15057444.5607337        15100004.7618231        14514950.1073628     
   14632647.9259184        14319354.8460068        14379698.9108279     
   15041467.8469144        14976440.0040712        15030349.1632891     
   15059977.2206919        14552842.6445530        14707037.2829573     
   14838485.6228648        14957927.3777354        14293206.7778052     
   15352603.4345622        14607663.6310185        15116999.3575683     
   14438623.7352604        14982941.9901933        15101748.2829567     
   15397803.5988367        15019203.1604250        14407249.6766387     
   14633085.8365396        14680706.7355028        15002087.8299817     
   14640967.5863649        15027334.3973324        15038575.6198076     
   14324516.1332612        15323652.4364027        14685298.4513432     
   14442179.4902862        14316695.8082635        14553965.5518083     
   14966565.0283089        15270011.6500522        15241971.3226606     
   14433787.2117595        14758668.5928503        14891697.8335055     
   13879634.9093142        14897313.0371775        14956422.5702859     
   14805268.6966170        14911757.6575489        15561517.0912650     
   15382414.0777430        15276841.0576618        14378666.9904558     
   14554080.1230353        14539172.2530841        14843942.4148873     
   14693409.1579306        14573653.7272805        14812408.5012352     
   15092203.4136407        15169799.6223974        14749379.8784197     
   15058196.0124558        14759835.5831107        14185880.5530508     
   15032484.8268353        14650048.6588037        14221374.6811373     
   15244662.6419505        14839171.3727093        14572593.5468869     
   14727226.9049507        14910249.6206727        14296920.8372965     
   14174434.6357773        15333872.4028628        14240403.6695456     
   14749297.7816995        14947933.1542129        14754083.8935930     
   15250345.2563030        15117035.7011120        14862952.2926191     
   14772241.9260252        15515900.9343254        14481524.7494892     
   14494198.4761071        14677245.6537487        15345915.9060350     
   13997129.8312549        14230082.3741637        15293415.3608217     
   14762730.2527200        14254141.1774189        15551822.3919937     
   15412005.2303739        14222766.0958591        14736992.0977726     
   15257862.8725273        15401181.6879983        14656517.8989720     
   14814856.9193706        14600593.1822786        15178903.8930906     
   15111421.1660123        14563118.9343476        14569370.2122795     
   15092606.1592625        14615765.5536617        15053026.3612450     
   14743644.2932629        14981566.3416541        14909571.8166997     
   15199902.9009778        15372647.6265466        14910094.3120563     
   14845629.9431829        14574197.0112590        15189134.4506963     
   14543862.7885208        15184743.9941019        14336650.6320605     
   14674762.8584006        14569156.8096002        15198320.1554496     
   14550826.3741928        14902340.9710618        15060625.9145138     
   14537072.9049275        14474321.4939577        15344107.1446442     
   15267111.0441579        14684929.8316240        15013142.6308369     
   15142302.1458827        14688835.6653660        14732971.5956769     
   15001583.4425083        14608999.6792350        14862855.3021025     
   15388942.2606644        14069298.8625922        14449124.5541682     
   14098613.1459091        14332716.7496788        14939781.8600722     
   15094909.2808395        14986979.8418964        15070177.5974982     
   15069374.5692819        15336099.9862264        15550653.9830454     
   15135705.4027005        14722952.2565678        15459135.1062648     
   15119380.0262604        14305706.5331305        14607784.3104908     
   13767834.3915197        14711334.2154206        14990334.4664335     
   14546895.2162952        15339434.7023408        14302142.2267165     
   15246373.7941453        14818854.6565966        15176894.6480590     
   14917963.7243105        14430828.8619024        14816985.8676293     
   15113297.1907176        14547281.9008208        14712542.7365849     
   14170310.8897496        14567001.7558220        14458453.6544836     
   14833738.3306451        14890372.0087700        14881491.1387651     
   14838655.2579420        14779293.1898583        14517416.1456164     
   14800587.5665208        15671152.0515323        15685218.9259258     
   14638156.6393225        15107895.9416545        14252229.8583868     
   15207564.1117764        14671803.6366728        14877206.2588636     
   15082182.2952366        14344777.4195362        15052527.3242040     
   14496007.9836660        14905054.1318741        14913028.5683989     
   14761455.7171981        14915288.0727779        14228464.5817256     
   14764790.5506477        14801373.2251741        14483758.7684884     
   15234713.8091853        14086505.5347969        15123131.7475673     
   15035572.2518512        14716787.8723433        14804660.2051731     
   14647524.9475783        14539648.9205818        14737561.1325583     
   14539826.9761105        14513306.3024474        14737331.6861081     
   14289326.5153709        14789469.1929714        14801654.6560285     
   14918460.9676138        15152804.1111989        14630047.7124795     
   14478531.0106754        14900052.5413917        14772436.1987411     
   14844103.0550038        14368007.4425103        14551425.8424165     
   14321664.4307715        14687629.1314500        14691757.3692605     
   15333454.8360226        14870657.4982612        14774872.3630337     
   14529903.2567044        15463933.1768529        15199398.5819738     
   15182493.0115775        14822063.0982650        14926471.5455892     
   14890788.7553039        14271060.4695707        14685900.4488957     
   15096536.5399768        14650845.7068708        14599949.4011615     
   14731231.2045933        14657487.8447607        15538161.5561371     
   14914572.4909930        15106685.1829692        14634333.6493152     
   14746838.8321480        14801249.0960742        14682693.2737110     
   14571058.0939217        14879013.0143825        15545454.4193009     
   14854440.8808797        14931070.7007550        14606355.4658795     
   14728699.5658947        14435962.6603880        15081884.0769256     
   15244680.0775104        15105799.0274135        14929474.0967890     
   15010178.7225583        14642546.9701600        14863282.3504494     
   14869059.7243530        14476635.6398148        14547535.7309568     
   14756970.6805903        14618461.2004965        14656596.5701202     
   14589233.0713031        14763280.1570079        14780982.4432068     
   14920001.1022977        15104861.5740162        14879990.3884930     
   14992590.0082072        15057005.6269408        14396005.7595723     
   14911190.0683369        13941917.9886093        14591186.6837188     
   14547116.8238590        14737130.6126233        14382520.0715099     
   14488949.1398991        15119368.0111629        14137214.1368724     
   15235028.7864311        14737219.3010152        15227294.3358006     
   14612252.4738084        14432542.5994623        14468950.8286174     
   14724134.4015420        14779290.3404090        15180155.9754592     
   14563757.0009798        14226382.8948578        14769808.6692205     
   14865567.2458901        15033582.3809132        15059338.5215528     
   14865645.0779504        14875535.6705969        14564415.4698117     
   14881884.9074043        14772225.1744572        15260902.2493447     
   14864313.8953343        14755972.3581406        15242826.4404280     
   15057132.9595013        14586290.0833886        14833369.3013004     
   14701737.1012512        14783841.7389723        14768804.2733392     
   14741871.9449345        15094935.6754619        14433965.1778869     
   14314267.3338834        15335233.4451851        14443139.3261519     
   15180298.0445433        15140199.5930911        14916677.1997020     
   14723750.7523388        14764028.5359108        15015249.4097367     
   15114225.1275381        14892979.6004568        14606523.7935479     
   14414708.4749510        14818844.0791193        14669246.8262569     
   14328802.0617527        14691790.8047909        14440753.6312535     
   14842791.3175736        15083957.1067298        15059286.9562373     
   14549634.9535429        15399325.4923584        14886486.0409269     
   14772588.7472128        14868986.5099729        15303535.7533889     
   14982530.1392325        14633364.9695545        14284681.3041247     
   14552718.0142472        15059420.7471962        15385282.1694659     
   14596536.8799537        14849628.6241597        14205859.0647728     
   15005030.2821513        15032148.4625471        14940906.6930168     
   14927557.9931963        15599398.2460321        15067545.5837497     
   14635918.9173630        15535388.5432931     
   5075.52595354846     
   43269.5352317622        45649.6221013552        44624.7757118772     
   43712.6463040893        43130.2066992730        43396.2787573136     
   41745.0550928158        44676.2325977276        44684.1554017186     
   45411.9145772175        44768.7049916066        44264.6154809551     
   44691.2622130237        44509.4533662653        43023.2746758192     
   43072.7811547102        42660.9191826462        44273.9382056717     
   43737.8147787674        43573.2239776585        42427.1469863755     
   44076.7929186028        44695.4167987761        42753.6840913961     
   46363.6417977636        45937.4938896302        43841.3065045336     
   43473.6259058132        41693.8230412350        44341.6513525990     
   41580.3711625282        45099.7489670302        44648.7563807814     
   46020.5523529934        43074.7842099159        44782.7249055944     
   42114.1803869826        44365.9819790571        42062.1156297375     
   45307.7700682360        43565.6055440765        44553.1550405519     
   43686.8659720464        44758.8130813930        45104.4450389037     
   42729.5103937358        42942.2232824063        41086.2396195941     
   42883.5201406939        45491.6772909774        44921.8121883514     
   46271.4788765887        47267.6577351079        46423.6039651519     
   43302.1607962334        43416.4706268376        44692.3438940903     
   45104.3177303333        42793.0989331965        44180.6836828512     
   42629.2982777244        44504.5239566785        45118.7154461852     
   44561.9621486630        43121.9819445139        44933.9306981772     
   46129.0811223286        41832.5748367170        42987.0816537098     
   45549.6786449369        44573.8432364933        44200.1953319391     
   43083.7312632578        44391.1222399030        48186.0182823980     
   41611.5188790075        43598.0849644818        44295.2169720225     
   44328.2427160152        44656.6573048765        44431.6046352852     
   43076.2727851840        44706.0935454923        43210.7386382985     
   45921.9659148515        43786.2652551999        46767.1951780540     
   45294.5082846094        46060.4256821008        42959.8959407900     
   46214.0849932418        44017.3390942333        42051.8661759154     
   42386.2992676299        45670.7885759659        43727.3145513358     
   43589.7373554523        42126.1267458700        45145.6584296365     
   42564.6553644261        42004.5663779874        41950.2489698001     
   44401.3862557193        42228.1209887266        44409.6916637354     
   42854.4411684892        44827.2315031248        43669.5654239829     
   42997.7888139293        44491.9299865197        41435.2869721988     
   42662.1276974829        43892.6922469464        40067.7900554876     
   43054.5907913048        41560.7914524589        44296.4444590615     
   41733.6942395844        43898.0070105028        44207.7889332792     
   47549.5052648941        44137.9154572195        44612.5191763776     
   43999.5905880505        41871.0207946234        44830.7031753839     
   44227.6726862022        41940.2499702818        44197.4836356869     
   41420.1069900466        41528.4644015562        44609.7123638811     
   40261.2222864835        43060.4160390406        45274.4406638284     
   43172.4214604421        44352.2630795894        44111.3858770407     
   43629.3016126784        44424.6420753983        43183.1834658396     
   42648.6642459130        42369.6368814096        42482.7260216751     
   45527.6544414391        44951.8725289312        45590.1620110564     
   44056.4524212807        43602.2934355852        42081.4664013124     
   42400.0866843930        43199.5729189340        42492.9189774238     
   45414.0495593647        43448.6657845878        44267.7234656676     
   44889.1631613535        43940.7901475543        42076.8622414300     
   42921.2075257938        43169.0985111610        44276.6934871318     
   42998.9284341312        42826.6054169891        43663.1357521736     
   42641.6747065224        44117.5632338064        44251.4734985672     
   46214.0481907384        43845.1725157024        42130.7950860675     
   45784.6979145823        42559.8157555031        43784.0595292628     
   41694.7179002124        42209.7224447842        45501.7197328564     
   41799.1411025838        42114.3219622953        41189.1517498267     
   44061.0512374282        44421.2827566356        43346.5326048228     
   45705.9095647195        42699.6765069159        46298.3247837938     
   43949.5764478571        43687.8970403801        43707.1840375561     
   43848.6818363212        44617.0433873529        44081.1879986499     
   43817.7462393431        43226.8836974037        45291.2191601668     
   45840.5993346398        43275.9621721225        43543.8550609453     
   44128.0974022942        43895.5067495855        43212.6532495363     
   44637.6347000106        43275.0489488513        43554.0692764866     
   47044.3451778078        43596.6770253083        42294.2234885610     
   43324.5535428695        42716.2299922233        42401.6681092565     
   43182.1876545527        44049.1144111825        41898.9845919876     
   42374.2908677979        43170.3628688538        44513.4933360122     
   46049.4019698792        45120.0065090846        43845.8870651104     
   44055.6279468458        43458.8457591760        44837.1593653750     
   42970.6440545152        41785.3031769962        43579.1743492224     
   45970.0356215517        43376.8422043828        42043.7652756368     
   45132.7611655117        44003.9711196884        43034.2477467065     
   48052.7739058847        45766.9799172000        42485.8581310248     
   45356.7718764677        44420.3982384652        45122.9964367936     
   44447.8533386103        44201.1800102552        41404.1504103927     
   43230.0236286001        43951.1057782601        43323.3053566842     
   42903.4482103561        43471.6732465813        44303.1071450866     
   43232.5253634265        41534.2024796411        43318.4460995069     
   45125.4259230811        45788.9608717334        44445.1724828373     
   43473.6344691423        41793.9865176345        43443.6553703891     
   42730.3994437800        41452.8709209407        46112.9639240588     
   43051.9587472187        42213.4385366152        44487.4426666215     
   45714.9903591991        42914.1201428665        43732.1762554698     
   46145.1020154170        43913.2125100153        47226.7132861006     
   45562.0569788550        43835.6596792901        42219.7298614701     
   44721.5123139173        46174.9353559751        44897.3091447478     
   41610.9829413936        42416.6889296935        42135.6504264932     
   44228.5181585880        43063.3795678868        46241.5001011193     
   44547.6577409238        45320.6937016024        44263.4211276378     
   42973.6579062670        41775.7260261063        42810.1305903090     
   42088.7485045391        44180.0693308910        44667.3202245090     
   42609.6930563392        43955.2490452675        45680.0596060604     
   41946.1215522961        45543.0908300260        41560.2440822955     
   44251.3402486144        43170.4638111955        40803.6582275137     
   43395.8288802909        44279.3102406092        43682.7386604229     
   46382.4407647434        44025.4357142269        44161.3457574901     
   45800.3518999871        46381.3651285420        44367.0111165719     
   47118.9833442255        45440.1966576037        44312.1571900898     
   42070.0770838973        43790.6848963140        42523.6758644849     
   43591.5827307242        45833.3274292058        44644.0860108614     
   45839.4985898586        44413.7868794155        44142.4385816787     
   42861.2810824044        44856.9790860015        44934.4874157605     
   42698.0648538198        43415.4376872980        44019.8536500330     
   43819.8842374797        45307.5234764942        45503.5190057986     
   45690.3944145814        43379.5489792698        42918.3671119530     
   44481.7168403417        45630.9412722980        43407.4382312377     
   41903.9657806954        45999.9735820096        45217.7082028867     
   42844.2544270985        46111.5304327661        44940.7023374596     
   42093.2652529939        43853.5331395164        44143.4079359249     
   43264.2188535124        42742.3921292229        43852.8372280934     
   42889.0248237160        43318.4309982160        43688.0021158365     
   46150.8770756638        43106.0674904547        42548.7093726757     
   44748.3081145572        44255.8689773422        44637.9048554183     
   43830.2409288237        45472.8842316987        43746.6232923145     
   43513.4063455468        43129.7556676399        43610.1034586370     
   41295.6447129663        43630.5504938701        44289.0559360967     
   43983.9835417808        42068.8996421865        43702.8298586680     
   45244.4433909904        47459.3467947696        42231.2110558469     
   43292.6773298945        42544.6404046087        42469.0344234578     
   44874.7613481205        45186.3473142582        45533.6507772146     
   44160.9347483812        42471.3027387645        42694.9838059920     
   43707.9021359238        43922.1570305359        41755.1519395858     
   46725.0133175606        43316.9916284677        45449.7793698299     
   41700.1572915349        43681.1037275198        43909.4859990444     
   44943.0471764780        44835.2740805351        42840.5917865988     
   43642.2823895921        43577.3002180202        42718.8818916003     
   43805.8880267288        44842.4220715866        42314.5574731864     
   43479.2898682563        46051.4935313296        44557.0186516375     
   42492.1897375633        42713.5363935174        42537.8408268434     
   43927.2049791111        44369.3953918886        46083.6021740232     
   42608.0782510572        44442.3437428011        44747.5344872236     
   42729.2513349512        44501.3008038539        44423.7801453281     
   42467.9691252254        44123.9514302660        45374.1915240445     
   45955.2044863439        46125.9440154027        41342.2915493811     
   43070.1087901280        42476.8685812163        44408.1636458149     
   42993.9382687311        42911.6319961769        45269.7342251401     
   44622.9847178674        45120.8240008745        43377.4188711302     
   46124.1955465208        43207.1492063774        41385.3220034380     
   45342.0296587234        43524.2588588312        41423.5301470165     
   45275.3526460797        43955.1254538456        41886.6198668379     
   41951.1193336119        44257.8890555938        42458.8622426943     
   40944.9209092653        45930.5785474506        42731.7351363113     
   43313.2605245594        43968.5524179540        43781.0592740240     
   46295.6111057128        43832.7028286277        43748.6151113964     
   43134.2010546755        44449.5297674601        43332.7567711512     
   42731.8653302626        43680.9269554779        45084.5382857950     
   41534.0712893605        41336.6868496428        44828.2440510427     
   43047.2175994973        41281.2252418006        45040.5977593628     
   45303.4761913285        42675.3304803100        43044.6272094297     
   45312.1862008705        44430.0752137459        43188.6382320031     
   44998.7515176515        42823.6901948059        44129.9127590388     
   45728.8389458113        43638.8106453686        43906.9485792722     
   44734.1993752631        43653.7816875416        45407.8199194331     
   42917.8473533592        44830.1602807777        43482.8441394712     
   44342.3026008264        44605.6815931400        44447.9975279930     
   44469.8203356318        43010.2843813321        46278.5295991334     
   42913.8660444706        45281.2117685250        42640.4515868655     
   43923.5485065542        42904.8481667401        44743.6238650306     
   44262.7874560108        44193.2773860018        44604.5285375350     
   42932.0154217194        40762.6816630098        44899.9612375072     
   45294.2842031013        43716.0022069737        43690.0519025385     
   45332.7640105427        42411.5984659610        43451.4679168847     
   43999.4608622587        42901.8964967487        43897.8213630803     
   45846.5823708867        41353.1651875232        42838.5016201252     
   41346.6171031499        42025.7688732392        44971.4141384559     
   43156.6102345954        43611.9001820211        45104.5613607921     
   44447.2722769673        44494.4439947918        44824.9685863233     
   43609.2192860294        43119.0358366279        46054.3804668117     
   44943.6745731195        42249.1365738231        43143.7092129298     
   40378.2212583009        43618.9638884805        44405.1930199406     
   42108.7111003248        45848.6170613294        43508.6817304187     
   44863.0215479427        42992.1046922292        43969.4122595618     
   43953.0661543187        42101.7278624288        43173.3806901708     
   44659.9831453493        42825.9634022469        44858.5958043538     
   41387.9085618924        42336.1104504500        42597.1611740824     
   43943.9882202666        42225.0683350753        44007.4317851959     
   43082.1723980635        41595.6088056243        41952.1571318668     
   43545.8648013916        46504.5950576409        46352.8638834264     
   43038.6332234991        44265.3063268444        41956.3271240355     
   46433.7922474298        43786.2028833485        44762.7561546466     
   45481.7702579879        43389.1239127966        43615.7278155567     
   43043.1829507325        43283.3962711898        43936.4562192189     
   43440.9437028390        43579.6944328327        42070.1134218252     
   43344.5194804166        42956.1119437903        43017.1285773278     
   46231.9787072357        42685.9102729471        44393.5613820888     
   44892.5663175583        43517.8292390138        43230.7129228444     
   43774.3937549680        43503.7452156613        44167.3675194310     
   43367.9320961747        42572.6436594322        44048.2775428500     
   43414.7137137412        43318.3494122738        44439.7331510191     
   44373.0452816992        44188.6319211519        42094.9629688521     
   43481.1780797094        43569.8474454298        44269.8055464416     
   43158.7453998207        40876.9023566449        43673.3625888696     
   41151.6995168797        42268.4723724480        43251.7116789817     
   45610.1904925602        43985.7742284148        42559.8487979076     
   42665.5307720471        46720.7937491098        45698.2792411050     
   44509.8235811485        42904.3419146883        45174.7739102275     
   43833.0585585236        40891.1546927533        42765.4179979312     
   44508.8687700272        42661.1209606975        43164.7485566304     
   44552.6722633885        42622.0447862863        45170.1972071109     
   43926.0607916097        44573.0206560393        42061.6073793694     
   43475.7532047308        45337.8949435645        42944.6442102779     
   42381.9317448345        44498.2192070772        46258.2259028502     
   42356.3101556572        42902.0654179668        42353.0790906744     
   44011.3247768295        42429.8803557386        44255.3535725341     
   45672.1704675022        45128.7613166954        45200.6072904607     
   44219.1720939503        43371.9965245633        43101.0589732476     
   45939.4169092140        44150.0684683442        41661.0531070668     
   43899.1362930525        43708.6235495984        44296.3585856847     
   41701.1697755948        43832.1729691878        44895.4571907863     
   44365.2685943468        44349.5560792262        43790.1532894405     
   44083.5903975075        43675.6545656540        41196.8073090026     
   43792.5303802591        40320.8419132143        43480.9256136466     
   42204.3863257326        42620.6616730513        42824.5964009923     
   42821.0877561812        45294.4166250717        42368.4223315105     
   44897.2259746459        44246.9272974499        46588.1513875212     
   43779.1207770667        42206.4426983040        42384.7434454130     
   42840.5052319078        43947.7680361916        45024.9903374396     
   43516.8060614291        41508.3131495203        43550.0680715422     
   44623.9688610019        44648.6294034055        44306.6647330450     
   43716.8234317595        44313.8672658048        41700.6823617798     
   44962.6252301729        43209.2302872799        44735.2870203204     
   44067.9398995518        44287.3338874696        45896.9140432068     
   45276.8008544938        42863.8021574454        42780.5200673779     
   43071.8025878998        44643.6951208924        43110.6795857538     
   43806.3155866350        44241.3721736106        42267.2478188497     
   43272.6065749942        46196.1172620524        42611.3589989343     
   45419.4551524766        43954.6008346009        44047.5617168457     
   43243.7946986728        43593.4463592568        43868.4844067100     
   44997.7059081629        44136.3802870426        43651.6972692307     
   42700.9967876907        44672.5230196494        43577.9336047400     
   41262.7842244632        42494.9014625013        43019.9603848704     
   43410.0930535702        45393.0234576013        43694.9607884643     
   42549.1359880635        45965.8677478482        43879.5532376649     
   43673.5225736942        44761.6038513286        44609.7260285870     
   43950.8075462907        42879.9633311704        41506.2255036882     
   43203.0968253278        45261.4891533680        45871.6082862756     
   43695.2111003651        45020.1996781127        41849.6578308152     
   44702.9608533174        44264.8677049555        44438.6848865049     
   44599.8583683601        46264.4905237769        43980.9253687388     
   42408.9987091303        45698.1020838575     
   375110.000000000     
   52854.9631113987        35715.4689676339        47650.6625478681     
   48662.7659881655        37614.3876265411        44040.8690686564     
   39322.9133856106        50820.6612144842        44067.7940680009     
   33791.9000332362        41678.1297556624        43771.2919907354     
   32961.7447663117        51837.1356927757        47116.8012135427     
   36273.3858784029        46368.9374272211        45932.1904472405     
   45524.5985880301        38386.6192063059        33723.9556671377     
   51327.6421518936        40587.1097518527        39391.0212939471     
   44985.9796613302        55514.6207909910        50851.6450348232     
   32264.9953630639        35043.4144423050        45343.4829933227     
   50154.2265951477        46153.0914081798        51267.7708253555     
   41628.9778794432        49390.2018622290        47170.9634292313     
   36732.7165546863        55231.0088155652        38311.3600419315     
   37305.8131586252        48465.8462662890        47442.8003635302     
   46711.0231864250        51416.8767438681        46490.5087798662     
   38722.7282400893        36089.7279452704        56636.5800127112     
   41324.0608106652        49791.5196464956        53100.0534560672     
   51219.1541782784        52782.5733699252        56511.5148031662     
   52040.2551522152        46499.8752898535        67906.5878416072     
   37211.2708776579        45849.0366530197        38853.1160061033     
   43871.5879849807        50543.3976513831        38178.3109976829     
   36092.9987900279        48792.7969347515        43399.0103874295     
   56500.8102203235        42290.3278219294        41083.9510705139     
   44532.2094211345        40438.7174721963        56651.9975854999     
   50379.0971722244        42113.4197229783        38097.9374215060     
   45058.8302945649        52694.0078143784        42075.5968636009     
   41061.3525067349        53103.8297950144        44556.4880097207     
   41485.7148790656        47429.8805267382        43434.3355108103     
   49736.1085628086        52458.5367267922        44121.9860186419     
   45629.5183673643        52687.9567515770        38319.0762620639     
   61103.4834931443        37666.6914077084        44312.2302437179     
   45819.5990502024        47647.5255103961        40861.3998197197     
   43934.8936985141        46470.6755666549        49437.4060990699     
   56774.0595648586        44820.7127962204        43310.4448318827     
   43610.8273204287        41947.5730262979        45100.1321433662     
   41121.8928697006        42032.1689657073        49607.4751589826     
   36290.8700303793        43270.7189355555        51727.8448754474     
   44260.7590412161        45614.8590358603        41000.8716136739     
   36066.9807067298        39471.9895691709        42458.5830497494     
   40869.8148112322        45274.3046267020        48180.1379767232     
   43614.0981651862        55562.4643293072        43168.8023864076     
   45960.7806039162        38111.4519573448        49893.8376175000     
   44181.6492005136        49088.8827226842        50577.5482441464     
   34012.3252349380        37158.0007105395        40066.9116281279     
   46396.8288125167        38366.5778484282        50503.9245021508     
   41423.1971417692        51931.8266485047        45555.9540952734     
   43578.3567524726        45645.2927595811        59541.3577719243     
   46559.7466163915        36738.2918582501        41871.2285361631     
   48431.6510710972        40012.5115328205        45853.3333536329     
   50156.7243311443        45396.5152808224        55521.9207217907     
   44018.6570592579        48287.8825765298        50720.2016780011     
   48647.1997406151        44577.4065486924        47047.3849673033     
   53415.5561678784        41466.0303406160        38586.0069292266     
   42116.3040133553        43251.1533369153        47611.7543627302     
   48833.8609039340        48889.4652648112        47546.5753471993     
   45352.5818887390        47841.2189899436        59607.0868840735     
   41128.1520771684        49148.4864346512        41247.1513564359     
   38209.4434927837        45608.1538041075        45664.0852494604     
   37596.6507274699        45281.2774730259        47423.0414876998     
   43531.5390700121        39640.8246285615        43642.4950446715     
   42287.8449534090        46335.4707383616        44614.3224920235     
   47570.8985382141        44354.2159964230        52085.4374122969     
   42093.0364131487        48557.6677991172        45007.1806823491     
   46843.4180617221        43685.2539061375        59014.0381271139     
   35438.3838142469        39207.3484933384        40461.9107350221     
   46112.4437283300        38848.7895705378        46667.4020113411     
   44188.6220468375        43530.6618889181        35620.2279152866     
   50536.8559618682        42826.8058320608        48305.8424877436     
   50871.3147057966        50060.6060977029        43995.7314110032     
   43100.0700440720        55340.6415848454        43170.9433029762     
   48966.8058758494        40424.2811528349        40968.1780335753     
   45634.5733092622        46230.0008624091        47337.3602225300     
   49447.4416454849        51226.2310969355        38015.7797481885     
   47101.5769179442        49751.3477258832        43413.4169718386     
   55677.0628356284        41965.9046244159        48442.9057505581     
   44698.0412503388        45960.0967000123        43951.2627897776     
   46182.7966255682        54477.1534363470        33855.3692890075     
   49164.3946341535        43460.3387266323        46345.4022124434     
   56565.2755969982        53471.6214205169        45125.8380096648     
   39603.5369983262        48727.8111964108        43645.9591666192     
   41143.3763727668        38921.1198421066        43700.7755512594     
   45122.5968998596        49496.4448469424        49826.6514926861     
   45100.5930351275        41824.8271430354        49986.0159697562     
   40198.8604791399        39016.3608944539        45485.6309329875     
   52177.8833791243        44261.3686077390        54790.3962917803     
   43335.6600714676        48012.0165561887        49974.4342058195     
   41707.0321293376        38057.9290431315        51224.1347827955     
   46596.2760053421        40626.7613107991        56740.7415507608     
   51537.1248911340        51594.6620239133        56286.1982018043     
   46689.8221654060        44266.5276219702        38885.3635619169     
   53046.4859394253        46304.2193034515        48196.8192849863     
   39533.8382700396        46509.5391493642        40246.6148125991     
   41082.8508772773        38889.9427445773        41536.4278402827     
   41382.9806187284        42019.6059483433        51885.6036650911     
   45321.8954179233        42620.5493351493        52782.3949602112     
   46175.1993452451        47981.7463747059        39277.8351978621     
   49820.6598997895        57949.1848813640        51609.0834757985     
   47575.7899378741        50060.9183147025        42839.7851387575     
   58016.2669338447        39189.6859316480        39102.9936780986     
   41672.0192229564        47433.9839501612        37428.4401020784     
   42244.1494409443        42579.9908601566        48951.2247608228     
   41517.4123382608        40101.4785102240        48605.5856748143     
   40134.2166927511        49333.3932357820        40375.5901683770     
   39669.8459420460        43200.7823276501        46803.6178280140     
   54657.4959222935        56305.4367159688        48687.7582156079     
   52933.6715302446        37509.4232447783        43559.1479732605     
   56935.9366454015        43462.2120286297        64085.9586828237     
   44763.2648682981        46966.7437765552        41339.4783834539     
   48279.6162597791        46815.9727007116        35922.4688383539     
   41955.3041139065        55305.1826541791        43626.5422427407     
   43204.2464495978        49197.9802628223        41346.0349404450     
   42011.3098966402        40125.4746167630        43293.7486561433     
   52261.2304505353        45782.9655889186        50700.4725371230     
   46356.6717593806        37943.6576212861        49235.5652425810     
   38192.7770519967        49758.6922591114        49719.0853025936     
   39097.8346638675        52531.2684202176        52493.7875127921     
   46913.5330793415        49043.6261252216        55938.8344885600     
   51794.7187832617        54826.2269093509        39178.2528424730     
   31223.0826330449        38085.9839706650        39146.6743230872     
   50657.0149042770        47011.4056749710        56075.4219921371     
   44888.5828249381        46900.0631459311        47010.2014094012     
   46217.7649295209        40578.6352904356        47839.4051578508     
   50431.7429053437        47244.2154843227        49263.5160977813     
   54834.4188887208        48857.0987691883        42880.4774210358     
   49338.7455272033        48234.3596623165        47760.9494860998     
   57215.6533420707        47513.3019355301        50334.7920932368     
   53647.6077359454        43191.5793599006        46328.5127595139     
   43662.7891496441        42868.3306930046        44395.1758932723     
   40957.8005352084        47413.1992184750        45541.1609564838     
   54253.4276549354        44658.4194263447        42675.0237678376     
   41423.3012141024        45958.6099523953        38380.0180468862     
   43866.2059586070        47607.4427946408        44602.1460290399     
   41673.8033200968        41155.3149561316        43537.2481808615     
   40775.5550123121        52177.1102703634        39023.5864878727     
   48623.4415136949        44473.2896130714        44699.1563110515     
   32631.2705059969        52258.3610276344        46401.2147179870     
   42316.6878571795        46995.2298608976        57605.5975070670     
   39829.0766118306        40648.9287177691        52159.4774436253     
   44567.9508338481        54670.2224818953        54809.5009986592     
   54307.8128827665        45070.6499381204        50780.1027394915     
   38618.8789190393        32129.6269925327        44542.0962927878     
   34599.9324956193        44024.9757366303        46094.9298414013     
   46314.1656450095        47806.6075054190        44523.2145980515     
   43774.8155825878        36019.2858431753        44931.0443368807     
   44801.6526917700        46015.2401691282        42677.0308771206     
   39345.1402624853        45080.0164481077        39639.1148688019     
   34569.2608922798        54383.3842641405        57481.7216956155     
   45488.7085005548        48054.0469113223        36723.6473942223     
   47476.4603295799        42269.3498130530        43359.8494551968     
   44476.5307228765        38831.1418763236        47792.2455234384     
   56559.9976429577        43100.1146465006        45946.2253447454     
   43606.5008848631        40945.5348673678        38740.8962959695     
   47801.5971659496        47949.9448431774        46888.1840324710     
   52672.4053715028        58551.5109434539        45414.9955537021     
   44113.6304970342        37590.4361224306        40852.5982738269     
   45240.0053591770        42517.6961350028        39633.4057579525     
   48299.7914249422        53404.5988379409        44474.8358305931     
   49105.8613804708        46797.0910059752        58040.6644622403     
   40356.9909556878        47782.6708687847        40505.7251872961     
   54071.3159393246        45738.8983895497        50387.6162360701     
   43787.2299251900        44621.3696757282        33715.5555431014     
   34900.7610084504        43698.4413575006        43806.0224150694     
   40390.0116202622        31394.9209226219        40889.4250123009     
   41945.1942301106        47378.1714446176        44384.5753827628     
   51178.7443780474        35227.4440623418        35199.4932071415     
   51949.9947043849        37046.3310970239        61439.1167676902     
   48697.5112799756        43309.4784459316        46730.6036525414     
   46449.6678228262        37732.5394596670        43206.2981613093     
   49617.4661029691        46342.2057050668        50076.8562491572     
   44635.9844048037        43145.1184968682        36252.7349540023     
   40139.8960686482        40511.3748282409        46400.0104524172     
   39519.3424807735        47897.0166280110        46674.5086649506     
   44530.8862157554        40215.2593053558        54593.7887869035     
   42059.0493626233        46594.3283659638        38593.7082818829     
   37928.9685548298        49840.8053300003        42225.9962525403     
   53936.8842197922        46694.6094927329        41253.2916240943     
   41194.6691655546        53941.7012820714        43212.4086940153     
   52235.3164395704        47318.7461423647        48319.4016260110     
   38050.2574254276        40274.9968246083        46359.0059531393     
   42053.8606134398        44374.4506314908        44085.1295452156     
   56925.8862315103        38893.2581917633        42138.9323120866     
   45790.9345561459        41089.2587595067        40962.7216698207     
   42949.9234022275        46242.8463618203        47764.2500658096     
   51866.6625004501        41671.7664758615        44972.0339686824     
   45696.9423717969        45621.2371831374        44020.1140719226     
   42665.7315952311        45745.1873319697        49227.7003476869     
   38587.6126166530        47790.1492092984        48241.2284363072     
   41797.1885048347        49404.4895068287        42206.2522441860     
   45906.4251110373        46078.7688948041        47013.2343745399     
   44021.6008195396        42483.0995179543        47141.3028142714     
   41051.3912977008        36481.6792195497        37878.4191358506     
   50302.4999349947        43790.5305048998        47625.6554529495     
   37450.8899910956        40328.2818592029        51584.4480677842     
   46572.0568866606        39685.2783823109        50754.8131625257     
   49480.2095629643        53734.7162788276        43160.1049128480     
   58107.0328758648        52410.5296462381        42949.6260527041     
   48576.6535661867        45548.7879717592        48681.0232489027     
   44476.4266505433        32655.1625402027        45839.3430585566     
   39573.1478770340        49160.7372350156        44218.1785894641     
   46582.4938549322        38021.5037265141        45257.2813664869     
   44255.8527740798        50429.6317237275        57406.3733263841     
   48354.3996649160        62530.7463380229        44905.9777720574     
   45428.3019448746        38119.3763221436        35687.2504978626     
   55579.7998065219        41587.1408014998        52918.1498851228     
   42751.2790531153        51015.0088629832        47363.1998961141     
   33742.1534579702        40227.3762984346        50080.0824914861     
   45725.0419017589        49627.3529746224        48141.3635988709     
   47792.3198608193        65518.9901084564        39498.0671223737     
   52133.8310472315        36946.1094401595        44199.6685816320     
   41602.0826150510        49766.7801661481        41103.4571992494     
   45444.6264337097        48569.5766475296        44398.4467380298     
   46894.4135049864        47469.1752662564        34658.7036289207     
   62489.1322722221        52791.9696148649        38213.0414220169     
   41530.5551871954        42489.2695205651        41951.6615822447     
   40113.1643464939        39233.3814441127        46389.6626890026     
   50676.0898762036        53413.8761430712        42010.8638723551     
   40245.9457761714        39602.0948531377        34003.5831589499     
   49588.3109821990        42270.1080543377        49501.5741262211     
   47986.3701597948        48541.2095029966        32074.2902462266     
   46875.0411835364        46850.7328599979        51720.8868965997     
   47737.0574518940        52101.4050817039        57967.1893950063     
   50384.2115840270        44720.8182238318        41126.9329441224     
   37133.2166277635        53028.0651364502        47331.9930636325     
   42821.3346008301        46703.5894483398        44207.4442716691     
   52345.4249680881        36186.2476005684        43771.9312922107     
   44600.3173294710        51032.9836416732        47830.2913949584     
   47020.7870524345        39403.1531545021        34097.1441864900     
   50024.8646849894        46134.7152076332        40137.2942603184     
   50583.5249695669        51562.8010224802        47545.4602864866     
   41791.4050566044        45448.3581702285        45305.1100373270     
   43220.6006733852        50009.6255219148        45284.6969925451     
   43770.9203038311        40048.7287047716        49363.3958026938     
   51373.4785809268        46808.1672757221        49090.2505304919     
   50339.9362399917        44159.9724202572        55606.0260344864     
   38886.6718998199        48423.9348509648        59595.5051201368     
   43403.3368229951        51810.0322837171        43987.7624437759     
   48018.2014262756        40963.6880557718        37557.3113855231     
   52295.6635253459        56571.8321539893        38284.8215969674     
   41034.7099894376        42146.1727729816        40651.4413212419     
   47805.6708544202        43224.6297594273        46890.2060092302     
   43330.5010572365        46974.4897316400        50958.3340438218     
   44797.2816537759        45591.6657730346        42093.6162447194     
   36935.3899898406        57671.3860891208        50369.3441078567     
   46894.2053603200        45292.2794053920        50864.1039798540     
   43396.5126514329        47405.9736250562     
 ------
  0.000000000000000E+000  0.000000000000000E+000  0.000000000000000E+000
  0.000000000000000E+000
  0.000000000000000E+000  0.000000000000000E+000  0.000000000000000E+000
  0.000000000000000E+000
