           3           6           6           6
   4.00000000000000        7.91500000000000       -5.20000000000000     
   6050000000.00000        1210589541.00000     
     1751040         691      620901
   40489745.2500000     
   110411316.000000        117800848.750000        108608756.750000     
   110354893.500000        112465518.250000        116468894.750000     
   109932720.000000        105865252.750000        116390977.500000     
   114949870.500000        117650922.750000        111715935.500000     
   113901891.500000        106283453.250000        112362850.750000     
   119468941.500000        110963494.500000        106720346.250000     
   110494757.500000        112321880.500000        119920648.250000     
   107864332.000000        113967235.500000        112798433.750000     
   111876346.000000        116534109.750000        107907703.500000     
   109045269.750000        110975492.250000        110182213.750000     
   112407113.500000        115784593.000000        117872427.750000     
   118244331.750000        110685336.750000        111655095.000000     
   112000673.750000        110885946.750000        113906242.000000     
   106267794.250000        111085839.750000        104724111.500000     
   120249716.500000        107445347.750000        117654003.750000     
   109347648.250000        113959312.250000        110895208.750000     
   101719340.500000        112256675.750000        112514473.750000     
   105506498.250000        114043720.750000        106972040.000000     
   117551976.250000        109954760.250000        111773999.750000     
   111881960.750000        112344337.250000        105824811.000000     
   100466053.750000        105724635.500000        117203568.750000     
   115742929.750000        109735662.500000        114832592.000000     
   114900994.500000        107963174.500000        109531567.000000     
   118290710.500000        107767982.000000        109779434.500000     
   114990265.500000        109708036.250000        116635343.500000     
   118763893.250000        107867078.500000        109658974.750000     
   112108274.000000        106778115.000000        112439025.250000     
   112527466.750000        109297718.000000        111182127.000000     
   104912845.250000        118805968.000000        104444744.750000     
   105752621.250000        114020864.750000        110512662.250000     
   110874128.500000        118117178.250000        105099467.250000     
   110882131.750000        113057880.000000        115118323.000000     
   111208911.250000        107089499.000000        112351458.500000     
   112342944.500000        114223676.000000        108912962.500000     
   113040527.750000        118618388.250000        115634178.750000     
   112031358.250000        115281583.250000        112368166.000000     
   116263715.250000        113533934.500000        110804810.000000     
   112720460.750000        112494328.000000        110519189.500000     
   111894704.250000        106688317.500000        115425330.500000     
   102249777.250000        108597993.000000        110752952.000000     
   111427127.000000        107850994.750000        114832618.000000     
   109888908.750000        106561295.000000        107759545.750000     
   110013696.750000        121756169.250000        110577849.250000     
   109634367.250000        112416304.500000        107408079.750000     
   116116429.000000        111024843.000000        122514606.750000     
   112210221.000000        112487622.500000        113257050.500000     
   118923802.750000        116491214.750000        120290150.500000     
   116291658.250000        112527900.250000        107121217.500000     
   108793635.250000        113877491.000000        114544841.000000     
   117352545.500000        113218339.750000        115786599.750000     
   112795936.000000        111014611.000000        114583772.250000     
   110245452.500000        116689103.750000        116029653.250000     
   119011235.750000        115867991.250000        104805160.250000     
   118008576.250000        113388996.000000        114441423.500000     
   112557258.250000        114371688.000000        111274276.000000     
   111206848.000000        117217603.750000        119419871.000000     
   113724991.250000        109416619.000000        107770547.000000     
   111253545.500000        114386526.000000        106375491.500000     
   112675282.250000        106033590.750000        114912950.000000     
   109722743.750000        112348796.250000        107157706.750000     
   121270007.500000        115088703.750000        120463792.000000     
   110033998.750000        103359556.500000        114508228.750000     
   106721842.750000        108289557.000000        113404714.500000     
   109418070.250000        105708705.750000        113654930.250000     
   115464190.500000        114427545.250000        112897079.500000     
   115640709.750000        114023817.250000        115149212.000000     
   107457036.250000        111398914.500000        108257646.250000     
   116091512.250000        114336903.500000        111620149.000000     
   110208954.000000        115046474.000000        109711015.000000     
   107495730.500000        115117232.000000        122915872.250000     
   100656558.250000        111596628.500000        114431371.500000     
   110762352.750000        107814603.500000        112430396.250000     
   117027261.000000        114556585.000000        112729767.500000     
   112162632.000000        115006717.750000        112554189.500000     
   109440607.750000        109941300.750000        117601663.250000     
   113727678.750000        102638948.500000        116287938.750000     
   115443820.750000        112391035.000000        110864269.500000     
   106228154.500000        116037250.500000        120813676.000000     
   102912372.000000        108733215.750000        114124215.750000     
   105078698.500000        108033660.250000        109375349.250000     
   108797869.750000        105129602.750000        108575061.750000     
   109927228.250000        108164136.500000        108196905.250000     
   114772580.750000        115561369.000000        105302315.250000     
   108553103.500000        111840618.250000        116820021.750000     
   108103338.500000        108818143.750000        108231605.000000     
   112084746.750000        115450533.250000        114911968.250000     
   113146373.250000        108944261.500000        112152289.250000     
   109205352.500000        116213684.500000        117058604.000000     
   109686741.000000        117780875.000000        112301731.250000     
   113708297.500000        118691524.750000        117013756.250000     
   111271045.750000        117923296.250000        107157694.000000     
   110353939.000000        118101553.750000        110298001.000000     
   112877989.500000        114231918.250000        109264722.750000     
   108872566.250000        118604151.000000        115131463.250000     
   108643099.000000        108561186.750000        111857508.000000     
   121850161.000000        104802758.250000        107962755.500000     
   110265044.000000        107483071.250000        117388537.500000     
   108695643.250000        100893710.750000        112035069.250000     
   113760120.500000        110266051.250000        108985459.500000     
   107224183.250000        111588578.250000        113231787.500000     
   114366344.750000        120719935.500000        111549388.000000     
   109826213.750000        114504144.000000        105051094.000000     
   115626667.750000        114472449.750000        108042742.250000     
   108370703.250000        112818065.250000        109432210.000000     
   109909116.750000        112990054.500000        112143828.000000     
   113546901.000000        111040176.750000        113715400.500000     
   116455804.000000        111967270.250000        108938746.250000     
   115747692.750000        114997549.250000        102777296.750000     
   113636971.250000        118034616.250000        107612331.750000     
   113777850.250000        106471953.500000        115316570.750000     
   108439381.000000        105689020.750000        114430200.000000     
   105161120.250000        109615577.000000        113584329.750000     
   106967239.750000        116457773.750000        113897741.000000     
   115802955.000000        106827775.500000        113475506.750000     
   113641237.750000        114381736.500000        105862413.000000     
   113585887.750000        114467573.500000        107131094.000000     
   115065976.500000        108730550.750000        113949159.750000     
   107369240.250000        121801118.250000        107135935.250000     
   111570791.250000        115478047.000000        111378264.750000     
   109128243.750000        109593521.000000        111321552.500000     
   106794255.250000        114489974.500000        112187972.750000     
   116428492.500000        106559783.750000        110838143.750000     
   119999075.250000        109909009.750000        111015056.500000     
   109629441.250000        105391137.500000        106614339.750000     
   112085828.250000        106889700.250000        103167377.000000     
   99961636.7500000        116872427.250000        111832329.000000     
   108596119.750000        111183091.250000        102331660.250000     
   114384794.000000        110209217.500000        109061147.500000     
   105946315.000000        110373568.000000        109359213.250000     
   109849198.250000        114870081.250000        115749328.500000     
   113032774.000000        112291657.750000        113607844.500000     
   114919824.750000        110017237.000000        102667197.000000     
   111426682.500000        123600938.000000        109775748.500000     
   111966521.500000        117553250.500000        121149703.250000     
   115467617.500000        112459414.000000        113194510.000000     
   111233924.750000        115893831.250000        123147414.500000     
   109916219.250000        104597379.000000        109173161.000000     
   113404695.750000        114770451.250000        113701244.000000     
   116680729.500000        115125372.000000        114253293.250000     
   112664496.250000        113527014.000000        111809826.000000     
   102821416.750000        112626342.750000        113583628.250000     
   119125377.750000        112285458.750000        117624111.750000     
   116018876.250000        106021592.250000        114137530.250000     
   112915138.750000        106522679.250000        113208533.000000     
   114413490.250000        111516418.500000        109796964.750000     
   105822351.250000        115939892.500000        109690871.000000     
   116454351.250000        115230867.000000        108281546.250000     
   113196616.750000        113531147.000000        111662932.500000     
   109393787.750000        114699767.000000        111909039.500000     
   108665842.250000        110205335.500000        120030224.750000     
   106438523.750000        106611092.500000        105021896.250000     
   113442783.500000        109257459.000000        108229858.000000     
   119097982.000000        117354370.750000        110187776.500000     
   106227517.000000        110279119.750000        108350268.750000     
   115079779.250000        108711112.750000        109361452.500000     
   119567187.250000        113287599.000000        105159392.000000     
   114372180.250000        113355972.250000        116788706.000000     
   119631037.500000        109332865.250000        111324056.500000     
   112083700.000000        111855342.500000        107226850.750000     
   109546739.500000        114194334.750000        114801745.250000     
   111407025.500000        112910867.250000        111788574.500000     
   107389900.500000        108887365.500000        108900810.250000     
   105978372.000000        115228459.750000        115985443.250000     
   112376024.000000        116719102.750000        109785625.750000     
   115969727.500000        115762306.000000        110214555.750000     
   116745092.750000        112401972.500000        111262729.500000     
   108072843.500000        117246992.250000        112804199.500000     
   116335816.500000        115325343.250000        116336513.750000     
   113420855.750000        108093504.750000        117282726.500000     
   110593770.500000        115881479.250000        116415766.750000     
   113168883.750000        110550341.750000        110718684.250000     
   107366497.500000        107688678.500000        108680102.000000     
   113971812.500000        115179764.250000        111107567.000000     
   104790467.000000        105583314.000000        110333471.750000     
   116634068.250000        110558446.000000        109708303.750000     
   111447663.250000        111097244.250000        114508342.500000     
   106040235.250000        117221569.750000        108748025.000000     
   118462783.500000        105978647.500000        109078616.250000     
   110670175.500000        109949872.250000        115212392.750000     
   108491219.500000        109714149.000000        106082258.250000     
   113782225.000000        111530818.750000        122016445.500000     
   119186117.250000        118751182.250000        109665901.250000     
   109143555.750000        111687209.500000        115613370.000000     
   114123105.500000        108451926.750000        117350252.500000     
   110650117.750000        112001712.750000        110284290.250000     
   110341500.500000        112758430.750000        118011754.000000     
   117296256.250000        107313699.500000        115266834.500000     
   111265876.250000        116155861.750000        113304230.500000     
   121201828.500000        112062708.250000        109975784.250000     
   107807768.250000        113558149.500000        113665344.250000     
   110361673.000000        114966252.750000        104041789.250000     
   112065686.500000        112332917.750000        113356368.500000     
   112290198.250000        116917410.750000        116856043.250000     
   109510598.250000        109378678.250000        109030269.750000     
   111346300.500000        108957902.250000        116548303.750000     
   107268185.250000        106100850.750000        109317330.000000     
   114046881.750000        105511601.750000        107230127.500000     
   112246134.250000        107044589.250000        114748921.750000     
   100665904.750000        106465692.750000        115251972.750000     
   108228183.500000        112910094.000000        115576097.250000     
   112997882.250000        107055427.000000        111826447.000000     
   109352156.500000        111210363.750000        110055672.750000     
   115718904.000000        113164374.000000        114239731.750000     
   110059205.250000        121944149.000000        116229858.500000     
   116443013.750000        113398525.500000        110703018.250000     
   111261598.000000        108192017.750000        106834673.250000     
   109015049.250000        115577943.750000        116780140.500000     
   111870324.500000        106075055.500000        99628245.5000000     
   111543212.750000        118935967.000000        117876840.750000     
   114896900.250000        114292980.000000        106919543.750000     
   111944678.250000        107787841.000000        112294487.750000     
   112439158.000000        114534909.500000        110586305.250000     
   110383042.000000        114545709.500000        113351341.000000     
   108743972.750000        118126279.250000        111855942.500000     
   110748760.500000        110534564.500000        111033326.500000     
   115693193.000000        105508008.500000        110844406.750000     
   113515218.750000        106695169.000000        112192316.000000     
   112158709.250000        108902080.750000        106811057.500000     
   110803232.250000        106606777.250000        112555599.500000     
   116443735.750000        107383202.000000        108302589.250000     
   109269586.250000        116114399.000000        111647653.500000     
   110743056.500000        118258985.000000        113031343.500000     
   116705995.750000        110875295.250000        110517426.750000     
   104815485.750000        116116889.250000        106864097.000000     
   112065679.250000        105580409.500000        115925586.250000     
   113712921.500000        107929877.250000        111378557.250000     
   111852908.750000        111426827.250000        114944623.000000     
   114829382.750000        114869824.500000        106833649.250000     
   113596029.000000        113183364.000000        105091843.500000     
   117315342.250000        103713584.750000        114150331.500000     
   112476454.750000     
   29244270.6797091     
   81695585.1597214        82691938.8780243        81103854.8063249     
   80618488.6190395        81948598.9289733        82395630.1624844     
   81375688.0209176        82282815.9324166        83053039.7521941     
   82953403.0974784        82219593.2642395        82512415.2284112     
   83593323.7396104        80608984.2558171        81851095.5893515     
   85430444.4663658        82689930.4182564        80510588.1181435     
   83083183.0062547        81442716.7407210        83779800.2577826     
   81550248.0550833        82552989.7885566        82826931.7971886     
   83914243.1720647        83776369.2488477        81939644.3784732     
   81339728.5265578        83572282.3168497        81792744.4191785     
   81664029.2645847        82969397.2726716        83204925.0998838     
   82732819.2354018        83375127.6722698        83251526.3259938     
   83201179.8588582        81562977.4839340        83214360.2509726     
   80434930.2569059        83009796.9688275        80212777.4381154     
   84723309.4731071        81133488.0412197        86237220.2586788     
   83304537.4686967        82360573.7167349        82770718.4526276     
   80620516.8591126        80646185.2794769        81686372.9807904     
   81569385.4141869        82747879.0747766        81418357.9339733     
   83664560.2838827        81451359.0312098        82451994.9239338     
   83065965.9927534        83475109.4181170        79421726.5257618     
   79978354.7123097        80556774.3061306        83786953.2778342     
   81590307.1952245        81499463.0305476        82512911.6686395     
   84587575.0887426        81532454.0195343        83735463.9955048     
   83576467.5330374        80611839.2057846        83028178.6940029     
   83380567.4574250        80597765.3750141        83323123.5435780     
   83500568.4139659        81896029.0933550        82584087.4258801     
   83367479.9995526        81039143.3430446        82965522.1306446     
   82451242.6169155        81480376.1440302        81850791.4402171     
   79819681.4754492        84070910.9199151        81363719.9243548     
   80766534.2912965        82741970.7706921        82642047.8227167     
   82562526.6723086        83675199.2012991        81255526.0718752     
   80189477.1344342        82605711.0429339        81955036.0126896     
   82452655.9474947        80547516.7021470        82120532.5026130     
   82054388.2502645        83899776.5703463        82080009.4091821     
   83119885.0693655        83157274.8845265        83412646.2022952     
   82721872.5175727        81593094.4324743        82880982.5254696     
   82762586.1383297        83179579.2785877        82490608.8835961     
   81836574.5706180        82485528.7186698        81664926.5220451     
   83088960.9545838        81278881.3406031        83540113.6706902     
   80939899.4454155        80957769.2374936        83842139.7073653     
   83189125.6421335        83107055.8382713        84680843.5563642     
   81729887.0937120        80611626.9953779        81287459.1481217     
   82310883.9287539        85151450.8771294        83290238.5188489     
   82760713.4982153        82938137.0479639        81609336.3104304     
   83752406.5864798        81141370.6524866        83480526.8851174     
   82021495.1185989        82626278.0088020        81656019.2459441     
   85072979.4895677        84029048.3610527        83731944.7340089     
   81463877.6219165        83312560.4530320        80244449.3549110     
   82684679.8998080        82432517.5902381        84060654.6034620     
   84271179.5196476        83020367.9381841        82489539.2860117     
   82145820.0314045        82232036.1932420        82003606.1120543     
   83735916.7448884        82692134.9747687        83810983.0246136     
   83044249.1129006        83751759.7260962        80634892.8422398     
   84109991.5240865        81555120.3812157        83970328.3462431     
   82293122.2093882        83821856.6875329        82827712.1437952     
   82814455.7311410        83266595.0699259        82652767.5920933     
   82375930.0601840        81470564.8327921        80595661.4017345     
   83286061.9190940        83592190.3571719        81239082.8342243     
   81871321.5839257        81622566.2906871        82457834.7101971     
   82705272.3576756        81769776.5368092        79907981.9473630     
   84661688.8205859        83208425.5597671        85372620.5273857     
   82516773.2361699        78372316.4627116        84519928.1759884     
   80576222.5650642        79971172.4211133        82216627.1521176     
   81396849.7895211        80991776.0344357        84488228.7622626     
   83030954.1065772        84596693.3600933        83379524.5808602     
   84136916.8774913        83577583.7591490        83578967.0542016     
   81687482.2141155        82316475.1637083        81679396.0349566     
   83033705.9083834        83112710.8780145        82443292.2699583     
   81996240.3285872        82529468.5349702        82880241.5239836     
   81202565.6126305        84646072.2119251        84592027.4213509     
   79346006.3457009        83426891.6448418        82538462.7113053     
   81911230.3215284        81157745.2783859        83237336.4689145     
   82447390.2334497        82605725.4116462        81933196.3669263     
   81068599.1310274        84108414.9261565        82586518.5013656     
   82550523.0258635        81937528.4059713        84533705.2872047     
   84030111.6465819        80172416.5589581        83266508.6494753     
   84124087.1910583        82684439.5434136        80270586.8690377     
   81632350.1221612        83512537.0357341        82962487.7057959     
   80499178.6716239        82083400.8946325        82774791.0750485     
   80335077.5042252        83041495.2566589        83595345.2068339     
   81890682.8371102        81659419.3639805        81262311.0885164     
   82992742.8166852        81554441.9538718        80685402.1239708     
   82678494.9822411        83471343.3394387        80677251.3315732     
   81166041.2725713        81558042.2922978        83668480.7989893     
   82484493.7496768        81970309.9325698        81693651.5294420     
   83328251.2190391        84981708.9123107        82253240.1907988     
   83664348.3921309        82586144.0995922        84252855.5756173     
   83185523.6632205        82927829.4297613        83157036.7812995     
   83837812.0162056        84718553.5273691        80596840.1925678     
   83892053.5263295        84233578.0151595        82788657.5170772     
   84085739.3068385        84135627.9873633        81788833.4766364     
   81405629.8377640        82981973.7057068        83022920.5303764     
   83086790.9307667        82273154.7458556        82115222.8036033     
   81528289.0789099        83370692.7800689        82874225.9669468     
   82886733.6358173        81083277.6507682        81755040.8592318     
   84914888.0112748        80968131.6863860        81261521.9053288     
   81415816.9139115        81189758.8895595        84193286.6345745     
   82607878.6689542        80565884.1290659        82470667.2244503     
   81786048.7692645        83067833.6241510        83167530.2709382     
   81903699.0207318        82249423.2525567        83268232.3519501     
   82550325.0988857        85113237.6580141        81930150.7403361     
   80412699.8790095        82692700.6045914        81930088.6452151     
   81531242.3926937        82783551.5976035        82639122.2870332     
   80985532.3943207        84272475.0830554        81759401.1997088     
   81947273.3497216        82940648.5831725        82697634.2915253     
   83065231.5827946        82330977.6802331        83932098.8593566     
   82675601.1316777        82711610.8483388        81224851.6743133     
   82479208.0990827        83480326.8999793        82518272.4629687     
   83838697.9509439        84388394.7811048        82303202.8684622     
   83501338.5987266        80963442.6240668        83399014.1792156     
   81659268.5356115        80371664.9346842        83545282.7546730     
   80958758.2822191        82795022.9963964        82409719.4624325     
   81034120.4796669        84162385.3557174        83760716.2475449     
   83157901.8299305        80662928.9000211        82078244.7176381     
   82231489.4724095        84511396.5928829        79530108.4298156     
   83174798.3469924        82161416.1186845        81321252.6491558     
   83604905.4753256        81902904.0450656        82544101.1337099     
   81906401.1683221        85082629.7518541        82244817.8551365     
   82917901.7037797        83739256.1384566        81996459.7120915     
   81422211.0489571        82520016.3926177        81379154.8715644     
   80589825.6544447        84707837.9184193        82943964.3207811     
   84347826.4605072        81305573.8131757        82385847.8090633     
   83438035.5775979        82436570.3331623        82132160.3879182     
   82023148.1880627        80561654.5089509        81331348.1509594     
   82987499.0750844        80697461.3035902        81470401.3127052     
   79380578.4152003        84429336.7371780        83051923.8425379     
   81873734.4692310        82453280.7718281        80150161.4691159     
   83104613.9870879        81993410.4818243        81988614.4104411     
   81241081.3703404        81086613.4153176        82420049.9895135     
   80989798.1939168        83894494.8942843        83314161.5610478     
   83172658.4779459        82146231.3856030        83923460.4152516     
   83247298.8623387        81210211.3468123        81056177.2660687     
   83502021.8485088        83188203.4317955        84386495.7904841     
   82403869.6060518        83088773.3119909        82037258.4775796     
   84064561.0235851        82567895.1366018        81956430.2739825     
   82382749.4404707        84164300.4586864        86062709.3371731     
   81677413.3804450        81297074.3544150        83452246.1160066     
   81859298.3300573        82817113.4558521        84088429.1607023     
   83297233.4357214        82769032.3630514        82874358.9132904     
   84841476.0012954        82459937.8310741        81892569.3345067     
   79789412.0163141        81428239.2962639        81547021.5176959     
   84490565.5865395        82566443.1858536        83302476.6807930     
   82594149.0753464        81560744.6394147        83641815.0311525     
   82778611.3653737        80137457.3898177        81849752.5278799     
   83492210.5778862        82287242.6620037        81475939.7129441     
   80470677.5534323        82918811.3450422        82149506.3487044     
   84130763.7177888        83101348.6799059        81618930.7226305     
   82210945.0917008        83340558.6538042        82776463.8543677     
   81884022.3054731        82324506.6991188        80731132.0609780     
   81216760.9962960        82824730.2421723        84171014.9244249     
   81580513.6225544        81126033.7012245        79646165.9667560     
   83753712.3473071        81951552.0787293        81490379.1422177     
   84452243.9770220        84266872.3932855        82860850.1106184     
   80451579.9510607        81119142.4154987        81894237.1037370     
   82996634.3419100        81434929.8512842        82482958.2831585     
   81849238.7563476        82601749.8909190        82918482.5266978     
   83671481.5308394        84261913.8598807        83180745.2536410     
   84404966.9982192        82560130.5205131        83008904.6953865     
   84278025.5752973        81993321.1390210        81189062.5450316     
   81453884.6922860        83082075.3011872        83047644.5375225     
   82435656.2930647        82765213.3650632        82921623.0954887     
   80534642.7370508        81652412.0291319        81240622.1878757     
   82650852.3680085        83382114.2077110        83475659.5474505     
   81807408.0596528        84392706.9634739        81762825.3580498     
   82963132.7493663        84883138.6972762        82243834.0661024     
   84052863.6385280        82762209.2363050        81007809.5434301     
   80470133.1368017        81220899.5336411        82989157.6250938     
   83535647.2144361        83440203.4464466        82309039.6019171     
   83196314.8929974        81352660.2491242        83257773.4269584     
   83952713.0237952        83049539.6650058        84374183.4485932     
   82244325.4211614        81937568.3073578        83313578.8736982     
   80414674.9904913        82295663.6143837        82021515.5824449     
   81897086.6004685        83123783.4934376        84290202.8916305     
   79496567.1413244        81453774.2611432        81251880.3158244     
   81282136.1061540        81842791.3652470        82269071.1036596     
   81901447.9038316        81756844.2814787        82168372.4797075     
   82390717.0205081        84775277.6309896        79747827.6758015     
   84947951.3189012        80854811.9396040        79577942.6550847     
   81498305.9783925        81942697.8367886        81633723.8502758     
   81699965.9754070        81069973.3371139        81496790.5962232     
   82193866.4966530        83371063.7839172        84663812.6341436     
   84248235.8720711        85330229.6677708        80920073.5274669     
   83098569.8834514        82982550.2007779        83380307.6182968     
   83862627.2499476        82119588.3026036        82499972.0367343     
   81393831.6738997        81145094.1773528        83691091.5864033     
   81706417.2536748        82767721.9194337        82308509.3588433     
   83134398.9307752        80999669.0103907        82835400.9219951     
   82432960.9259361        83459316.1619948        83889397.5048195     
   83100813.9932824        82022262.1919463        81512245.1086575     
   81057818.2166982        83329783.4970198        83907443.0468263     
   82448842.3924715        84668649.2398690        80277665.6309590     
   81692620.6917818        82568597.1409434        82516464.2420740     
   82420697.9245773        83224677.4847313        82526632.2251680     
   81945375.6069301        81580300.9786314        80942987.0232924     
   82259964.8751636        81030340.7514909        83229630.0094104     
   82990761.1089544        79921923.1873009        81711205.8256718     
   83487733.0050036        81984416.6395921        81368269.1591114     
   83000533.2603022        80685415.2622427        82521724.1186753     
   80265385.9831060        81412057.5392737        83602824.3984817     
   83162959.1864693        82945982.7420545        82648453.9274952     
   83116042.5333564        81627855.7263670        83152455.4652941     
   81158080.0784018        83921383.7018834        82454220.8019955     
   82967004.8594855        81201265.0267491        83550971.5514717     
   80534050.5197121        84943466.3278589        83491061.6351235     
   85061783.1237312        81775049.1369673        81178090.6233835     
   82403711.0405105        82644835.1565522        83129605.6951066     
   81865858.7164116        82914255.5788160        83487055.9526726     
   82863614.3977727        81642651.2296791        79689510.1086517     
   83101274.2599715        84722125.7882735        83715384.0562268     
   83185068.0134481        84216087.7663334        80753806.9348094     
   83046058.2032365        81962940.9570421        83310268.3319269     
   80749469.5792173        83736106.0127337        80742572.7366826     
   82030832.8513673        82692876.1105774        82003374.7359334     
   82762873.3094862        83720623.8179182        82063595.4397672     
   81568188.1233547        81161156.2160493        81547048.8703482     
   83207218.3369475        80313547.8129269        80366709.9658851     
   82259557.9619298        81385425.4248094        82340256.5429796     
   82587361.8725379        81912190.8197318        81249471.5501579     
   83372355.3835471        81109273.8514992        81062639.1819052     
   84423601.5830422        81311480.7402588        81821367.5435690     
   82141905.1940395        85089377.1634486        80845588.1755553     
   81691456.3838350        84951658.6796488        83188811.5000101     
   84166662.3804074        84029974.8632054        79901237.7216969     
   81345848.2140308        82916957.7784167        81955110.0992250     
   82148106.0808185        80861603.0997492        84330669.9943091     
   82320292.3186234        81805035.8085693        83166499.9454974     
   83675028.2587777        82610900.6465887        83415895.3919595     
   84163134.7463873        82293469.8691525        81798248.2455258     
   84161840.3216003        83235138.9060684        81685500.5418761     
   84914084.3716531        79540214.0158431        81576441.9667398     
   83354401.6293318     
   85649.6951495438     
   236605.654750627        244979.745783809        235575.133592619     
   234151.163252665        239680.646067408        244314.105790038     
   237547.905251079        235613.056515908        243403.646181194     
   242498.930754707        243744.438035587        239092.988175357     
   241865.958132967        231994.764671626        237007.215317444     
   251033.431017302        240882.703383213        232455.093472401     
   240338.050926312        237098.090978037        248332.085551753     
   235102.034889991        241681.049554569        240451.768355191     
   243542.294388560        245416.824799981        235150.677033527     
   234244.494298431        240673.040331359        237434.594666270     
   240012.102604400        244080.905088062        245867.902034906     
   245788.366617488        239905.399205568        240964.427032115     
   243296.649426573        238923.605919222        242474.270790055     
   231546.970215014        241332.856906336        228355.655490873     
   252993.650606634        233337.298172591        251123.751221621     
   238349.093816249        241535.404948436        239140.708665052     
   228398.515602122        237952.531854392        239585.106942091     
   232837.423144967        240651.001108125        233596.373205090     
   248179.024979996        237581.633749614        240953.442974830     
   241177.612817703        242804.882883314        229690.581458218     
   225818.589314297        232630.562117710        247672.712710756     
   242045.475261373        236574.164463795        241820.995906144     
   247133.894736511        234214.620872635        240130.108845591     
   248083.956468678        233663.307498400        239010.129533272     
   245371.132044901        234391.733490108        246741.135815158     
   246784.312048145        236335.640357279        236865.781286885     
   242106.954698865        232756.591502025        239554.148411067     
   240107.149215095        235417.346038646        239785.349781385     
   230429.431260395        248122.203913433        230576.202827957     
   232027.396166352        242672.862242188        240682.371738984     
   239683.797727353        248294.309469948        230004.244226182     
   235478.938929076        242230.243092126        241472.872225402     
   239015.768746358        230802.761912924        237420.822601283     
   238369.807516265        244502.312238307        235485.895879040     
   243919.595742845        248505.546987281        244286.064009260     
   240689.567280915        242189.287048204        240981.708366636     
   243872.044387576        242192.789015124        239362.498238251     
   239252.086468272        238818.171997173        237991.897787306     
   240920.578258374        233385.213438219        243604.042399964     
   229793.648427735        236326.585613215        241157.377071813     
   240610.936954321        237922.750176300        248664.115134934     
   236328.222616210        233907.401961977        233173.353570818     
   237306.323441684        252141.092877740        240342.888046340     
   237114.853578484        243317.896031778        234773.673689093     
   245880.139510440        237697.350745626        250780.945856684     
   237914.218844363        238120.010919240        241661.125426066     
   249305.337857364        247156.278600613        248843.578226870     
   239336.388266239        242012.944551464        232059.695405099     
   236205.346915096        240642.278532052        243527.924286992     
   244986.583805462        241716.172702708        242871.623972974     
   238878.359118583        237545.146252145        242552.452292379     
   241207.316749659        244668.805145094        246615.107952581     
   246867.499691553        245821.535877003        229741.596095861     
   248024.635481018        240092.162733429        245080.920828248     
   240919.063201158        244086.705021334        238725.529615090     
   241945.664636728        246086.158388777        245220.539452227     
   240374.127923716        236193.217757253        233260.519461684     
   239456.486731224        243931.935728209        231322.577498566     
   238051.273821181        232468.251181293        242214.302644883     
   238292.899528502        237896.272001449        232508.264250361     
   251328.207421193        246195.175332700        253172.798829532     
   239396.187168792        225457.105401928        245259.176230801     
   233246.001673915        232809.675714333        242672.991831303     
   237141.705357255        232713.619124820        245118.524553452     
   244601.469708316        244721.207845562        241104.783023983     
   246499.506085723        243366.650812681        246228.283574123     
   234305.889982847        240481.905446228        233908.106188681     
   244612.359191274        243272.476654361        239898.313037181     
   238321.702832311        242096.603014017        238603.280351956     
   232117.597304125        245759.562677226        254767.701180696     
   223773.220238970        240400.944985570        240516.080920678     
   237296.643058544        234012.859139681        240669.031931795     
   243733.627618166        242113.263526988        239705.509722840     
   238462.540688381        244468.680826325        241264.292294133     
   237090.171607449        235764.625595748        248931.536333431     
   244188.173645376        227172.296125352        246466.210739111     
   245106.869544818        240576.002553928        236252.842925725     
   232692.292015429        243347.172258605        247344.552812577     
   229809.169207670        236417.568170207        244318.075801109     
   229091.738901985        238077.955852891        241396.922098875     
   237150.355896699        232948.040356951        235103.347152831     
   238652.015688251        235861.436487470        233946.076093613     
   243514.218375383        246555.468401204        229797.986457320     
   234661.929630684        237560.308377002        246136.590546560     
   235022.550750291        234806.309813556        236013.231468150     
   241791.902180003        246981.031105833        241991.171981208     
   242136.666000789        238395.779757830        243089.834972309     
   238768.756621138        244768.007324070        245262.768194619     
   239506.009609072        246006.618855950        236301.332043370     
   244056.382289681        247175.226536968        244288.710815153     
   242418.536146358        246922.663826479        234284.891349728     
   237655.044985182        247357.677432424        237902.146735672     
   240433.606697694        240578.764515631        237053.992113409     
   236313.431348118        248313.958307150        245021.746102163     
   237973.909756579        233649.515995289        240204.181248358     
   249466.749471952        231542.854694236        235627.948441979     
   235505.335571097        234026.236212242        247748.273315068     
   236696.778535309        228072.540729933        240637.010355727     
   239788.005453003        239396.441592378        239837.064219693     
   235441.573845265        237795.770041633        241030.696979428     
   244280.874762389        253245.802437412        238064.723439298     
   233682.456297819        242817.198835978        232072.809554315     
   241474.663750326        242407.280225647        237370.739359574     
   234798.532869921        243384.743410527        237349.598901856     
   235408.264586187        240461.314609494        239911.799908783     
   241913.772644570        239622.953058371        244580.760592844     
   244858.488358022        240724.420870349        236590.636799511     
   243887.323423676        244093.528617878        232187.536109297     
   243279.961488439        247668.228006657        235633.773714641     
   243731.260633313        233883.398079027        244566.355916907     
   237582.138037494        231336.778347573        242212.700373746     
   232086.142984652        236660.229204937        239695.812718091     
   232510.785055077        247159.035200066        243353.178521528     
   245116.316278485        230571.164314238        239474.711503650     
   240642.611077501        245513.552628234        230581.489954712     
   243657.917209889        242424.458883294        234717.491737189     
   245144.021526066        236142.255231970        243720.715605970     
   233366.437187520        253299.328669709        235153.412466309     
   239616.046426805        244485.883021086        238282.176565270     
   234358.293887514        237161.220294547        238226.908739815     
   232486.474957828        243934.275589627        238889.787293002     
   245253.331415602        233609.933195109        238333.721269726     
   248980.115316117        238362.648831408        238591.130981837     
   238254.032522210        230007.963974004        233277.767472953     
   242098.677191098        233322.566778418        230461.659565423     
   224784.975421728        250198.052897155        241497.854390295     
   234060.948731599        239088.576900025        228205.597369058     
   243650.767543321        237917.357373720        236587.340938695     
   232950.526308660        235171.260997091        238420.410605108     
   235747.749817924        245021.744035808        243457.300879955     
   241183.658198599        238276.391220289        243387.849493244     
   243715.693712232        236158.513793007        228384.908162675     
   240887.698539606        249281.839308525        239652.228999988     
   240597.859471475        245841.076124904        247617.577648432     
   244924.840041202        240534.475270956        240134.281783451     
   238807.528311591        244565.700923253        255407.817555640     
   236794.393179985        232398.008318217        238581.178726898     
   241208.429974814        242370.853199023        244346.078531474     
   245609.404298996        243887.851704565        242493.646772827     
   244481.066394894        240351.403129935        239387.852999092     
   227662.888217576        238414.758429867        240425.533522477     
   249286.972527876        242319.527749445        246633.430425197     
   241681.342469778        233498.620201007        242407.718945232     
   239680.181174992        229155.232345895        238892.035484465     
   244497.860888831        237449.212270136        236410.186896853     
   229899.676761278        243561.791893381        237233.147284390     
   247519.091784261        245812.436218258        235380.717685106     
   241487.838964198        242551.406058428        238348.917985216     
   235769.110256283        238860.122641761        236919.865514173     
   234952.950017188        239013.919375685        251054.742022874     
   234317.618098198        231482.375909376        227374.360521970     
   244249.681057275        238704.486050555        234525.744864825     
   247948.775092497        247746.802266394        238947.908251725     
   231688.858085795        236368.712857302        236709.016896235     
   242279.691994319        234591.609795734        237260.379973294     
   244730.810201898        243345.372007329        234704.534406244     
   242716.397455198        244935.008181398        244617.235148726     
   249937.395220050        238857.927524654        238595.744886065     
   240894.867303354        240573.435547810        234399.089518888     
   234653.165210804        240883.722514680        243669.406312809     
   239751.996765201        240417.000910177        237813.672184823     
   232450.838019098        234699.100467285        234459.482729381     
   232656.363173538        245117.142067505        244294.042059526     
   239059.639508355        246050.593699023        237766.445131330     
   245516.448775301        246197.073913564        238583.800563433     
   246610.860831326        240038.809337991        235963.245367475     
   232819.997530800        243140.202391325        242252.258613533     
   245731.859521438        245934.835137899        243166.911555716     
   240975.921047456        235147.286919066        247066.127339421     
   241127.281729994        245172.828167541        248141.517401339     
   240803.214318393        237341.474120537        239997.834001606     
   233150.123100621        235278.000198427        235942.249449062     
   240986.568120242        244413.069557258        239617.015781500     
   228406.789111240        233450.067069497        237358.036776118     
   241636.760190532        235844.108226400        240139.091944885     
   238426.658490634        236344.405342776        241378.584868538     
   234876.563944839        248377.491579300        233513.969916581     
   250058.500849697        232042.698541573        233667.836919401     
   236267.799230748        237990.455573934        241682.439786161     
   236417.539856868        236841.199358988        232541.798668057     
   242105.759484219        239709.146978982        251977.329643700     
   248476.284406619        250020.570094018        235171.272390484     
   238621.250893108        238672.195999018        244954.346996474     
   245447.054711231        235188.137563815        244753.451578235     
   235989.581578647        238034.221610345        239454.958146778     
   236646.119873137        241090.812257891        247000.985969787     
   246612.136282919        234310.503449237        242440.806305721     
   238950.917267654        247146.309160139        243378.359521941     
   251694.414285220        237955.311700006        238242.253060906     
   233409.018863554        240521.943872259        242809.211049299     
   239267.025369352        245159.455242946        229439.660252213     
   237454.665005734        240620.768167181        240409.004348238     
   240659.460929718        244485.022215271        243835.935467077     
   236828.633560440        236738.169388657        235170.138302930     
   240791.717619791        235762.123796969        244408.329247818     
   236957.472663451        230010.919020431        235018.233885242     
   242694.989398567        232886.301181067        234736.357781846     
   240346.691117439        234005.866102601        242003.934132876     
   227071.170302690        232505.402803859        245605.881776797     
   237303.541069295        242143.604470251        243301.829798308     
   241576.344712012        234163.268678377        241038.489502985     
   235388.012281980        240798.819489199        237528.593970819     
   243411.456971698        239232.629268004        243739.360088742     
   234161.721025547        252784.214630559        245369.451190101     
   248634.672936150        240872.957823195        235621.372086154     
   237131.187308286        236558.629015349        237401.847954055     
   234495.947557400        245321.241389447        246943.632546727     
   239605.060721945        234047.417683350        224060.323509325     
   241202.798340735        248960.646645284        247477.470922132     
   245113.405385331        244832.091320819        233786.224045306     
   241722.459918302        234566.113707105        241719.673284566     
   237391.493148886        243707.043066030        235018.319181675     
   237191.469614919        241481.237326901        239389.813492778     
   237847.826569039        246352.919116234        238811.291746790     
   236714.163877665        235214.578537833        238025.538684695     
   243259.305452342        230561.544760207        233715.806221288     
   240670.748021822        232634.335518912        239827.712162809     
   241733.900223754        235909.252440493        233853.472574781     
   240715.460368809        232046.558950236        239669.243679760     
   247356.425583051        234462.802109463        235552.488209256     
   238233.899998757        249481.477259946        235195.865304043     
   236882.715807712        250341.986693511        240493.719441263     
   248152.360148182        241378.965612397        234563.686777440     
   231243.591082537        243363.813372781        234178.553308993     
   239521.191151156        231759.289742339        247042.364495309     
   241097.997456959        237018.912548958        241735.735034777     
   242698.495140789        239312.409076789        244138.617622567     
   243903.628066577        243574.676611244        233650.110428243     
   242799.143745106        241950.238307982        233264.223161824     
   249624.177929342        227129.651244280        240173.973030953     
   242088.777313704     
   2499049.00000000     
   124119.582307618        145563.463549797        131531.985564494     
   118005.871678567        136046.048679340        132001.965070585     
   136530.133703447        134321.458612268        116336.997478444     
   132559.495426973        129923.436148933        114970.304731484     
   155382.502343061        122561.991166630        120677.464224655     
   146055.372583239        135640.055073818        121184.649589862     
   130083.354439490        121390.359707024        134697.661512414     
   129492.799701658        120911.403962196        127227.256514128     
   139550.572993527        136658.272763690        143142.908338846     
   129148.338863136        122139.587584284        133508.709443070     
   124301.987655883        122791.452076974        128305.204289515     
   122702.674659892        136077.047367155        144870.416148116     
   118878.053583756        124099.511214788        115825.166026934     
   140876.807620959        135704.171064802        128945.081879542     
   121934.881021764        140578.733308089        150064.238857816     
   132567.300851963        106237.502331572        123403.564655253     
   124238.038924005        126158.507989621        125109.886310980     
   123773.894902312        140809.625213014        128374.914168408     
   135288.402093698        118886.769641661        121394.875702911     
   136576.408723027        139567.150229457        115928.755167151     
   121341.166945246        122374.716719919        127835.261952115     
   137007.491194587        143961.195642917        119239.537682494     
   126417.406502783        111268.823526729        144090.319673457     
   131814.709208219        115277.020764878        137874.320808355     
   150798.970945810        129126.892528760        141995.994058374     
   121217.989905174        127716.805335727        129805.462725521     
   135608.889126896        123661.422445083        144118.047516515     
   131978.047018296        128131.013221834        119876.850632881     
   135064.200553049        147100.983597955        123483.644598776     
   136993.311339189        131876.836674266        138908.502450765     
   137397.204913702        120831.008084805        123499.850147801     
   119771.700407667        127034.592607305        126974.342160125     
   131715.264376985        121352.429058445        120281.543334239     
   134837.211360618        130501.074766842        138763.730401556     
   115484.291967038        127493.124156744        128617.346951711     
   130138.382685666        116844.907633114        128460.866765018     
   124827.590107196        135126.420940822        148385.682213836     
   135147.755769127        134072.038115165        127364.037294895     
   123981.128935781        124267.197761644        127268.160657941     
   122679.722993554        131881.203995391        130546.513490887     
   139150.117522879        147610.436253278        156308.281499844     
   125757.290560819        110869.092845544        126238.755192251     
   134648.989112301        131781.108712074        126144.383887259     
   112850.890250363        132465.365718470        145147.545903931     
   139273.759171580        115565.245374786        149733.288838263     
   126499.809489457        120580.249514846        134453.147282447     
   122177.016455543        121833.317575175        134134.927539366     
   127726.859466488        129555.912138001        121540.521216345     
   135365.545710677        122378.526510687        129617.277645894     
   136426.191460671        117457.429066988        121655.168041964     
   117582.241529438        122516.255093061        130029.720019205     
   135941.567490553        140302.904456438        130931.172268105     
   119259.385763181        130872.278478125        126992.703493195     
   136691.798922454        129882.439083393        142272.826464666     
   135787.559021773        142663.339310626        146301.169133026     
   126115.187880930        130317.907460423        129854.581149919     
   149028.849232966        123683.797996719        119466.619796651     
   138719.146557390        127364.650578287        130811.303241481     
   146947.253894354        132546.133282765        136243.674606334     
   133909.220666755        117103.044188122        113315.015687711     
   135226.887911043        122334.723209021        137340.931516398     
   123535.773687098        108358.719494178        136957.164787750     
   118743.856026974        123237.197596907        132646.953355546     
   120514.516685828        125639.558733895        135756.467412232     
   132747.197313624        135505.374324059        139156.194603763     
   132231.147215751        130290.625641650        130843.045303105     
   138330.213380773        125333.307309130        135287.733057271     
   130491.726841199        130727.097573321        143269.579235817     
   110214.515038453        143345.830804226        126234.740973685     
   118967.908892861        138139.798179722        146929.691688128     
   118749.301240121        144674.890252130        132551.336899425     
   120822.626545114        124363.446085502        129067.905817054     
   129114.143667944        129541.973879091        130118.887707537     
   115787.532727878        130315.918935485        132693.079700364     
   134395.963252227        127489.202859904        124568.933190522     
   125161.903893231        117938.484842825        123366.749067386     
   128647.174825778        140555.930316512        121329.793325975     
   128076.282325181        125521.064948817        136357.447967728     
   128759.405686519        124195.517942158        130572.884676744     
   120266.415677235        140322.009163317        129898.495957657     
   126303.112779723        124960.691187611        140851.625833196     
   121323.623323365        117981.433264612        124523.884737726     
   137185.343378275        141453.442684227        131767.114700129     
   126526.756790016        115424.989321464        152895.601019699     
   134666.737161980        133848.579948325        120372.253523223     
   124835.488453911        131206.573679816        126619.734269116     
   138176.781026695        111064.228470280        138141.638029898     
   140211.153544122        146570.251867364        124971.098420930     
   138136.360075857        159262.802117454        123792.776597048     
   133307.775502628        156083.968453124        127720.039011794     
   138658.673098067        134064.715883151        131203.897534105     
   109243.148482863        129846.794309274        133885.971650893     
   132803.489295274        126898.239266478        129382.520197164     
   122492.169781665        128914.269035179        134132.102718893     
   139518.477829344        133195.172954982        125132.354784343     
   152889.170836256        120656.166565041        116408.584376204     
   121827.017482148        116873.694783849        122533.352690657     
   133974.544640178        128746.545319632        108337.942196230     
   139960.060455949        117249.210063222        119477.640313362     
   120438.395207836        136039.785755003        129687.173368240     
   115752.203887628        147892.974053551        131324.807284060     
   119933.365626674        139567.187398148        129386.051222755     
   143291.434425788        141974.120284058        131829.948371294     
   130057.726627441        135333.543468220        141371.188372314     
   127158.457268149        131122.516686417        130255.241048365     
   155865.788240324        126666.734078160        131256.026622427     
   137873.763277998        154548.882954189        113570.401759628     
   128482.629033263        134574.001279367        117967.253409215     
   144665.486573453        126530.064803464        149042.267130210     
   141682.587660702        133668.980836187        137261.687868410     
   115373.659359986        125218.288796608        128330.218818171     
   115838.230821619        136835.716091783        127151.581060421     
   130213.649283778        127799.895943174        136678.250934794     
   131085.087815159        136025.587315260        135323.322078353     
   137496.259473687        133407.164580827        111967.390478939     
   130835.462890258        135796.553844856        123713.421442989     
   124247.888626968        130653.392060207        144674.648655643     
   134072.985916771        135734.166197976        128935.213592234     
   129155.716848185        136141.813810222        133628.225367135     
   126191.699630172        130368.940072377        123301.945455629     
   126397.800018583        151959.173033109        139926.645803257     
   141574.742705432        128264.262977010        131986.075455428     
   126480.834872995        130262.321683891        137765.249286300     
   117375.565026325        128291.061602808        117774.385074595     
   126376.836877183        119938.959514583        129553.087317529     
   125065.841412826        149457.088299708        135825.638345114     
   121467.503324003        125807.877148488        121322.898533901     
   133330.504156823        149763.469814889        144135.535385360     
   131556.442562795        124946.083892273        139006.832221287     
   135902.057172630        139517.269846906        133148.396158081     
   138256.693711111        127306.370071699        116324.453045425     
   136657.064781251        124816.569590484        144582.228706899     
   137965.700033767        122040.811789478        134941.878392857     
   128088.547993022        144076.214155440        127255.021525876     
   124010.417863837        133300.955047935        133970.716265064     
   124753.308479379        129959.118091741        152701.022925320     
   130527.353030973        128893.993514551        123457.124738157     
   116828.739252779        107241.205647833        127513.566936478     
   133366.464864810        113406.822353063        124483.649630339     
   139864.890024114        114372.446345983        127491.284306568     
   126031.409652710        122570.372706321        123741.725400748     
   146826.604325231        128173.218269812        132683.936202519     
   124708.575960452        133876.326375728        133431.231307877     
   136597.464786153        124506.712802749        122092.532022205     
   136561.671337273        125715.141265876        125141.349607426     
   126237.863143681        143007.670058731        116519.439995400     
   134423.598173559        123402.505347576        119359.239450010     
   125502.015994974        139006.980896048        128612.496437611     
   124426.874455714        135226.460471103        117918.822605590     
   127057.302677155        124709.300749915        145952.731244628     
   135021.270715607        120128.259654922        133186.215300590     
   130369.014409758        109301.633417248        130761.590118037     
   152478.568313121        130352.604432935        139692.111366669     
   130969.195838411        109792.687570810        128624.501924618     
   131466.271319821        127322.854385903        126899.261405464     
   127786.924070216        127157.918322138        127551.144482499     
   135884.810900272        139396.917627307        119180.755398585     
   135509.815982565        125134.993761363        131600.933485235     
   129301.771217214        127151.915578634        122674.277780406     
   124921.701231354        122982.926585703        130426.886060751     
   134302.130893247        118853.540832421        147217.767623274     
   114130.310912203        134275.127839652        120221.720326998     
   129668.719113444        140921.391465125        127730.817932018     
   119497.785743573        145764.880683215        121013.041746166     
   136449.180295699        136639.446821989        130587.343297320     
   132637.401002106        122443.999158873        121570.181831305     
   118836.517572206        113529.033007183        134243.218518922     
   134419.583954993        147292.625365791        117223.396407721     
   127298.137206770        124350.752977722        129753.872583210     
   133552.847262951        133134.922507802        122306.437835606     
   126246.374773788        147213.995001195        127633.714728280     
   110142.909556348        135418.975703164        130605.555955629     
   127855.537472742        129701.371807983        161528.475395401     
   125068.926414131        128334.381711499        138773.245586305     
   119261.931818475        126830.387822105        143651.227349111     
   122431.120207640        121048.890948082        128429.496390299     
   134241.973367792        137075.175379852        128057.828070385     
   145557.516559329        119566.584989551        115017.490383979     
   125364.120153494        125407.533183911        122668.386542974     
   137533.167983280        128576.015367958        127223.874163299     
   121434.887798155        140576.019993688        134974.159400492     
   136653.626677387        128169.761581603        139748.812203914     
   132908.509430073        134689.149882307        122343.179086092     
   129853.689101348        126657.906514184        136567.209472147     
   128275.413584138        122598.639495390        130422.128468377     
   119665.212109596        134969.717741986        118447.324214756     
   132541.524365152        131048.811173303        146108.616732274     
   129860.286543899        138272.211639364        136577.226434216     
   123964.328687709        112283.287178869        128565.979821543     
   125545.410441046        133815.778579024        138595.988101664     
   129283.632896286        144063.075023375        125720.474972952     
   127656.294707714        123537.371940786        139100.162802946     
   115039.178314843        136615.380094939        147527.587242319     
   126051.648004647        126896.826856241        128013.783172230     
   140776.173391631        121737.199341734        116704.112633781     
   123498.567827982        124164.835188211        124202.617162029     
   131403.958010322        135043.460423791        134871.815411405     
   144426.268881872        126612.374868412        121059.446856162     
   120574.897223425        120989.997158102        132636.899224785     
   138605.967895043        120012.386262519        122468.772091042     
   125843.354663500        121937.668673546        148227.101996134     
   134981.574554232        138711.768572341        139397.326482901     
   127158.717448982        123186.053478881        129209.964551862     
   124582.611268598        138013.294541857        131236.587397335     
   146097.651968598        119246.376721532        132910.442201975     
   140350.387458457        132890.687043013        131369.186700429     
   117447.653701406        120368.313642038        137638.336792840     
   129752.553094699        127862.041993567        124230.400758123     
   132204.199915192        126802.901575535        144174.265160784     
   135701.383413020        142098.152204009        121555.630289003     
   126513.617657950        129105.297519623        120246.604765238     
   125296.658980371        124558.265776369        127301.686816706     
   132112.449002876        134150.965829285        120386.526300347     
   135462.481655308        146239.190341740        128436.484104099     
   127887.000769188        124651.745032791        137853.469173026     
   132695.365574825        122296.179277049        114587.745985275     
   131322.447072218        130691.954576524        141216.585204488     
   131883.378363781        135818.167438339        117326.446601927     
   134993.394197788        133929.830705596        137598.361866287     
   130701.841448177        136862.737729723        124549.698393226     
   120093.915784969        132653.680888513        128011.645972531     
   137738.450660503        138196.591938692        138406.149015314     
   147875.839287264        129676.097098493        111530.268095185     
   132510.469924302        126569.314940554        124012.536479191     
   132559.160908760        127933.127114006        137683.199402185     
   128365.194555862        127197.056953157        118055.714892429     
   140501.236588551        138882.540120502        124547.115169242     
   142899.193235723        136759.371601649        123742.933383187     
   126133.196111441        143506.343793830        125362.596237186     
   126306.290702755        120196.575707925        124842.662011163     
   134899.710513569     
 ------
  0.000000000000000E+000  0.000000000000000E+000  0.000000000000000E+000
  0.000000000000000E+000
  0.000000000000000E+000  0.000000000000000E+000  0.000000000000000E+000
  0.000000000000000E+000
