           3           6           6           6
   4.00000000000000        7.91500000000000       -5.20000000000000     
   1600000000.00000        165947915.000000     
      218880         758       36875
   4305490.25000000     
   23906805.7500000        28208344.7500000        25797244.5000000     
   26113519.0000000        24615328.2500000        25860799.0000000     
   25146983.2500000        25898800.0000000        24842096.5000000     
   26371782.7500000        23960523.0000000        24535860.7500000     
   23854000.7500000        28425635.5000000        26043374.0000000     
   23957347.5000000        21811785.0000000        22031771.5000000     
   25951229.2500000        24665440.2500000        23901560.2500000     
   24037342.2500000        25195561.5000000        24861523.7500000     
   23276178.5000000        22850512.7500000        25568846.7500000     
   27201225.0000000        30270560.5000000        25579309.5000000     
   24846076.7500000        24245906.5000000        25968229.5000000     
   28598734.0000000        26420929.5000000        26768405.2500000     
   24825071.2500000        22928693.5000000        23924367.2500000     
   22975310.2500000        26518462.0000000        24658718.5000000     
   31825984.0000000        26766372.7500000        24529421.2500000     
   26110150.0000000        22982977.7500000        25792105.2500000     
   26694486.7500000        24191366.7500000        26898847.5000000     
   25368618.5000000        25243722.0000000        24156406.7500000     
   25191687.5000000        26279487.0000000        23957795.5000000     
   25938894.5000000        25480290.2500000        24104316.2500000     
   25400882.7500000        26258190.7500000        24883157.7500000     
   24397254.7500000        24801631.0000000        23417910.0000000     
   28330187.5000000        28707930.7500000        24824318.0000000     
   23309493.5000000        23207973.0000000        24730703.2500000     
   24988613.0000000        24064943.7500000        26680010.7500000     
   25894161.0000000        24524654.5000000        23814130.2500000     
   25800201.5000000        25140538.5000000        25428383.5000000     
   25723616.2500000        25846771.0000000        24629251.7500000     
   26834438.2500000        28005121.2500000        25619316.0000000     
   25162068.0000000        24827875.7500000        24249010.5000000     
   25469150.7500000        23235957.5000000        25601349.2500000     
   26422402.0000000        25578527.2500000        24622789.2500000     
   23433230.2500000        25316305.5000000        25265695.0000000     
   23455260.0000000        23808021.2500000        24094895.2500000     
   28846970.5000000        26413691.2500000        25754777.7500000     
   25021195.5000000        26481069.0000000        25999594.2500000     
   26196206.2500000        25074644.0000000        24452768.0000000     
   25014449.7500000        24403110.0000000        27793998.0000000     
   24422670.7500000        27075420.7500000        25066842.0000000     
   26210490.2500000        27282484.5000000        26788041.2500000     
   25678881.2500000        22401502.5000000        25842423.0000000     
   23415951.0000000        25075291.2500000        23592906.0000000     
   27518172.0000000        25390025.2500000        23688016.5000000     
   27443293.0000000        25344098.7500000        26373666.0000000     
   26864571.5000000        25839919.0000000        29586052.7500000     
   23512102.0000000        25924401.5000000        26341169.5000000     
   23159058.5000000        25356608.2500000        25647788.0000000     
   23781927.7500000        24524709.0000000        27246126.0000000     
   24516146.7500000        23498175.5000000        23913693.5000000     
   23953975.2500000        26288639.2500000        27052039.2500000     
   24324219.2500000        27111785.5000000        27744109.0000000     
   26492819.2500000        27778049.0000000        27389189.5000000     
   26841307.5000000        24351205.0000000        24210268.5000000     
   25130577.5000000        25182654.5000000        24634666.2500000     
   23084006.5000000        24332475.5000000        23002192.0000000     
   25600420.2500000        27924818.2500000        25312977.5000000     
   24248038.5000000        27567605.0000000        27079045.5000000     
   24372663.2500000        23628527.5000000        24846991.2500000     
   24285157.2500000        22619969.5000000        25932019.0000000     
   23383470.0000000        25702434.0000000        25922543.7500000     
   24878270.5000000        26258419.5000000        26160713.5000000     
   24052401.0000000        22879409.0000000        24349389.0000000     
   26350804.0000000        22398529.5000000        24584140.2500000     
   23552640.7500000        24529183.7500000        26030578.5000000     
   26976174.5000000        24740444.7500000        24004875.2500000     
   23877088.0000000        27957233.0000000        26348913.5000000     
   25615714.2500000        27364568.0000000        25994848.0000000     
   22530346.0000000        26254592.0000000        23396633.5000000     
   25917005.5000000        25215636.0000000        27798230.0000000     
   25970037.2500000        24048029.7500000        24825440.0000000     
   24662837.0000000        23285769.5000000        24181028.5000000     
   23998314.5000000        24114971.5000000        25278500.0000000     
   26678857.0000000        26210491.5000000        22804415.5000000     
   22930595.2500000        26097391.0000000        24132536.0000000     
   24576189.2500000        24943093.0000000        23997238.5000000     
   23977543.2500000        26551966.2500000        24921671.7500000     
   26399954.2500000        24512903.2500000        22079184.5000000     
   22390035.5000000        25148553.7500000        25249797.5000000     
   24008647.2500000        25865946.5000000        25308176.5000000     
   22490056.0000000        24860559.2500000        24955351.5000000     
   28926409.2500000        27648699.5000000        23409679.5000000     
   26252593.7500000        23537276.5000000        24103010.7500000     
   27168729.5000000        25288577.2500000        23198805.2500000     
   24874145.0000000        23801559.2500000        25999451.7500000     
   24757862.5000000        22823811.7500000        26958281.5000000     
   27271396.2500000        27109034.0000000        26607545.7500000     
   26282541.0000000        25957079.2500000        24219026.2500000     
   24950315.5000000        26733471.7500000        28445470.7500000     
   26014818.5000000        26531816.5000000        30749227.2500000     
   28413793.2500000        25797883.2500000        26004952.0000000     
   25025670.0000000        24622302.5000000        23861108.2500000     
   28575631.0000000        26344253.0000000        24266357.7500000     
   28845380.0000000        23602317.2500000        26441587.0000000     
   23662000.7500000        25475872.0000000        25839998.2500000     
   24146557.2500000        25858874.7500000        25230363.5000000     
   25225738.5000000        23821245.5000000        25690175.5000000     
   25919508.0000000        22417616.7500000        25925414.5000000     
   23202506.7500000        22877599.7500000        26672772.7500000     
   26365725.0000000        25412420.2500000        22289554.5000000     
   27965548.0000000        29097888.2500000        24076481.7500000     
   24817350.7500000        25237735.5000000        25392793.5000000     
   26523240.7500000        23095603.7500000        23072801.7500000     
   24798919.2500000        25112296.7500000        22463896.2500000     
   25949765.2500000        23495834.7500000        24971870.7500000     
   25608116.7500000        23056821.7500000        25939763.0000000     
   24929457.5000000        23435384.5000000        25501362.5000000     
   24742220.5000000        22955042.0000000        23851635.2500000     
   23973658.5000000        24663644.0000000        25969464.5000000     
   27584612.0000000        26969901.5000000        25861536.7500000     
   22996187.0000000        26134853.0000000        24078437.0000000     
   23420151.7500000        27743922.7500000        27009433.5000000     
   28995020.0000000        24366519.2500000        25757635.7500000     
   25493038.0000000        22134621.0000000        26345156.0000000     
   25665769.5000000        22527315.7500000        25241930.7500000     
   26455078.5000000        25124908.0000000        26114117.5000000     
   23951199.2500000        25385301.2500000        23677063.7500000     
   27057908.2500000        26430172.7500000        23724141.7500000     
   24516406.2500000        24743347.7500000        25695662.0000000     
   24309814.0000000        25099392.2500000        24077776.2500000     
   27256383.2500000        24383605.5000000        26831780.2500000     
   25761954.0000000        22852594.5000000        25285913.0000000     
   23414480.5000000        27040779.0000000        22408674.7500000     
   23114515.0000000        26153220.5000000        25358971.5000000     
   25470449.0000000        26719302.0000000        23200367.5000000     
   23992724.0000000        25215725.2500000        28148893.7500000     
   25104009.2500000        24863820.5000000        26494758.0000000     
   25201596.7500000        28875030.0000000        24486418.7500000     
   24977216.7500000        23811746.5000000        25381976.2500000     
   27333066.2500000        25525513.0000000        24821756.2500000     
   25307206.7500000        24905281.5000000        23402443.7500000     
   24974457.5000000        25130054.7500000        25735267.5000000     
   25152286.7500000        24707516.2500000        24945857.7500000     
   25878285.5000000        25419179.7500000        21876837.2500000     
   30449907.7500000        26402625.7500000        26165645.2500000     
   22745551.7500000        25344587.2500000        25047870.0000000     
   24181970.2500000        23077117.0000000        26801820.5000000     
   24055077.0000000        25588609.7500000        23945739.5000000     
   26593780.7500000        22848200.0000000        25287167.5000000     
   24876994.2500000        26580457.7500000        25669621.5000000     
   24105538.2500000        26622699.5000000        23246818.0000000     
   25021166.5000000        29161469.7500000        24530183.5000000     
   24030722.5000000        24312875.7500000        23893953.0000000     
   27455535.5000000        24438435.2500000        26421163.0000000     
   24024159.7500000        25600089.5000000        24924677.0000000     
   24092921.5000000        26108360.0000000        27325554.5000000     
   25886752.2500000        24237259.2500000        25024222.5000000     
   23099573.7500000        25249189.7500000        27976859.2500000     
   24109452.5000000        25952077.7500000        25253279.7500000     
   24145384.7500000        25300710.5000000        25588319.5000000     
   27176283.2500000        23166570.0000000        24999184.2500000     
   24425871.7500000        24720498.2500000        26094779.5000000     
   26263026.0000000        27605120.0000000        24633266.2500000     
   23806515.2500000        24904279.0000000        28484443.7500000     
   25385777.0000000        26829425.7500000        25442701.2500000     
   25215302.0000000        22814419.0000000        23422251.7500000     
   25014965.5000000        22380161.5000000        25375927.7500000     
   26876390.0000000        23892518.0000000        24443515.5000000     
   22555007.0000000        24237028.5000000        26890035.7500000     
   23430941.0000000        26388327.7500000        23702435.0000000     
   25654384.7500000        25385327.0000000        27098436.5000000     
   26080556.0000000        26975791.2500000        25071416.0000000     
   26314245.7500000        24828521.2500000        22545290.0000000     
   26506579.5000000        25335703.7500000        25621564.0000000     
   26021073.7500000        29983709.7500000        24388814.0000000     
   28403092.5000000        26167112.0000000        24078456.7500000     
   28032639.0000000        28618882.5000000        25784429.0000000     
   24892329.5000000        23678997.0000000        26076484.5000000     
   26225332.0000000        26679232.5000000        25571464.2500000     
   22876075.5000000        24841940.5000000        24855484.0000000     
   22210018.5000000        29338325.7500000        23793038.7500000     
   26119831.2500000        22672127.2500000        25008523.0000000     
   24635565.7500000        23890733.7500000        24520288.5000000     
   25292265.5000000        23869012.2500000        23679618.2500000     
   24174616.2500000        23696083.2500000        23250664.5000000     
   26008986.2500000        24479117.2500000        24664358.7500000     
   23265257.5000000        23809964.0000000        27829741.7500000     
   26429017.2500000        24972014.0000000        23238655.5000000     
   23972565.2500000        26764640.5000000        25217143.2500000     
   25907009.2500000        25361785.0000000        24459476.0000000     
   26341643.2500000        24502209.2500000        25581477.5000000     
   29234981.2500000        22650628.0000000        28225295.5000000     
   23726158.5000000        24635574.5000000        24949062.7500000     
   23620385.2500000        26146769.5000000        26921887.7500000     
   25020833.5000000        25506040.2500000        25490111.5000000     
   24418069.5000000        23566253.2500000        23181062.5000000     
   23714279.5000000        25021831.2500000        24696756.2500000     
   23616774.0000000        26030346.2500000        25880683.0000000     
   27139198.2500000        25112347.5000000        25994519.7500000     
   26446584.0000000        24606839.0000000        24775768.5000000     
   23644392.2500000        24752421.2500000        25404980.2500000     
   26166975.5000000        26110660.5000000        25590688.2500000     
   25244283.5000000        26038014.0000000        24116890.5000000     
   24138417.0000000        24080746.0000000        26146062.0000000     
   25614583.7500000        24830199.7500000        24377320.7500000     
   25337071.7500000        27190727.5000000        26411134.2500000     
   24974548.7500000        23873897.7500000        24698298.2500000     
   24995399.2500000        23270673.0000000        26743226.7500000     
   26248638.7500000        26188490.7500000        25037565.7500000     
   24720940.2500000        27117973.2500000        25375756.2500000     
   27114279.5000000        22726226.5000000        23191531.7500000     
   21882079.2500000        24560858.0000000        27533350.5000000     
   26052134.2500000        26819391.0000000        25259336.7500000     
   22601759.7500000        26596982.5000000        27906284.7500000     
   25102321.5000000        23063066.2500000        29339084.5000000     
   22647385.0000000        25971488.2500000        25658226.0000000     
   23979404.5000000        23751983.2500000        22208418.2500000     
   24147130.5000000        27059712.7500000        24296737.5000000     
   25466642.0000000        26749633.0000000        24296502.0000000     
   25148395.0000000        24370000.2500000        25095803.2500000     
   26540790.0000000        19957659.5000000        26492119.5000000     
   28443966.7500000        26405540.5000000        25215662.2500000     
   22288121.2500000        24339673.2500000        22130351.7500000     
   23436178.5000000        25379937.0000000        27057828.7500000     
   25323900.0000000        23411933.2500000        24540863.5000000     
   21971727.0000000        23201018.2500000        24586983.0000000     
   22062625.5000000        22803481.7500000        25543205.5000000     
   26391667.7500000        28979095.5000000        26385223.5000000     
   25668674.0000000        24161187.7500000        24804071.2500000     
   23659026.5000000        22285002.5000000        23582829.0000000     
   24082508.5000000        23587159.7500000        25104138.7500000     
   26654809.7500000        23878920.0000000        21663975.7500000     
   26035162.0000000        24495145.2500000        23223906.0000000     
   27118205.2500000        29379406.7500000        22832312.0000000     
   26249163.0000000        24586555.7500000        28845362.5000000     
   26437969.7500000        21973763.7500000        26341535.7500000     
   27535048.7500000        24668715.0000000        26105875.7500000     
   32119518.5000000        27544505.5000000        25501725.0000000     
   22870459.5000000        27075684.5000000        25850776.2500000     
   24211611.5000000        25492881.7500000        23767617.7500000     
   25731542.0000000        26026813.5000000        27783399.5000000     
   24150514.5000000        27940381.2500000        23345397.0000000     
   21095965.7500000        24434725.7500000        25895884.2500000     
   23808043.2500000        27197951.7500000        24999888.7500000     
   27187813.2500000        28731461.2500000        23157306.0000000     
   25643675.5000000        24658163.5000000        24913614.2500000     
   27008301.7500000        28245491.5000000        27349314.5000000     
   22985308.2500000        24958032.2500000        26415177.0000000     
   26089412.2500000        25392493.7500000        25889522.7500000     
   26882234.2500000        25750762.5000000        23256522.0000000     
   25248685.7500000        25973514.2500000        25673577.2500000     
   23133446.5000000        23257166.7500000        25464692.2500000     
   27653197.5000000        23903890.0000000        27233230.7500000     
   26318653.5000000        25790031.7500000        25061340.7500000     
   26791630.0000000        26066981.0000000        25135943.7500000     
   25120405.5000000        23946515.5000000        25167738.5000000     
   23376424.5000000        26027584.2500000        23858252.5000000     
   26796755.7500000        27620376.5000000        28600799.7500000     
   26055069.5000000        24006448.5000000        26960267.7500000     
   26586432.0000000        26041734.0000000        24920296.2500000     
   22608854.0000000        24620048.2500000        26170541.7500000     
   23135542.2500000        24043193.0000000        24574536.5000000     
   27579416.0000000        24373029.5000000        26129125.0000000     
   23886191.7500000        26125986.5000000     
   2004468.39354427     
   12953369.0454108        13844747.3623511        13035865.0446234     
   13717069.8094965        13249884.1632073        13213445.8424266     
   13503856.4215229        13193872.0292890        12972741.7746323     
   13876569.6313172        13601288.7742629        13396897.0205694     
   12742661.6031623        13755968.2713538        13354752.4087338     
   12972216.1905530        12696473.0731630        12776028.1042552     
   12659952.1272574        13695964.6564562        13018274.1887160     
   13198228.1735088        13337186.6710576        13436416.3223013     
   13048447.2369821        12783729.3632702        12827751.8824690     
   13770686.4821754        14377396.5350066        14223865.5909275     
   13698162.5847417        13997532.5051620        13932349.0032286     
   13921254.3192859        13981333.2636995        13326588.6546996     
   13508387.8491013        12599535.3817297        13054223.8862476     
   12363832.5340700        13794815.8206515        13382263.3169970     
   13986425.3349401        13802865.8421126        13088652.2561934     
   13496893.0527528        12856495.8675880        13505108.8851833     
   13932606.2704710        12855439.4249157        14006056.0177538     
   13808123.6852914        13328663.9883919        13124479.6490397     
   13555881.0025324        13135524.7632515        13318092.0325434     
   13532142.2051759        13108730.4886757        12840579.5448653     
   13106339.3441231        13885992.6416803        13191876.0740765     
   13318375.8648636        12841393.4527293        12584119.5838304     
   13576375.1480296        14029490.4049140        12975073.0200460     
   12958326.6249098        12933725.1804469        13841663.3952624     
   13390308.4197288        12494401.9658847        13598959.1887885     
   13294432.3287981        12924223.0349003        12823835.2477173     
   13584249.3829344        12592722.3566582        13891086.1609275     
   13223978.4772967        13590937.5184150        13623126.5310613     
   13389593.6870578        13474229.8410715        13589697.0002548     
   13597074.9544878        13412351.1686527        13497115.7662210     
   13644726.3404701        13358449.7489634        13799646.9524813     
   13866397.1174660        13604310.2403829        13044683.9369103     
   12781664.3202500        13442959.5409607        13585173.1161445     
   12823472.1114202        12995815.1381246        12569021.1759767     
   13792165.8099248        13624730.7586533        12097327.4971848     
   13006748.1322653        13446375.8767475        13675173.2874170     
   12927455.5064638        13017872.6638169        13293048.0605375     
   12349317.3096811        13376972.0719542        14262775.4656005     
   12912330.3763283        13889154.6834453        13611825.6774207     
   13072903.0319735        13783159.1499446        13827220.4271185     
   13324447.6574310        12720724.4529898        13616740.3681489     
   12642695.0788917        13175917.1280746        12666245.3346225     
   13607606.6327796        13235157.8461114        13322061.7077224     
   13971421.4476744        13553317.2517861        13879589.9824459     
   13662287.8889292        13073387.1888400        13996991.3910618     
   13128975.2338839        13589199.5818251        12904964.0824720     
   12717044.1433497        13431517.5296725        13395697.4949538     
   13328102.5009163        13418107.0717914        13949285.6106217     
   13492380.7608495        12937996.9151817        13083912.6340057     
   13419386.3849897        13144688.8225307        14092349.2062020     
   13234424.0840787        14018377.0258033        13500414.2229403     
   13342184.9728534        14049350.1244589        12963323.4803825     
   12655284.4512275        12282744.9374019        13380499.9366441     
   12783420.9647449        13092151.9901872        13180751.6311844     
   12966755.8925317        13482101.4004269        12516746.3787137     
   13073566.4930839        14015946.7055006        12822827.8745054     
   12832924.3348813        13660949.2461192        13274838.8448244     
   12992996.9171159        12705365.2835057        13602484.0679987     
   12864154.3974772        13104792.9978118        14036447.0790872     
   13157942.8372637        14105813.9060866        13502111.9768677     
   13524441.6839647        13357415.4060129        13201670.5588013     
   13417107.0556382        12750081.8697214        13221464.3068625     
   13425116.0784531        12879254.5047738        13191779.0462326     
   13287235.4771957        13654233.8381467        13405178.5721161     
   13574634.1752389        12826167.2930839        12908907.4169040     
   13188338.8950065        13586447.7009433        13988131.7610624     
   13274926.2165525        13887137.2681172        13933851.0665284     
   13029424.4649454        13826451.6671494        12782683.6384889     
   13506921.2610475        13273763.3398803        13457511.8745141     
   13606334.4852544        13185567.3083263        13215997.0206315     
   13402123.0913123        13319351.0748025        13470583.9741873     
   13359134.1625003        12923048.6705431        13619356.8356017     
   13477375.4206291        13919826.0386081        13182184.6909800     
   13339657.2525987        13580991.5773105        13125113.9879104     
   12653244.7344879        12992921.7101742        13530691.0407954     
   12861625.4735047        14233413.9299377        12870215.3939089     
   13402178.0256312        13854606.8288569        12385984.4197690     
   13056671.1745008        13332916.4962446        13243931.9999746     
   12645685.4369271        13600570.4842495        13069226.8904317     
   12685953.4205169        13454591.0029355        12840294.3754794     
   14027175.3329621        14340624.4650237        13516263.7262150     
   13710504.9215365        13234601.6292317        13458550.6331530     
   13868249.7751524        13338212.5174354        13071501.0271760     
   13257998.2660144        12972001.0335877        13179593.0248409     
   13386067.1209251        13082834.2011485        13592606.9222520     
   13744332.5913836        13432601.5930569        12788868.8022068     
   13136663.7759459        13573243.0901134        13441533.0004349     
   12866846.3565880        13236810.4517209        13893593.9045432     
   13330920.8943852        12895952.9670693        14090481.8574408     
   12844424.7860386        13229978.3738574        13124985.6457483     
   13522420.0741724        12814976.6520960        13152648.4516333     
   13496633.6408791        13322932.9246091        13287074.1216033     
   13664442.1696878        12966273.9147686        14111879.3420212     
   13015318.8902370        13561460.0605952        13539386.2582621     
   13630170.4245077        13093922.5901911        13677700.0602982     
   12302268.3008291        13358985.9788724        13730063.7423618     
   13096503.3445552        12676636.1794685        13483623.5831021     
   12952347.7490746        12661448.2015649        14087608.9960631     
   13690476.5580365        13219181.9652264        12666896.5928131     
   13980843.7134412        13736556.2156979        13272204.2184567     
   12990909.4365490        13263153.4592714        13946576.9565199     
   13722054.9487649        12914466.3702912        12610827.8808025     
   13144006.8300589        14181022.7141154        12744798.3079867     
   13232603.4162530        13181875.4233865        13718550.0670350     
   13497323.9246714        12811947.1359364        13281545.7392519     
   13628112.6136819        13086578.4110405        12569940.8781057     
   12819984.3132677        13070273.0233938        13169926.7759986     
   13037900.0558802        12596066.0191449        13233011.7156426     
   14343640.3427925        14002754.8856360        13177024.5158456     
   12840836.9987302        13595563.3416072        13606181.1197219     
   13200202.2893297        13301536.9563360        13830928.2285786     
   13921027.7110654        13462246.5044972        13453912.7718291     
   13510821.4800491        12498201.2993617        13359960.5319372     
   13612101.9358620        12679554.1839871        13691012.2821761     
   14021363.6765878        13529811.9424975        13839724.2268254     
   12898907.3619487        13651932.4949613        12813681.2696574     
   13961827.6715885        13630766.5981604        13284972.1822423     
   13292751.6189540        13485733.8683758        13594822.3651673     
   12729937.7745573        13486034.2521252        12654512.9336852     
   13974874.3442365        13107642.0795431        13742358.9734255     
   13422987.8757571        12919175.2490087        13074076.8753814     
   11735231.0781376        13718238.2464784        12583641.7706540     
   12854318.6538640        13830446.2095896        13517254.6842409     
   13778076.8348295        13911201.6068986        12971981.6892471     
   13333604.2684644        13876426.7460733        14160288.1983742     
   13356286.9950804        13410640.9486761        13406872.6075093     
   13214079.4170818        14083297.6884119        11982302.6909265     
   13214260.2099177        13283301.0923073        13258931.0635521     
   13688221.2803508        13139094.5426745        13133156.0921425     
   13118599.2740242        12717362.9673778        12538527.8680843     
   12958703.6407116        13188471.3446402        13032121.2108707     
   13055154.8287021        12959063.9227054        12670959.4951408     
   13484344.2880151        13644891.8131818        12505729.9191132     
   14056676.1751603        13483545.4084543        13470455.8086520     
   12506899.2766985        13638754.1097799        13473299.7564678     
   13166696.1033453        12503922.1212893        13343579.3971958     
   12664473.1715718        13325167.2005647        13572568.5592254     
   13774600.3816043        13530837.3245015        13389136.3430035     
   13090096.9520132        13664958.4869622        13911130.9399995     
   13476221.3711996        13299490.7535995        12937282.8505123     
   13845872.1047815        13787163.7268524        13030368.4298882     
   13013857.8788909        13159424.9319951        13455979.7978440     
   13707499.8815850        13348821.8578111        14005957.0911594     
   13335696.7636976        13297217.9184405        13620360.7423614     
   13536355.7820441        13543759.9644987        13224357.6805456     
   13080049.7751784        12420860.5294552        13272993.4700290     
   12473879.4960368        13373215.7018671        14429510.7820051     
   13239506.0564589        13685796.7175793        13407008.7893069     
   13284216.5737609        13321344.6402851        13478955.6924945     
   13739101.1489334        12950509.3262277        13767264.6719222     
   13320230.9778606        13310184.2572135        13649881.9511786     
   13546454.2302395        13866449.9771972        12214250.3628458     
   12798689.6255612        12881561.2224891        13889382.3916907     
   13245136.8434990        13849052.6831586        13677163.8300059     
   13139536.6305128        13127164.3943697        13191954.9828090     
   13526207.6844515        12720885.8988570        13303444.8762482     
   13891202.6632248        13196262.5994057        13156093.0255015     
   12657319.0301311        13010788.3156393        13143997.6832498     
   13372293.8274707        13814557.8041012        12299689.9683137     
   13345999.1991792        13473683.4299925        13563271.5275545     
   13294252.5742755        13814686.6861354        13489650.1059517     
   13584080.9600151        13187530.8245256        12827326.0586693     
   13662910.0186785        13678740.5838386        13585514.3211376     
   13118453.7904965        13955193.0851253        12855888.9791876     
   13767228.4519182        13900613.6585536        13181465.6311699     
   14121873.6450889        13658557.1359325        13551613.3100259     
   13138049.1976879        12500620.8073007        13281291.5943556     
   13466697.7589898        13469724.5469539        13125694.3033747     
   12423938.7586607        13261474.6556414        14066271.1005460     
   12620882.2724160        13605891.9091894        13348223.5499709     
   13769108.4804042        13145905.5656504        13851329.0076486     
   13704612.6754645        13150113.5983489        13512421.8628218     
   12987189.6602984        12712874.5587010        13242742.6844225     
   13000796.8979526        13016731.9669142        12773434.6266572     
   13289710.2326800        13275091.9467895        13644748.2026609     
   13201225.9081029        13191241.3874709        13403516.2261068     
   13334823.0902739        13958897.6062923        12895300.2823732     
   12731227.7733974        13558994.3569321        13528445.1720757     
   14133459.0555763        13679994.7254344        12929185.5163061     
   13818456.8266495        13005655.1785850        13440504.5287115     
   13435549.7516999        13064086.6021939        13926252.5741417     
   13196216.1115230        13525671.3788764        13636124.7869000     
   13308326.1198511        13106985.0124858        13675472.4670132     
   13446237.0062958        13295256.5081760        12898917.4303790     
   13124856.5533323        12862636.3185002        12082348.5988754     
   13410146.1189840        13510636.9612348        13104257.9069111     
   13164889.2419595        13364367.9811673        13336181.5408078     
   13194646.4251191        13433085.3609746        13530316.3667875     
   12931614.2755417        13218846.3184495        13132059.0541939     
   12545938.8737384        13459852.8706982        12979251.7673181     
   13423868.3778922        13379542.5021525        13174146.1393470     
   13159982.1620665        13589057.6325256        13065955.6128310     
   12635271.5633907        12958457.6974918        13428316.5998248     
   13620683.8028650        13793429.7214061        12711925.4823068     
   13038100.5516764        13831337.3731137        14084726.7412373     
   13763026.1671977        13109842.8397814        13234022.7991341     
   13177688.3450465        13347769.5318693        12766283.9337767     
   13909124.2224472        13518492.5132604        13236805.0048564     
   13129894.0451218        14195413.1936698        13430870.0694575     
   13686327.1680182        13381286.9818489        13110817.8184228     
   12910538.6515282        12992604.0234356        13857958.2041636     
   13450144.3844786        13055763.5250760        13612667.1649633     
   12641578.5609071        12962282.2143015        13903063.8704667     
   13558918.4381062        12963432.6160905        14118221.5302946     
   13172815.4303727        13210905.2568177        13247668.7945830     
   12714811.1306667        13466156.5831571        12636151.9292033     
   13012704.1530758        13910411.6622668        13090509.9655398     
   13169857.0814475        13391651.7325804        13026360.9922940     
   13526928.8579139        13389384.0880693        13378418.6809334     
   13612340.4302645        12205426.1196864        13201073.3214462     
   13336687.1418937        13323437.3468349        13726801.4243742     
   12707543.9328319        13585814.9666327        12491110.5366820     
   13199748.4541278        13057901.9511407        13766115.7397415     
   13365391.6318775        12990919.2384274        13077774.5679697     
   12874973.5994135        12550649.6456850        12470424.8584969     
   12632923.8186341        12518910.7743738        13518792.0542554     
   13465190.5709507        13775046.2794618        13463589.8071855     
   13048617.9973183        13499290.1895332        12248653.6577686     
   13022602.8706249        12450251.4073959        12678166.5760351     
   12672621.7528243        12680234.8953866        12905372.4294990     
   13530748.0549990        13331501.9486546        12837847.2008206     
   13269711.2204871        13126653.0037096        12986257.3373380     
   13786808.0299026        13649902.0872483        12742498.3725753     
   12970174.4398889        13556151.7544661        13302259.5694252     
   13542239.7191239        12635054.5454011        13939719.6207607     
   14255396.9390164        13739797.1134630        13382348.7142611     
   13487229.1267997        13872427.3690574        13486041.0845473     
   12497371.8530199        13819063.0741655        13702174.4871643     
   13254598.2647002        13648087.9431434        13236983.4560614     
   13908667.8249612        12952903.3222152        12967165.0406205     
   12947509.1015183        13862369.2100761        13674946.0396527     
   13097442.2574000        13238025.6597212        13321792.2056371     
   12901047.8854400        13815599.3236272        13733637.2177736     
   13327691.3902860        14360171.8292546        12608767.9936973     
   12649487.8682801        13858889.7235175        13159297.0105162     
   13400982.0680980        13384858.8679518        13946664.5130711     
   12707392.7281747        13489153.0384678        13402131.2156968     
   13321546.2029656        13659046.5955386        13716759.2960168     
   13536680.3869753        12972367.0769460        12719985.3627164     
   13220815.8318000        12961621.1191785        13298395.7667614     
   13109741.3475741        12977584.4227173        13691061.6876087     
   13186952.7083296        13331313.4821616        13803238.4180834     
   13629008.0628158        13894945.2639122        13649944.5942004     
   14086514.7095147        13548538.9484507        12988287.9896804     
   12990583.9953877        12870967.4606509        13512139.0075104     
   13090499.7003478        14092262.3391846        13268949.9272700     
   13324430.7708965        13566823.6681114        13369397.3524337     
   13219463.5631149        12915844.9206432        13791403.2258959     
   13721135.0804133        13416278.4497004        13246606.6496227     
   12813932.1135451        13154144.8147649        13649102.3267319     
   12853220.0596647        13087765.8892928        13097733.3572821     
   13364655.2635260        13195921.6340190        13786855.8090978     
   12985507.3504924        13111767.2129446     
   7386.98928125029     
   43671.4622471167        48147.6687017914        45073.6313361246     
   45858.8010085252        45074.8206400401        45733.3132526300     
   46404.6148108166        45588.9587158569        44242.1350170362     
   46729.0641601180        43629.8023292044        44120.3222935613     
   42963.1283173028        48260.8179311429        45990.2249394848     
   43032.0513712620        41721.5627099183        41533.0423132903     
   44207.1198258495        45044.6382624739        43772.3900168279     
   43719.0523739167        45955.1513152789        45062.7531537210     
   42430.6013579733        42230.6933976948        45011.5001741656     
   48270.8077152494        50979.2150383743        46317.2501867559     
   45531.9197114764        44487.1511390123        45859.2145941610     
   49412.0519079288        46475.3984325535        47214.2872226254     
   44380.7985026699        41216.8742616087        43588.1327040033     
   41608.5263063288        46504.5141821136        45474.9916007103     
   51345.2316519169        47583.3603171350        44230.5988885844     
   45847.1196400446        42159.0376045514        45987.4905681667     
   47463.4562638769        43048.8820161936        47466.2886534928     
   45737.9872042094        44802.1294809402        44333.2762221490     
   45277.6542266082        45452.4962953513        43792.2523899921     
   45990.4334683107        44645.9186193298        42985.1143154029     
   44980.9568268592        47795.2653055596        44390.4274898385     
   44907.8800976097        43684.6471775979        42336.6246008814     
   49003.8874704627        49379.1460809790        44612.3039421634     
   42688.5269615456        43096.9084730002        45607.2355244027     
   44250.0014195097        42926.9708287025        46881.3073056674     
   44791.6727849168        43380.5762858590        43104.5305419049     
   45970.2809826557        43908.2341112901        46052.6542815514     
   45408.4809888330        46028.6205634566        45008.0114959297     
   46751.2004326134        47968.6300957546        46034.2262303800     
   45535.1125953393        44725.6318510052        44390.2538547007     
   46591.1517570789        43572.6035237400        46790.7617894666     
   46941.3251561150        45916.1318407962        43800.5924461216     
   43131.6661531192        44545.9850328671        45404.1274343418     
   42912.2917367034        43038.5557984199        42601.8249585725     
   48912.5879659260        46101.4933372719        44040.6080832433     
   44108.8094092684        46030.5473914715        46515.8597672942     
   45674.2118158097        44935.7614297701        44718.2563176608     
   43589.2799076592        44205.0320228654        49361.3821943691     
   44075.2985074989        47450.8992363732        45376.4517701221     
   45012.8484565461        46465.0518685699        46938.6105022535     
   45057.6342329073        41534.9893204165        46841.7630690865     
   42309.5015434216        44396.8576440621        42291.0390517636     
   46212.2059731240        44154.4307361007        44296.6284410193     
   48243.3166836709        45615.2381258906        46343.0283686784     
   47378.8144161269        45322.2858069659        49783.4200820748     
   42857.8773530434        45956.7864602927        45507.8193959636     
   42637.2468043923        46100.5817351640        45668.9929412208     
   43313.1123218140        43522.5329760832        47800.4735665534     
   44229.8768057065        43237.6243582129        43401.2843969959     
   43967.8239911665        45147.1291703256        46887.3715868206     
   43667.0817780852        48439.8108367322        48081.6573918222     
   46289.8156616059        49112.8391706712        46725.3269354019     
   45586.5376190144        42489.6552108339        44484.0624237408     
   44139.7967609425        44566.3343689120        44128.3971211811     
   42652.1340951654        45168.9458306631        41564.4642660628     
   44859.4975955486        47794.2577508344        43657.8611477908     
   43850.7661275331        47947.5399589901        45782.5787031674     
   44492.7191309597        42824.6294982648        45374.9728465088     
   43456.4894068423        42922.7371234904        46626.9032395660     
   43121.6890662767        46841.4830637892        45880.2249177017     
   44616.4066157920        45886.6928194407        45013.9912797454     
   43993.6174753803        42781.6569563274        43794.8256580872     
   46051.5552751165        42237.1714793089        44493.5898795275     
   43669.2216211225        45441.7412941762        46782.5822893203     
   47325.2955584743        43492.3117022365        42911.5779983874     
   43183.2031372409        47728.9759358993        47077.5778128617     
   44951.7087494890        47495.1081188322        46693.9863266875     
   42353.2070697531        46792.5586288658        42594.1536144702     
   45750.2891433653        44423.0903135422        46578.2692548383     
   45414.6260108994        43722.7740775665        44326.8640729596     
   44801.9865206891        43365.1979785133        44360.7716439088     
   43766.6462224802        43069.6203911342        44856.8711014363     
   46651.4187954482        46423.5142822569        42035.9969490875     
   42566.7276293615        46225.3118353157        44161.3835436950     
   43248.1376760207        43578.5338896091        44217.8358061072     
   43134.9196656821        46999.3578215964        43808.5397503905     
   45841.9521608493        44938.4725406665        40913.1252275580     
   42103.2120520428        44330.5832873562        46179.4689290850     
   43191.2763164084        46294.7127722244        45431.0093235712     
   41199.9131989120        45231.9918991457        44209.4361315142     
   50519.5640704699        49396.8842863164        43290.6941278316     
   47283.7289756836        42998.0155970937        44020.9360570935     
   48110.1181245531        45308.4404670405        42621.9355781722     
   44765.3183110139        42811.2863526364        45794.2801567400     
   43905.4608854637        43245.5639273433        47215.1389862457     
   48040.8990212227        47803.4812936109        45280.6145995506     
   45630.7007777123        45058.3685758040        43209.6281936908     
   44745.3204464096        46874.7693758025        48447.3842511199     
   45415.6070561167        45470.3904017721        51107.4512087169     
   47498.0847434861        45656.8076614696        45004.8083271651     
   45228.8955435970        43196.8388207612        44046.5790107417     
   48239.1156968781        46319.5216570231        43864.8052865356     
   47906.6496044341        42247.5374248673        47404.2135782539     
   43195.6457830804        46022.4776762209        47146.3990653011     
   44649.8479278400        45074.1408085023        45870.2784667079     
   43772.8246240369        44095.3370063262        45555.2743382098     
   45303.0160736640        41943.6236790337        45851.2060628188     
   42069.1210930679        41526.2974491593        47748.8514560462     
   47426.8807455691        45674.0200098222        41506.9755170932     
   48626.2814017225        49324.5640487677        43483.6265453520     
   43873.3507390031        45374.0169404860        46995.3280028707     
   46941.1482977240        42852.7113146645        41671.5165954983     
   44265.4699359148        45865.4433403280        42037.4338573254     
   45267.4382084515        43428.4761543009        45780.6121901023     
   44793.1008733242        41953.1035086967        46047.2913516055     
   45643.4857972087        43346.8490259185        44006.9218972633     
   44627.4510046409        43517.4536883751        43518.9206809161     
   43136.1712356066        43693.5582935308        45429.8379323192     
   49201.2320870663        48201.7684537588        45921.0204031454     
   42629.6278900326        46811.8798604523        44778.8108035245     
   43119.2173369835        46985.8769916864        46796.1340522623     
   49173.2066457053        44944.4086613654        44543.1820046339     
   45413.1611517636        41298.6559315695        46069.7347052021     
   45674.6302879817        41339.2915804152        45941.2419700473     
   46695.7506230025        44925.0625259676        46813.1947469481     
   43745.9640300916        45310.8877117969        43034.8446554128     
   47566.8927095870        46810.5483628582        44085.2060761569     
   43561.7759697316        45078.9510270720        46381.6521181127     
   42577.4232392867        44843.0721730137        43002.3476688507     
   48109.4319935782        43856.0117165696        46717.7936171664     
   45884.2877662163        42534.2267726130        44286.9571238448     
   41675.0427460035        47031.4506979009        41861.4749117970     
   41732.4189317276        46486.3880346814        45174.5752297208     
   46273.8798496305        47157.7532335470        42416.3249113595     
   44778.5770959444        45719.5537132556        49423.6454722194     
   45323.3685744525        44477.4374241449        46564.6761325636     
   44360.2215635521        50379.5446996004        42484.9034960651     
   44158.0696750689        42935.5823986426        45028.7604106138     
   47411.9954758952        44971.5940229125        44003.5883705730     
   44749.5597429211        43495.1694249750        42359.9633456697     
   44385.1824431883        44957.8147692760        44623.9367776903     
   45589.5179758269        43602.7117895588        43724.8120675178     
   46211.2221430631        45877.6863926791        40423.2571493617     
   50456.1459483196        45773.2922676181        46055.7461161231     
   42176.5032336398        45838.7026890923        45295.6769123367     
   43785.8081918314        42204.0674007464        46194.0906170106     
   43629.7524903894        45759.2991317293        43812.8166355036     
   46245.8109600573        43342.5690676758        45041.4252389667     
   45143.8141688885        47515.6138840965        46322.8495434509     
   43835.8451873363        46386.6951966340        42633.2880318899     
   45526.0823031633        48690.9182217181        43999.7276601582     
   43976.2651544022        43777.9444077969        44459.7191544796     
   48359.9733784845        44550.4235104617        46700.5107302485     
   43568.1944753540        44818.8987491719        44717.8848713860     
   44680.1111930274        45880.1001153920        46921.1271312141     
   45086.2462470258        42098.7072917742        44350.6992249990     
   40977.8671940468        44665.8752363309        49638.9825389401     
   43758.8146371453        46328.8859390039        45583.6200698403     
   43400.0318272437        44719.6657384564        45013.9376050891     
   47267.1316964149        43097.6358547699        45235.7922850936     
   43963.2388240197        44964.0809590103        46992.0241935598     
   45983.6011654503        47740.2190023246        42868.0379414974     
   42528.8031093316        44348.7171242110        48058.6882138376     
   44250.5544964431        47085.7915377134        45167.6782770565     
   44970.4415200045        42133.3608762713        42636.0692501643     
   45270.9662904486        41962.5565035987        45593.5044025369     
   47768.4381275837        43449.8307652522        43778.9797511540     
   41547.1108379727        43591.0931072521        46205.8022982429     
   43597.3891794229        47230.8751301993        42460.2078712993     
   45297.3822732871        45773.7035628387        46628.2031647201     
   46130.1833940851        47512.8062083658        45451.2381700945     
   46836.4686046939        44355.5137631142        42068.3616514886     
   46755.8043388953        45607.9512373211        45642.1588853605     
   45662.1149113588        50762.2180936646        43401.9124792744     
   48800.1712662354        46058.1057514218        44239.3235298498     
   48898.7062533871        49148.3954082335        45529.0577959485     
   44305.6301276972        41933.2956200370        46450.0803347865     
   46055.9553367862        46633.9590987006        45546.5031323173     
   42087.1496607183        43929.6777237657        45366.8200694486     
   41642.0392612337        49198.0068280892        43460.4599809359     
   46760.2034326293        41441.0008514370        45875.1009351681     
   44618.0948032165        43079.5639103767        44769.7510499062     
   44649.1821450372        42514.1321752870        43651.3224517110     
   43052.8654422564        43041.1481560136        41827.1082229951     
   45348.6532420429        44408.5460267838        45048.6867018769     
   43343.4080323633        43844.1156537030        47247.4730226460     
   46353.2858845949        45301.3916730984        42433.6131793915     
   42630.6258884315        46662.2238971345        45522.8884152363     
   47640.9980450024        45795.7440974419        44243.0849066005     
   46786.2661444275        43855.4460990978        45339.7205810496     
   48826.1795556440        41830.4320329032        48593.5915248464     
   43163.9047356970        45086.5298701652        44564.3397985023     
   43633.0652213671        45399.5848016456        47981.1710726682     
   45296.5279597231        45176.9284310141        45431.6636591677     
   42824.2182803537        43289.7102728888        40801.8498508919     
   43626.2017205670        45028.5396933844        43912.8458242641     
   43043.0413877923        45415.6698638296        45079.6389382925     
   46143.9605818993        46010.7214268377        45963.9955758799     
   45121.4789785052        44407.9394991552        43933.6059413214     
   42749.3879088796        44830.0328853646        44186.9753856783     
   45850.8328778565        44892.3247248870        44643.3752810558     
   44962.1113208731        46033.5529093966        43174.1057823468     
   42720.1039912724        42630.0915682668        46757.6469550186     
   46375.4396510946        45537.2982216094        42653.9383021555     
   45024.9057558163        48522.5253142993        47459.4317085421     
   45997.2827453775        43933.1920681626        44172.1321535612     
   44864.4392042144        43555.6071486943        44835.3426640151     
   46531.6546964667        45799.1358697178        44935.9326915703     
   44217.2321988076        48016.2922412011        46202.4675261152     
   47046.8932782215        42010.8968573095        42830.5959717735     
   40454.4720226145        44091.8279343600        47507.6078621411     
   46215.4116661188        45410.8006012196        45775.7598258408     
   41353.4990569994        45224.9869845601        47728.3648639713     
   45282.3486434109        42483.7718695648        50220.9928976516     
   42212.7179641679        45406.5632054484        45217.6312412208     
   43111.6844671420        43583.2515211664        41235.1277549429     
   43492.0881512093        47916.3844628170        43835.5113139192     
   44408.9002267974        46133.8928068275        43561.7350981322     
   45477.2188241439        43940.1139558161        44956.8988968335     
   46651.4972414302        38201.8456653332        45842.8363589015     
   47927.9779283283        45605.6264147912        45570.7759307420     
   41552.7539679143        44956.7292218099        40899.7482848978     
   42592.0372218133        43729.0621021831        47202.0177619958     
   45117.0526724138        42490.2146426353        44395.2115457766     
   40958.6277387184        42377.4152832330        43689.5603591145     
   39880.5578365616        41136.4966229031        45698.7446643642     
   46411.2324598334        49653.3909969644        46553.2346143511     
   45414.4895644319        44321.1012477419        42815.1263207829     
   43102.3010667684        41483.2111499221        42359.0801055018     
   43459.5699654601        42991.4667620270        44306.9829485473     
   46625.7559983368        44234.8863936606        41567.4525800815     
   45884.1020566029        44565.3929163392        43091.3628838979     
   47244.5934133489        48294.6863009201        41370.1928660182     
   45645.9462853714        44220.3804251424        48573.8973271366     
   46499.3335686051        40830.0329888892        46869.3501939113     
   49654.3751213076        45511.7770219443        44947.1479495544     
   52533.1150798687        47799.0284632120        45333.6323464847     
   41121.9620470600        47066.3375918330        45866.6798174839     
   43723.1089545056        45870.5128405091        42879.3239523046     
   46404.7010773760        45498.5716770740        46583.6782134316     
   43442.6221486519        48021.4050462789        43290.7689589575     
   40608.9102278999        44270.3520268616        45295.7297747326     
   43224.9476213183        48027.5878396967        45247.1464628837     
   47127.2606769790        49095.5092090565        41895.4533529831     
   44593.5481659933        44731.0948735891        44234.5439590958     
   46910.0350356652        47603.4058045422        47385.8807699780     
   42176.1368836424        44984.7112174856        46711.3281549428     
   45962.8404358296        45223.1502137492        46546.4050633035     
   47021.3767741301        45424.6887947225        41784.7976886560     
   44756.0100323899        44753.6207269861        45677.8940332833     
   43024.2408974610        42571.9464102091        45159.5788818769     
   47677.1743602103        44158.7524071895        48240.2085977690     
   46513.2979527289        46887.5885731512        45698.8028857024     
   46983.8174026139        46101.1331441445        43999.3140699801     
   43566.5371414930        43464.2536744732        45899.3787305086     
   42758.9017467367        47135.3716118740        43800.7152979478     
   46017.8609127053        47343.3462501473        47262.1066026522     
   45604.7344267382        43566.4268316007        47673.0253223477     
   46724.7968283212        45768.3171242939        44966.4602922950     
   42517.1104933755        44149.2205247370        46693.9134069448     
   42255.8965298483        43590.0482239799        44748.0437480023     
   46389.8383782298        43160.0022192014        46464.2772692252     
   43038.6554952510        45240.0961203271     
   270381.000000000     
   41018.6419645665        47407.3079810425        27013.9254363703     
   39953.4988030313        24412.9162334010        43651.6162413021     
   36597.3519010242        33004.6262844561        33372.6149040178     
   45441.8276313206        28922.1288341458        35059.5902563784     
   32670.3868358011        47621.1766257532        52352.0632961981     
   29927.7649223092        42084.2497347320        37494.0093888587     
   34781.7542954447        42483.4600542515        43326.5017061467     
   33732.0175560911        17677.0946483470        36342.6162811902     
   48298.1114001350        33045.9206995193        33390.9204840525     
   34988.4679672484        35218.4120705683        40752.1982072484     
   33690.0355202550        40434.1271389287        34177.5586482264     
   27504.0317883263        32854.4090220998        21826.9603500542     
   32063.2362776940        28031.4926741603        26646.2899193676     
   33687.6567240677        35771.0361598206        36741.3248233889     
   23238.7758871918        35420.9442646990        36875.4480427908     
   29791.0584789227        28694.2847618350        32089.9605661102     
   53316.8324092382        33861.2345083567        30439.5220364382     
   40019.1387103235        33266.5168771970        30458.3479781390     
   39906.7963435112        30808.4212889154        27160.2771549223     
   53240.5065034486        41123.5505932936        34377.1545158135     
   36455.2559975259        43200.8529481619        45818.5694774776     
   33035.1603636410        28183.4382806214        36808.8417495476     
   34623.1554933974        37103.2363620659        34113.7771754555     
   32781.0380271990        25499.6729884189        37465.7425997898     
   41655.8434088830        26009.6645897527        38190.9223343444     
   51726.4584832945        30641.0692602727        31624.8687428108     
   34841.0755253645        31651.2956817036        35810.9553333381     
   38421.6098114728        37857.7050246762        47645.5592866726     
   25579.2883233111        38818.6271782571        29335.5375934080     
   35788.1337574165        35478.9274217634        36745.1903671932     
   27482.9013878191        37808.1405759933        37701.1876692927     
   43080.3892224915        31217.6857391950        30961.1288535302     
   30593.2331556946        38812.6430190986        43081.6901266564     
   34737.4863851475        19671.1391366613        32491.1965792578     
   37640.7142099698        34050.0142870299        29103.2146939009     
   34704.8708592987        39198.6956222072        37348.9399901264     
   33353.8261310075        29666.5061973055        42551.4230046952     
   19560.8596321676        39111.3306153612        25436.6534738017     
   34412.3346813016        37444.5936149375        34145.2404719011     
   33486.4254341019        44300.6559135192        31549.8065724957     
   35350.7697771749        31090.9962578783        31523.8442422332     
   31171.5779787217        37348.9214057812        35602.3088896322     
   39451.2197049609        45370.5566674289        38424.5089693261     
   30775.5269978884        31721.6002596442        32163.1828862492     
   39968.5707069990        38734.1241605738        40487.2040288569     
   45216.9942229343        32053.9626894327        39130.3981535496     
   23796.7336835203        37805.1670807592        39069.1627360730     
   47200.9102431075        41919.1278275149        45782.8689503235     
   43175.0578770063        29850.0080219382        38688.3880870048     
   36569.9771605255        41893.9646240966        35948.1635540453     
   34406.3133534526        25453.2678784221        36207.7311036346     
   24592.7755263720        38545.0284480321        28551.8543401230     
   13496.1187527534        37451.5999130827        35629.4792023336     
   30542.9253332031        25028.1509816758        39205.9435168403     
   35991.2606505941        36527.9951246894        26635.3437400372     
   40186.9367632512        38598.0867536150        36618.2221206983     
   29784.4796207173        42635.4056607126        26236.3564326603     
   37737.7059076362        31735.5942715896        34504.1041779632     
   33658.8881576781        28418.0842232801        47020.2704076376     
   26982.4249712343        54049.9104905083        37317.4023563000     
   33673.3096095634        32334.1031091727        33023.1362922882     
   35397.3421462786        23472.8828838394        49281.9480513635     
   27770.2711178470        32526.6369255789        37342.2496258497     
   34087.4989113244        34797.6253262566        27394.9788506167     
   25020.4570627576        40920.7396339847        36040.3976593372     
   29636.5110641318        47785.7967556495        29819.6412018602     
   35516.1518652250        37901.1366394389        32507.8667369138     
   41178.9876950639        34923.9431206690        53278.8831763133     
   26026.6135125869        37211.8061068000        32086.4109561745     
   44824.3627616203        39109.6951929824        26466.2076142541     
   29632.8499481248        30402.1303338698        34441.3262598338     
   21730.0244054235        29437.8815824957        54164.7989126148     
   41528.7079032812        23331.2144202811        36658.4943967748     
   26733.1903175834        38586.8989777968        34200.2873024218     
   31050.5567226949        26063.8565403937        40781.2269544710     
   37581.0956305266        42257.3257417003        28193.0649714417     
   35897.1866951262        38411.4813433318        22292.3123541866     
   43986.1716238256        37878.6681660764        35435.6258974172     
   18496.0695731915        38819.8909137316        31835.0948558597     
   39567.6320433748        30253.5670782374        37023.8254549710     
   39045.0588403318        44550.6525253239        30698.3647965643     
   42249.3530576039        34393.7689204339        34505.5537568898     
   33183.7979566542        32165.4873450556        27039.2930675859     
   24295.8534429046        35386.7862381976        36774.1447770350     
   44337.8246039451        42388.8657371176        33318.8318089715     
   28607.7560505235        33149.8629422953        30846.2032627333     
   29104.2554172328        28874.1440548060        42255.9876688449     
   33492.9485392716        31115.6576839759        45498.0638599350     
   33555.0016679377        24411.2064736414        38404.1591113179     
   35812.3119905386        34408.6178122590        37541.3065474257     
   37668.4606373727        24880.6098650302        38958.3442855681     
   30718.5288111203        40037.3699529774        29873.4242969065     
   45925.5409685234        34114.7621457518        45295.3458223521     
   32349.9927243298        34368.0110179687        35148.7393603649     
   43386.8079063627        27130.7466303789        41809.4058533777     
   27478.7199101462        34176.8710274535        45237.2883279069     
   36421.5439953096        20060.2209880396        28012.6481481144     
   42102.0535374460        31574.7281794263        39490.8601133001     
   35839.4823032399        42703.2199363946        34344.5575743100     
   32654.9989979648        36749.0744953427        36932.8550851536     
   33403.6879292138        30882.8144228028        30450.1894505905     
   41148.7881340928        43704.7302999207        24639.2735580948     
   29331.4490374611        46668.5245057920        33624.2283538559     
   27842.5270520350        28064.0524469734        33863.0186054972     
   36032.9639212520        39728.0521112530        39733.2743122578     
   35356.4751711553        37427.9977946623        30555.8786218165     
   31573.6131187135        25668.0843247386        38883.8024769190     
   36671.7822036020        32745.3189156998        31558.0022687346     
   59857.4626165205        35124.6354646237        30228.0693566053     
   37137.2642981509        34181.4241920307        34204.6732078921     
   37718.9357189711        26675.1142387929        34413.4497420144     
   35381.2481033241        50694.7113901070        30653.8924584697     
   33546.8059716988        30201.8468455098        33240.5173782441     
   30249.3484318741        20860.8159954684        32568.5632083794     
   35577.5917104990        38951.3008187324        48380.3657120475     
   34001.2303808459        44307.9967298784        33707.8579073142     
   38976.5755282220        32745.1144879024        31277.1370595313     
   34280.0513120758        45873.8950731766        36425.5210451852     
   39448.3948844885        26653.1847114416        37079.6342436455     
   33305.4324960729        22982.7393631930        47564.3456980920     
   33060.8996817609        35433.6002037890        35644.2351724327     
   19126.7479123382        46570.3991630676        33440.2619205929     
   30538.7066868398        40282.0700263963        38167.8405775900     
   49282.2825695773        41966.0718835229        37223.0310513086     
   34868.8962901482        34168.6195781790        39986.2258349513     
   36656.5244561822        28401.1910534816        39444.4178346129     
   32876.5429772484        38746.8358526995        23853.3044303486     
   35125.4717601583        29487.7805493925        32821.0687067877     
   40112.2462798404        33575.5931224336        38166.3352456277     
   36729.2449990005        30402.7993702975        36504.7646931732     
   33331.6550071684        33948.6180995480        26815.0543582465     
   29518.7606528625        43588.8754918631        22304.5036846463     
   25714.7124468779        43121.5535471382        45961.7990260338     
   31173.3620758621        40687.9521258472        26200.3028029472     
   33242.2828910393        34154.8485783762        41899.0009816493     
   48167.9838149539        22805.9093184917        38070.0869217698     
   29688.3613872759        32881.8023469437        39370.4707250106     
   26158.8782974675        31809.7086402988        38165.2201849149     
   32105.3112352561        34576.6946303650        43448.3778420532     
   40417.6985777605        30815.2974966442        40456.5956122912     
   29406.4554547406        41984.4703852837        37698.4929392368     
   19295.9026224665        38821.6378421816        35023.8153918434     
   28673.7118916843        42680.8258004130        35284.5165864907     
   35225.4927060944        33049.5446468358        49065.8678695725     
   39131.2530334294        35065.7416746438        33093.1249363602     
   39845.1520704398        29290.7864901352        30239.4243915304     
   27171.7065272282        36621.4186280749        28353.8009731885     
   35925.6207433020        36880.2056351653        38317.7976591133     
   45280.8500330860        38604.4611840231        41051.0344782727     
   38994.7696021855        37542.7561263523        34741.0731637736     
   32136.4771821782        36532.5668736118        32313.4187329507     
   53394.0875322884        44043.0954732129        22419.9682214543     
   26647.4607331160        24322.8007434634        43153.0540122742     
   31253.9995497411        26757.7402376097        37206.6768275212     
   32452.2437916915        35289.5343596982        37890.7851591553     
   31493.0499822153        40130.9049624342        30111.1924095610     
   30543.2784357622        32116.7591919073        32549.4213328100     
   30599.0500557462        37574.9256279159        33354.3093239830     
   37288.2249343157        42053.6413181663        22423.6479218065     
   28550.3861768511        32695.4013644578        46231.6251341807     
   27521.7612536594        34626.0174825602        39262.9417036084     
   32159.3359267901        33245.4793984160        40352.0029174327     
   34795.5438795927        34645.0478520582        44958.6904088195     
   37913.4023072794        36075.9123430391        35571.1429427101     
   29519.0580023859        42925.0984338921        42987.5418338076     
   28913.5428666575        39865.2975006507        43158.5363941120     
   33223.2711058865        28830.3035844487        34929.6113459590     
   33541.3421742062        26924.3674767890        34831.8576901388     
   29213.8473009536        44271.5714132610        40751.4548334399     
   33629.7107356938        27043.5302982945        35760.9076916796     
   42207.1665939705        30010.6139332685        50098.7300234728     
   40103.8089871137        33087.6425545223        37386.6662109087     
   40254.9368823854        30185.5855434485        36336.6507063769     
   32093.6960194980        38811.5093740406        27957.0252028920     
   40658.9233786246        41763.9857136772        29871.7517058373     
   39893.1368497797        31500.0005273250        31080.5332715234     
   40552.1191466858        35846.6001074565        31539.5480139381     
   26506.0710347359        36526.0065997516        29153.2065825237     
   36700.9038725507        48124.4964471556        28351.8682012864     
   39027.1063628561        42006.6043404323        48146.2958840904     
   27028.9601716475        33608.3759073893        27152.8248324919     
   37712.5798729083        38189.8444423221        43191.7837876980     
   49443.6318547162        42940.1331691694        41579.1458161892     
   27936.6381761934        38843.9390564372        40468.0807376328     
   40483.9889371351        28735.8021890408        25351.5929257620     
   41570.0580713801        44408.0734288501        32096.0376469948     
   34344.5575743100        39530.2775094968        37545.7110372411     
   35266.5269403246        46781.2571438538        32342.2058836856     
   30321.1397574317        35235.3609934025        32308.6053875406     
   25974.1313217055        40035.1212472066        30395.5143069740     
   35315.9055455554        42986.5754478565        40029.8990462018     
   28914.8251864772        45918.6833451398        36564.9965560084     
   31650.0319462292        38432.5002377676        40533.9622414127     
   29880.1704142188        47905.4985231662        23973.4522221503     
   33010.3130940912        37250.0155205578        49279.0117248199     
   30581.9710424955        37297.6286129934        34118.9064547343     
   28826.3637032635        35732.7895773724        29405.9350930747     
   44529.2805283290        44458.2139922346        30802.1211958882     
   50585.2124281123        34951.7638854528        19608.7700741266     
   32881.6722565272        35460.2315704792        37954.0834389506     
   38094.0049740589        35712.1795385312        33496.9627578376     
   32498.4816425813        28583.8008295440        37606.9278703726     
   31223.7814044249        25192.6038524652        40374.6758185925     
   38108.8166971936        28309.2171290227        26190.8433712338     
   37516.5521996020        35351.0299580079        30699.7214537648     
   29870.7295668506        34980.5510361877        33365.8316180150     
   25228.7875725949        44130.5719861303        23662.2759459046     
   36053.2394418793        32994.0703763751        32398.4792809904     
   30300.7527307331        50118.5781041602        51413.0335012780     
   37404.8045318365        28244.8223728598        29780.6884142939     
   23031.4303476509        45887.6103199437        42671.4035373901     
   32938.8748710927        34202.1271525979        31146.0616727443     
   31117.9807271275        38309.9736497786        25310.0197455207     
   36982.0106782419        31457.2379489900        34330.8609118881     
   29567.3958842848        39268.3311637202        28259.1694873642     
   29296.3246250087        32040.6562982602        32279.1677847232     
   29955.9016209616        45218.7969044200        36384.5797326811     
   35530.6848231815        37380.5147926432        25895.7611379425     
   43181.0420361649        27446.4389025113        27451.3637539928     
   23747.5037530512        21913.3961396397        32192.5461516857     
   47913.8800628572        34750.5325954870        29542.0096687239     
   30503.4150152804        27842.7500641775        28808.0581232287     
   47978.9624397930        37822.0974192482        32598.8185223860     
   28570.5873600976        40683.8635699004        40712.3905398023     
   38830.7070026456        35425.3115858241        38191.5542020817     
   39304.6078055759        40982.2166479491        41463.5697733098     
   21658.1959111754        35121.2531137949        28532.9168923510     
   31720.1506807176        39718.1466552545        39838.5917965796     
   31277.3600716738        43080.5007285628        35337.8722415971     
   40989.3158678205        24533.4728807974        24034.2044466514     
   38588.6644905921        53786.6074875312        32320.2949406795     
   34565.0608302617        31554.9358517745        35686.9419977320     
   42696.5295721180        46422.4120221369        38583.5166269681     
   33074.4476694211        43163.8886855333        42062.3945447616     
   24339.2850576673        33608.0042204850        33726.0333969325     
   37656.4737347103        26958.0794790053        44511.1793760916     
   39570.2152673594        34532.8541600076        41103.1635665950     
   33701.1117900019        35780.9787845096        36016.6096974646     
   40462.4682653785        37497.7262579013        25721.8674197849     
   35458.9678350047        33948.8782803810        31448.3918006686     
   42794.1903062120        33073.7228799578        38324.3207642830     
   41880.2679616747        34786.3074600219        40330.4636613309     
   37630.8459226617        29217.2668204728        44955.4567327524     
   43905.3854751849        32638.7376959035        37488.2668261879     
   22584.8485321837        27174.4384259745        39511.0427122013     
   27364.8722113717        40853.0554487191        33679.7769616975     
   53596.3409612410        31443.8014674010        31170.7416831871     
   42597.7166086207        33661.8430685670        28397.7343652720     
   38010.9515353022        26542.3476765916        36480.2891105278     
   22328.0314656859        34587.9753279093        36667.7679850360     
   26413.1307243259        26812.3224595001        36875.4480427908     
   27925.4504003752        30662.8315285171        27748.1371626984     
   31107.5363251178        47868.0510675620     
 ------
  0.000000000000000E+000  0.000000000000000E+000  0.000000000000000E+000
  0.000000000000000E+000
  0.000000000000000E+000  0.000000000000000E+000  0.000000000000000E+000
  0.000000000000000E+000
