           3           6           6           6
   5.00000000000000        7.91500000000000       -5.20000000000000     
   1050000000.00000        58226725.0000000     
       68352         851       59173
   6520318.60000092     
   8484343.00000000        8398455.59999996        8561986.40000002     
   8538640.80000000        8664508.80000000        6960271.99999999     
   8168354.19999999        8512901.60000001        8379197.80000000     
   8253904.40000005        8693235.80000000        8349454.80000001     
   8683091.99999997        8516044.20000001        9236917.60000001     
   8678765.20000002        7528042.20000007        8878218.59999997     
   8319347.40000003        8328180.80000002        8868541.39999994     
   9329042.20000000        7654459.20000008        8370329.79999998     
   9680265.40000001        8996466.79999995        8077426.39999995     
   8695979.40000002        8192533.19999998        7388941.40000007     
   8296522.00000000        9393179.40000003        6868344.00000004     
   8540488.79999989        8667311.00000002        8513728.20000014     
   7305699.19999984        8252135.19999999        7984722.00000017     
   7767432.79999995        7702491.79999997        8878112.60000000     
   8875851.60000005        8969386.80000015        8415074.39999980     
   8381609.80000002        8736455.40000005        7969263.39999999     
   9331561.59999992        8523765.20000016        8339338.19999992     
   7723459.59999995        8099875.59999987        9545618.79999981     
   8754886.99999988        8689780.59999989        8169814.59999989     
   7996211.19999998        8301889.80000002        8666915.19999987     
   7946210.19999984        8186354.40000001        9089801.39999982     
   8025087.39999973        8537956.40000021        9825150.00000016     
   8762991.19999980        8624898.80000017        8429248.20000013     
   8230550.60000018        7865273.20000007        7803812.20000005     
   8858986.40000021        9185812.79999999        9089346.19999964     
   8478284.20000000        7553888.19999986        7984267.80000029     
   9072898.59999977        8172377.60000046        8545810.60000004     
   8055514.59999940        8048723.40000016        8936515.20000027     
   8092374.39999996        7843604.00000012        8266013.20000006     
   8585264.99999992        8008659.00000013        8602983.39999987     
   8138752.00000008        7865403.40000003        7489855.59999959     
   8289143.39999995        7529455.19999985        8211251.79999995     
   8082740.20000009        8273294.39999981        7781315.00000006     
   8134789.99999997        8396217.79999985        8017428.40000015     
   9127844.99999991        9278833.99999991        9621081.40000001     
   8114994.00000005        8062617.59999980        8725583.59999996     
   8777422.40000010        8650765.80000013        8761202.40000021     
   8391617.40000020        7905195.20000004        7682635.80000014     
   7683851.00000013        8269990.20000019        8759271.39999993     
   8112473.20000001        8873552.20000001        8731030.79999993     
   7811299.20000016        8527166.39999965        8188973.59999980     
   7809825.40000026        7699106.00000003        9388057.99999958     
   7772075.39999957        8235057.39999979        8443840.80000112     
   8729013.60000029        8179661.80000008        8631652.00000013     
   8135577.59999991        8202787.59999957        7817115.99999998     
   8043844.99999994        8511527.99999934        7660769.59999999     
   8896795.60000017        8057838.99999951        8327331.79999989     
   7968163.60000010        8155529.80000048        8453054.79999986     
   8589522.40000007        7434688.60000004        8092376.80000053     
   8355666.00000077        8373156.19999963        7790589.20000020     
   8419781.80000025        7699174.99999982        7606590.59999995     
   9315874.80000004        8609741.79999939        9596498.79999969     
   8310641.19999958        7987392.00000017        8110863.59999975     
   7965054.79999913        7437021.60000005        8228368.60000023     
   8591047.60000010        8416426.99999925        8020913.40000006     
   7487132.79999955        8930087.59999944        7520378.80000089     
   8011016.20000016        8045983.79999956        8103826.39999974     
   8406706.80000025        9202191.39999969        7722883.40000005     
   8017664.79999969        7738480.59999950        8523018.80000069     
   9165103.80000049        8892553.59999993        8240019.20000001     
   8440652.20000003        8031128.99999968        8105888.80000054     
   6921699.39999935        7973278.99999959        8805628.59999923     
   8317247.60000078        8168596.19999997        8577357.00000031     
   8319330.99999942        8015779.40000025        8345690.60000021     
   8763870.19999986        8674041.40000026        8325775.40000005     
   7856425.39999968        8285194.59999984        8441786.39999940     
   8409168.40000078        7382629.40000005        8646213.59999994     
   9151566.20000050        8837374.99999937        8768804.19999937     
   8683973.39999997        7944309.20000062        8328348.99999941     
   8707345.99999974        7949847.19999990        8999268.40000023     
   8705442.79999953        8760712.59999938        9218007.40000045     
   8530468.79999942        8092824.80000018        8328895.20000025     
   7552058.00000038        8695210.20000025        8316792.80000037     
   6957604.19999941        7873282.79999999        8441763.19999997     
   8326327.00000007        8635440.20000040        7710121.19999960     
   7586454.99999889        9292292.59999952        7797298.60000026     
   7502838.39999921        8720793.00000005        8905032.40000024     
   8409972.39999992        7715795.60000053        8187022.59999935     
   8846019.39999998        8631297.60000055        7842994.39999943     
   8408274.59999966        7335502.40000045        8499277.80000064     
   8267075.00000009        8045799.60000088        7935966.79999979     
   8016945.99999953        9014768.20000049        8875280.20000019     
   8877436.40000033        8432622.79999943        8574332.60000065     
   9112380.40000025        7937755.80000030        8665871.19999957     
   8841674.20000034        7881009.20000099        8655229.79999987     
   8331638.80000069        8013484.00000052        8599053.20000046     
   8492205.40000115        9011880.60000077        9128558.20000052     
   8217186.79999874        8143954.79999978        7929431.99999871     
   8095554.59999974        7977710.40000089        8433925.99999972     
   8788124.40000051        8956666.60000004        9083759.40000100     
   8368792.60000039        9497227.59999964        8167977.19999993     
   8353923.20000119        7722987.80000027        8061299.00000143     
   8461109.40000015        7906612.60000169        8462918.00000030     
   8721878.60000009        8412852.00000060        8841481.00000028     
   7753246.59999992        8784641.20000003        8000561.00000112     
   8604666.80000211        8650931.99999904        8809098.60000146     
   8909272.39999903        8533397.19999984        8454623.99999979     
   8415501.39999991        8579540.99999932        8468635.79999969     
   9094672.80000015        9185637.80000061        9124629.59999944     
   8765134.39999966        9151326.99999962        8817194.80000129     
   8472231.79999977        9572338.79999821        9466688.20000044     
   8163066.80000023        7478440.00000069        9202966.59999938     
   8535633.20000046        8492758.19999934        8611865.19999872     
   7668067.19999918        7924511.19999978        8637826.19999939     
   9427312.40000166        8943697.59999946        8055652.60000066     
   8349636.99999946        8471517.19999980        7997521.79999921     
   8255395.40000042        8145315.00000034        8052149.60000062     
   9330245.99999956        7940544.59999962        8196337.19999929     
   8274077.19999949        8045355.20000041        8540704.79999895     
   8632872.00000019        9075657.60000030        7729894.80000119     
   8327678.39999916        8641691.79999916        7978179.60000106     
   9166438.79999912        8050229.80000047        7721484.39999930     
   7234396.99999931        9068124.40000020        9010380.19999801     
   8459078.40000195        9145741.99999929        7545956.59999910     
   8067338.20000044        9142250.20000045        9016000.99999863     
   8044638.00000124        9170235.39999997        8331230.20000020     
   8594622.59999995        8824621.60000091        7727931.80000042     
   8586200.00000015        8707774.99999925        9293925.00000042     
   8658230.20000201        8814949.99999879        9096236.00000159     
   8701717.20000082        8800649.99999899        10274105.6000000     
   8069748.60000075        7259807.79999993        8394864.59999949     
   7648889.19999940        7371430.80000021        8393499.39999899     
   8460760.40000035        8691881.40000004        7761781.99999886     
   7910123.60000063        7707800.19999972        8572124.40000047     
   8240046.39999944        8441078.79999967        7562832.59999947     
   7662042.00000055        8364247.99999980        8109563.00000035     
   8846881.59999865        7756464.79999938        8217757.60000078     
   8666167.60000046        8939486.80000122        8933267.60000032     
   7546200.60000099        7321105.20000211        7794099.40000096     
   8006532.79999979        7512530.39999880        7702395.19999931     
   8008247.00000063        8287993.60000045        8520275.39999972     
   7910948.39999926        8875046.99999974        9104481.40000085     
   8306860.79999891        8922233.19999976        9284155.59999946     
   8140688.79999931        9036559.59999876        8969121.20000092     
   7748227.20000049        8295700.19999970        8694921.79999845     
   8647377.00000085        8107868.19999854        7937475.59999984     
   8010499.80000101        8918527.40000062        8526262.19999992     
   7585150.79999870        8071729.40000119        7831729.99999996     
   7496244.39999809        8799983.80000042        7928902.99999942     
   7511031.19999908        8037247.39999763        8431604.00000059     
   8982005.80000088        7554515.00000061        8132722.59999932     
   9091473.39999872        8006123.39999911        8261716.59999886     
   8054845.59999908        7489319.00000151        8012824.00000051     
   8289927.80000002        7360065.80000014        8740540.39999980     
   7442410.59999975        8538420.80000037        8709027.79999997     
   8682620.60000182        7796694.99999991        7997367.60000070     
   8927094.79999891        8990852.39999948        8059183.59999996     
   8230081.20000119        8916264.99999877        7876355.80000054     
   8827966.20000042        9138312.60000220        8559855.19999759     
   8250884.80000068        8016856.39999984        7955577.60000028     
   7910662.79999969        9622629.39999880        7789260.99999992     
   8693591.99999929        7854344.79999977        8758754.19999878     
   8043171.00000048        7994472.79999968        8430944.99999972     
   8494784.00000018        8727415.20000048        8010948.20000088     
   8219261.40000042        8000062.60000033        7840341.99999911     
   8274880.80000038        8725969.19999915        8459765.59999953     
   8026510.59999970        8173633.00000020        8326063.60000010     
   7924431.99999989        8167615.79999942        8181505.00000051     
   7434198.39999972        7808197.79999973        8616217.99999820     
   9221955.40000047        8760423.40000219        9480143.39999994     
   8204135.60000074        7644887.59999909        8286244.00000075     
   8238840.79999920        8313044.79999884        8440613.60000137     
   8375763.59999937        8268350.39999983        8466885.99999982     
   8531687.79999968        8219943.00000100        8075241.19999992     
   8156924.19999924        8187175.39999932        7362625.79999953     
   8692836.80000115        8846566.60000186        8101053.19999779     
   8719823.80000043        8975003.19999963        8112407.40000047     
   7937022.39999992        8597412.79999981        8027694.80000064     
   8031903.39999966        8435200.39999966        8263016.60000019     
   8097437.40000002        7739057.79999942        10095379.7999977     
   8170000.60000200        8007413.80000068        8181507.99999851     
   8151235.60000222        7971909.20000004        7661211.60000054     
   8981509.79999757        8984918.60000038        8022344.99999955     
   8373192.20000158        7467913.99999626        8149807.19999938     
   7869380.60000105        8529582.39999995        8355585.39999416     
   8275968.40000144        8329724.59999989        8119085.60000084     
   8886166.20000122        8759973.59999853        8813411.79999908     
   8567865.19999918        8493614.39999864        7959760.99999856     
   7541796.79999919        8584097.60000199        8416166.20000011     
   9254547.40000086        8453527.80000243        8356300.20000217     
   7731825.99999810        8564680.59999846        8096254.39999971     
   7944666.59999722        8733806.00000085        8839399.80000130     
   9052691.00000106        8571733.20000174        8552342.00000195     
   8078688.20000300        8416513.99999903        8463715.40000033     
   8835889.80000198        7031074.79999635        8001194.00000132     
   7603592.79999882        8350370.19999566        8809597.39999929     
   7913298.40000308        8597285.80000269        8335189.20000074     
   8448137.99999776        7285217.99999747        7990216.59999631     
   7669249.20000094        8010562.19999676        8958662.79999688     
   8026089.40000179        8232012.80000025        7700853.00000224     
   7532999.80000283        7446707.60000294        7919524.60000121     
   8097938.40000161        8438912.19999895        8917450.40000142     
   8489323.99999927        7300718.79999895        8089328.39999894     
   8268490.39999892        7568414.60000295        7904814.99999914     
   8984113.19999906        8519903.60000073        8834675.99999714     
   8888453.59999752        8313443.00000114        7919538.60000238     
   8573568.40000008        8082316.40000178        8316085.79999810     
   9047815.19999897        9273010.00000292        8354846.00000021     
   9565401.39999974        9098765.99999903        8633253.00000003     
   8530875.00000045        8505527.19999752        8325565.59999938     
   8746821.19999763        8666253.59999815        8039754.99999831     
   8663269.00000194        8644526.60000075        8366004.00000227     
   7629296.39999879        7962222.79999832        8050905.59999621     
   8026683.00000140        7641683.80000140        8082617.39999981     
   9276836.80000190        8435932.40000030        7996284.20000130     
   7273160.59999954        7097502.40000100        7822926.60000084     
   7161424.20000210        7950607.00000156        8297940.40000370     
   8283640.00000350        8067414.39999854        8602047.39999703     
   8482208.79999958        8112980.59999902        8248538.00000032     
   9179055.19999902        8538069.59999773        8523458.20000064     
   7664111.99999957        7967664.60000056        8510010.00000186     
   8350229.39999823        8099932.60000040        7783566.79999780     
   8989235.59999950        8842625.59999930        8691513.40000443     
   9479144.20000422        8399505.80000604        8459110.59999846     
   8785146.80000269        8823315.39999514        8381242.20000060     
   8419891.80000336        8495192.60000451        7723888.39999869     
   8188353.19999943        7650848.99999984        8537988.59999984     
   8889046.39999849        7963459.39999780        8409249.99999768     
   9453624.39999645        8213870.99999907        8148995.60000141     
   7940304.39999920        7696252.19999805        7870031.59999760     
   8032033.80000094        7441074.99999992        8274543.60000317     
   7423489.59999950        7934976.40000137        7802957.39999983     
   8688646.20000152        7551044.19999857        8154440.59999897     
   7776802.80000018        8961500.59999830        8707620.99999846     
   8507009.79999885        9489242.40000057        8190182.60000112     
   7903075.40000058        8652805.39999934        8396589.39999996     
   8788877.19999882        7635481.79999863        7498418.19999969     
   7778994.00000083        7749611.60000132        8468427.79999841     
   7584479.99999944        9111868.60000026        8298218.00000222     
   8599458.19999873        9395923.80000409        9214023.20000342     
   8481993.19999880        7572284.99999852        7603132.60000272     
   7650606.40000170        8349974.00000031        7861274.00000156     
   8481341.99999764        8445894.40000016        8016568.99999764     
   9485658.20000030        8129950.60000386        9019443.80000231     
   8756000.99999719        8913933.60000069        8756198.60000323     
   8217090.39999899        8203072.40000410        8088683.80000091     
   8243405.40000309        9163012.80000215        9239551.60000169     
   8797731.19999664        7671362.40000004        8134564.19999995     
   7754715.39999992        8080764.00000135        7995812.60000032     
   8734932.60000097        7490182.99999947        7210975.80000065     
   9572086.19999813        8156667.39999923        6812700.60000164     
   8322721.79999784        7991696.99999758        8731118.99999690     
   8465137.80000169        8009897.20000286        7809561.80000017     
   7768445.19999937        8231993.00000008        9640033.40000284     
   8204513.20000148        7669278.20000069        7929543.19999723     
   8145502.80000048        7824603.19999751        8120243.40000171     
   8295479.60000124        8480690.60000073        8827913.20000055     
   7944215.19999946        8505577.40000189        8430335.79999961     
   8728527.59999791        9192679.00000280        9120606.79999915     
   8455153.40000044        8812800.39999784        9152809.79999975     
   8453730.40000026        7970606.59999720        8405807.80000036     
   8589324.59999975        8493628.60000129        8661477.59999955     
   7582785.80000199        8287791.00000008        9454269.40000026     
   8692288.59999823        7944462.40000003        7163149.79999867     
   8759095.20000291        8359732.80000397        8574653.99999925     
   8448797.39999820        7715481.79999534        8312593.80000063     
   7895766.59999929        7737577.59999881        8357924.99999754     
   8612733.40000090        7914720.40000036        9237146.79999999     
   9158148.19999833        8304906.39999984        8558917.99999958     
   8455373.20000210        7978102.00000265        7928281.79999801     
   8213478.20000052        7734445.99999899        8386421.59999862     
   7972497.40000076        7493951.60000155        7893798.60000174     
   8374456.00000036        8226175.39999807        9020203.80000210     
   7294764.79999750        8398546.39999541        8206595.99999925     
   8982494.59999759        8765861.60000377        9626301.59999867     
   8666617.80000204        8398211.79999868        8649604.39999799     
   8344519.79999792        7920951.19999850        7757877.20000056     
   8403399.39999936        8103464.79999831        7914675.59999889     
   9040375.59999727        9054701.79999783        8753816.99999700     
   8359332.60000075        7681794.20000063        7930556.39999941     
   8350532.19999833        8313100.80000207        8185511.00000190     
   8671350.40000071        8468457.39999977        8321511.39999954     
   8570178.39999809        8655828.39999967        8885721.19999970     
   9125595.99999814        8497372.99999999        9335512.60000267     
   8315963.20000402        8217027.00000271        9211427.00000091     
   8688756.99999967        9341100.80000025        8642471.00000014     
   7830296.99999922        9239527.80000228        7797542.20000160     
   7090587.39999595        7864939.79999823        8210538.99999748     
   8393020.99999895        7303829.60000020        8489463.19999897     
   8401277.60000033        8023736.19999973        8136754.39999965     
   8505151.59999911        8489001.39999991        8344365.59999823     
   8946519.00000177        9699913.60000208        7965595.80000238     
   8682878.39999980        8037596.79999674        8213120.40000157     
   8064220.19999709        8051076.00000053     
   3613548.35517648     
   4478660.56691116        4495775.17802731        4527001.85136904     
   4599195.25426533        4111811.47268991        4187093.57762182     
   4032038.99332033        4473174.43646354        4345853.68178618     
   4424228.81926817        4301633.08007327        4282839.70522954     
   4671413.06662114        4590001.82482222        4785757.97321385     
   4441861.97989034        4271052.75859479        4433313.08600427     
   4390911.56999880        4405992.92283894        4496620.35262568     
   4500939.25510281        4274480.19720040        4499399.24716783     
   4812921.94248940        4565392.56973112        4263142.40794854     
   4423088.57577212        4230102.04342759        4178818.23545131     
   4649771.21132208        4851576.33004928        4145332.53135678     
   4579171.65761203        4347850.64680887        4393061.05836311     
   3874637.13779648        4195790.22593767        4263122.53806703     
   4135978.68478435        4355764.09175022        4366881.37496785     
   4263956.84058712        4614952.49524675        4301079.37340695     
   4538498.30228282        4495714.27103958        4249148.67268404     
   4542057.63813285        4481987.31095702        4308265.26557256     
   4190240.56892048        4567828.83325699        4810925.68282132     
   4486116.28958159        4245261.99455989        4537380.56855848     
   4408770.65686756        4477307.87229651        4464394.69210893     
   4347900.43172815        4413267.63954416        4520349.10295204     
   4427628.16270928        4429048.90852467        4573607.98574022     
   4518306.88546094        4253216.13736791        4552710.51715091     
   4285142.00672239        4304564.54758049        4405203.37447767     
   4808825.75795113        4757749.49316717        4534985.63227559     
   4722100.76128379        4067680.27298942        4203273.24794372     
   4588856.25888337        4148947.16574170        4352583.15996595     
   4284725.27620694        4116447.68207845        4310930.23471084     
   4209771.51031536        4420349.01178274        4366007.91681021     
   4306110.56267261        4339260.81398667        4555786.51025492     
   4387371.18013341        4162193.89694152        4394395.67018744     
   4362149.65596632        4310568.23836538        4524560.96517653     
   4430417.98165863        4405844.94556918        4331419.92496112     
   4416815.08516241        4354936.93975420        4267059.22364890     
   4555344.92203670        4196956.45709474        4712882.91594035     
   4434900.80581509        4168135.09522668        4435455.39947773     
   4395921.39369197        4761446.63062181        4431749.56227722     
   4360242.10319145        4402571.71545187        4425371.08314851     
   4116444.09933100        4427073.34623204        4602080.84052859     
   4567048.06038009        4500562.39236240        4476732.10754811     
   4093712.30418780        4395311.50683915        4277400.17062294     
   4259797.74074859        4371073.94701090        4413341.31430962     
   4231327.42097111        4480848.40992363        4563165.06399022     
   4640724.93507886        4405049.54783245        4264355.43541275     
   4552859.38866919        4373494.92322101        4334482.66511696     
   4289731.15712849        4444861.11428270        4412811.56222137     
   4862398.77754919        4242292.14487708        4408931.40170271     
   4352539.21396782        4439724.07255369        4267399.80874163     
   4396443.03254725        4454078.88639545        4281091.10038666     
   4445355.76040536        4458469.88902796        4134476.58831387     
   4582887.20088617        4212889.92359916        4284371.16351148     
   4708369.67483829        4664126.96864958        4675223.00204106     
   4486603.01580549        4497807.51493376        4421656.01787275     
   4537768.41987747        4276059.68400356        4554085.48053058     
   4431033.62214820        4310082.31385660        4435697.69942832     
   4264754.01889228        4400018.35779185        4242473.48994933     
   4311049.04331420        4375146.61257410        4295524.52386289     
   4451903.77048733        4293533.82300251        4171223.81068389     
   4242043.94678900        4256279.05786501        4494655.17704924     
   4323421.45230053        4365586.88237711        4421293.35383631     
   4483382.24171439        4450886.78686376        4386729.82175101     
   3939862.13143094        4321242.86090109        4447890.14242992     
   4207439.48892886        4469370.21734109        4253650.47276408     
   4409320.37376469        4272468.75051024        4547779.49534222     
   4360261.87326268        4538121.29641395        4343640.52876279     
   4500052.47554038        4491037.70194199        4407352.24561254     
   4322714.09514936        4249667.41072132        4610735.25093110     
   4458898.60220509        4639166.18115176        4559569.53299022     
   4619445.29609626        4212192.39044208        4145485.04228779     
   4622976.23400250        4212484.21008570        4567704.96575245     
   4584361.89418977        4717258.91275649        4571728.22373890     
   4595741.06999805        4429201.41598693        4428542.73074060     
   4213085.16971506        4578131.18503931        4191960.16676891     
   4159191.87424933        4281236.35382746        4469265.74136413     
   4605591.37462737        4608591.46241247        4455517.45719943     
   4220469.06208503        4246659.88408226        4291735.82395680     
   4120235.61786297        4586582.84987921        4514232.40802202     
   4382302.51965523        4196805.60061156        4490848.97614985     
   4501679.98440583        4492975.66438431        4428415.63866462     
   4581051.25398476        4170011.49505144        4515380.38438256     
   4534785.62913635        4355193.54908420        4206226.11974028     
   4432084.76355039        4573284.98988968        4549309.75283702     
   4662926.20089715        4324242.65758757        4461414.65727073     
   4394307.35436596        4410184.46617987        4555264.55490208     
   4433381.35306623        4225236.98487249        4277243.41002618     
   4378573.12421676        4292676.21264704        4511721.70531885     
   4362298.40934590        4747330.54650398        4233315.66755570     
   4332239.72490620        4353359.57121311        4388196.05252209     
   4425678.48360409        4403924.84502259        4593616.28080794     
   4452160.88991241        4651545.66169310        4590089.68962508     
   4477299.66190904        4667137.02572229        4345107.55900359     
   4350476.66491464        4331914.13587557        4395637.80728593     
   4673466.82823380        4516437.55936014        4371548.59910725     
   4644935.06459342        4372665.83367165        4357315.39169167     
   4276127.35048149        4615682.11968387        4135381.59106846     
   4291473.70281156        4405952.63013980        4523959.03404308     
   4272125.79754290        4586881.90645474        4310284.83398095     
   4456762.54410565        4546349.80596210        4452449.96052351     
   4562382.88028572        4577487.24801826        4506491.75380247     
   4574161.25710365        4565151.79914128        4286864.90703877     
   4519227.28305126        4598304.96292601        4435118.67503562     
   4264189.74119792        4145359.15378110        4654180.01094074     
   4549911.66449867        4616162.14286500        4475201.14986319     
   4527281.62477099        4314954.82381153        4542600.32587664     
   4854065.50137026        4640588.49189206        4267057.92523144     
   4606176.21196843        4436577.48641846        4209346.55754162     
   4480928.38508089        4405519.82716467        4420558.16104722     
   4369564.14629105        4236253.38631726        4455499.65528353     
   4511124.06269113        4382384.58836975        4446632.69351795     
   4271098.61945322        4714280.20160633        4368541.88236327     
   4316637.97511729        4479390.46237717        4357076.09993020     
   4571442.67419215        4349314.70000163        4081039.71636339     
   4205750.93998765        4516065.43933573        4384955.94432521     
   4501144.61458760        4523995.80045580        4258869.42960076     
   4197413.91339116        4374149.61560430        4650389.17104559     
   4025400.02778115        4458789.12993724        4468875.64945275     
   4467040.39920112        4474316.27989686        4576315.04017209     
   4675019.28586489        4450420.57346661        4448825.47900959     
   4366710.88876477        4320871.28686091        4294427.26238009     
   4476701.20153888        4443160.39289213        4836851.38350057     
   4192712.67686397        4211434.15444261        4361516.59075367     
   4320228.42019204        4289523.59434921        4167717.48341121     
   4629824.22204458        4445148.20687820        4370078.27160642     
   4136965.58874059        4243288.01949603        4629052.97390611     
   4285073.33396658        4322402.54389128        4287768.60241988     
   4180560.42586640        4386705.52928644        4459251.47099393     
   4327816.34836798        4097556.86267886        4293564.47831985     
   4411852.21877668        4544050.26369941        4557925.71839972     
   4300232.31504069        4332632.96901210        4352546.09509032     
   4527052.96080028        4242446.20348863        4442961.61193297     
   4298717.80711032        4653946.83434186        4414532.88011752     
   4266742.84146008        4584907.84136603        4511957.00356798     
   4474421.65049039        4483672.53000262        4301658.05783532     
   4426296.37126987        4565345.41446884        4480553.93455912     
   4237262.94790833        4347894.84710533        4344332.97122672     
   4218571.35524177        4416314.74598025        4331465.15276795     
   4245853.09380742        4593192.81155976        4395882.23874487     
   4280681.43908274        4296233.14363451        4183662.89543133     
   4384630.50009847        4571428.30425338        4222526.00394138     
   4167505.41040750        4617876.87322752        4364491.30533013     
   4494861.17087245        4059221.46234711        4539878.99870538     
   4529057.88095293        4210444.77878997        4440317.67278686     
   4318412.27122790        4200450.23819765        4298263.72089766     
   4342406.80853270        4347250.66679092        4615282.50784708     
   4280047.94579952        4552604.98234060        4571473.85703204     
   4684031.64253388        4444962.76398512        4449308.37321825     
   4525265.19033513        4397446.39862683        4233544.04364222     
   4434782.43280226        4321429.52767197        4167501.64810172     
   4657902.46224650        4626359.91922273        4324263.70750969     
   4546160.71235039        4381648.13551872        4362516.61289437     
   4574578.10080814        4522368.70707721        4267876.94465368     
   4372819.51042127        4306775.76583830        4466405.01386082     
   4182089.55725260        4466571.08248017        4505924.04495733     
   4303586.05853836        4319165.14305448        4088470.93409511     
   4274233.22758130        4281811.62824685        4353240.54762430     
   4494726.90077036        4547968.92239287        4417612.74903707     
   4280361.97722496        4348433.18198230        4469349.57910006     
   4490668.47011483        4275937.10488426        4337660.45245091     
   4138384.51236119        4425127.71875222        4578913.30850596     
   4478403.21293782        4491145.17141822        4605810.80899910     
   4311172.03028941        4283707.34357211        4246283.15456895     
   4493182.36062986        4472196.44592625        4466078.26584497     
   4226517.86384442        4344843.05860855        4383576.58275996     
   4575711.02368963        4486195.90943784        4453270.39055572     
   4391564.19381302        4233686.08770884        4033248.53290480     
   4510674.79729017        4395729.91532210        4397493.89403869     
   4321083.63088793        4283512.33200041        4549901.60041401     
   4140666.27159326        4453172.50220965        4442090.68851147     
   4236263.12247898        4496122.29055383        4511650.57981917     
   4527401.89079920        4072703.51233639        4476288.29774465     
   4317897.64377530        4209946.52667075        4360123.81962700     
   4481484.68067067        4067563.06743986        4357365.67777982     
   4485425.86540608        4481800.52620680        4232283.75069970     
   4355516.49746412        4309004.62536042        4676175.60730352     
   4333446.41198263        4310635.73985988        4235570.43803900     
   3939748.46615670        4504009.60615023        4413411.85805226     
   4678781.14929982        4418594.67970880        4282581.27328623     
   4416362.03669544        4487228.44023382        4197348.63312498     
   4260852.15098974        4474187.76328422        4351600.16100548     
   4409149.69191350        4507073.38153880        4388934.50421085     
   4459258.48426872        4366894.40868123        4421207.84419426     
   4327186.25974958        4530899.23651897        4634076.51409446     
   4512024.05351837        4375845.35285244        4470383.41059059     
   4209788.58764485        4368713.77281926        4568085.67655001     
   4524856.79971146        4119155.47193698        4328927.71747140     
   4238489.05320779        4382713.29303003        4324335.17435300     
   4163673.53417478        4497659.97392353        4468203.53330365     
   4526809.05018385        4160569.71126567        4243606.98135220     
   4060222.20642663        4116801.44738434        4279167.27940651     
   4446773.24362860        4263425.80695040        4119291.78890557     
   4245294.74942099        4217049.44303273        4422899.41129106     
   4397529.21641658        4420083.96215717        4560674.97342138     
   4349324.55881882        4260052.35183636        4680715.74031016     
   4461563.51340182        4356985.63970002        4180628.05413774     
   4576891.91415380        4350197.02091366        4415397.96710253     
   4459353.84022547        4272888.60224626        4379903.72325794     
   4545093.15754112        4276736.89200257        4402579.68332315     
   4551616.55512397        4648530.86943070        4576788.99948535     
   4585279.35500046        4577147.22581911        4439698.49325778     
   4422494.53377896        4339892.51249700        4328070.13263449     
   4281110.11691585        4410842.38266555        4618407.01781774     
   4809905.55377634        4241450.78158145        4585898.61265555     
   4333303.78641156        4334790.79006252        4260640.39276503     
   4323434.79211563        4093813.97905936        4246923.74378440     
   4302617.90338974        4394351.47711609        4235241.99158031     
   4114642.58277241        4380105.84602388        4247671.88547704     
   4176172.79049404        4334231.61435782        4682891.05537225     
   4442581.42429992        4329766.68611532        4556498.93310251     
   4399981.80584838        4262622.13169038        4431135.49599468     
   4593330.66626165        4256211.31654602        4490855.83902393     
   4228392.96148925        4401091.67414197        4477623.63485529     
   4272878.20573272        4395073.53450805        4304655.01026579     
   4519502.83594617        4596158.49039175        4498106.71841452     
   4715347.08262207        4179651.88299859        4350744.54096446     
   4327921.03046583        4390401.42333014        4271714.83960982     
   4362138.94051670        4413239.22984102        4189702.81586065     
   4472846.25993541        4386848.35811780        4422787.62478285     
   4387003.13131722        4391189.63969553        4468141.36081756     
   4377449.47195984        4333544.91270122        4242144.41871791     
   4252954.65686400        4590966.78178999        4379769.86481442     
   4360258.93003273        4175833.77089350        4190085.84433535     
   4280829.80436509        4359206.97032553        4368740.30581925     
   4457722.68050253        4347887.77461247        4356875.44112154     
   4355363.57564067        4220618.84377223        4071338.07577804     
   4443315.45135152        4559734.91377017        4307098.37224998     
   4363790.34915983        4504841.02470994        4379929.37538812     
   4418305.77293978        4126136.40522075        4043726.04952933     
   4494952.76154125        4231322.24090193        4549025.07940822     
   4259121.25828115        4622599.79565692        4322508.80592442     
   4636535.03042292        4654771.07884272        4655449.62274531     
   4403591.44974304        4329645.23935921        4301783.65279951     
   4308195.00437792        4325938.56592164        4440974.09003590     
   4515301.52136623        4356114.96733791        4171164.71872619     
   4437668.34181522        4333223.46020077        4476787.66338807     
   4543214.21754979        4596213.23707630        4309821.40063481     
   4300908.00424283        4300998.70108268        4407932.33773567     
   4316962.01012271        4747564.14294812        4531466.84404159     
   4832901.29035816        4278014.14600232        4494078.24244153     
   4290623.25671166        4307878.03377737        4321095.07808220     
   4614282.50215074        4387572.06664155        4091725.11395281     
   4596455.59437214        4478854.90706669        4142505.58551683     
   4495184.75676296        4225566.09715430        4476622.61415284     
   4402149.74626982        4321696.14210206        4295124.67642095     
   4535445.19295791        4347049.94541622        4472359.40860157     
   4106386.42451072        4236996.38979315        4428063.63478856     
   4464312.77559923        4310531.80135537        4304575.95442717     
   4205979.08702409        4234445.37193839        4354013.44044978     
   4429029.99057833        4544048.56200393        4409352.43310609     
   4391768.73618236        4368154.84460626        4308143.35810075     
   4447018.91189367        4645420.50829603        4487677.45152920     
   4454424.10058718        4407472.41747478        4408628.88704066     
   4414048.21107491        4589521.04959737        4291654.03801218     
   4312607.79293297        4211128.16185483        4371285.99135898     
   4575443.20279408        4383897.46383805        3997318.68739974     
   4357927.41360255        4303265.30775831        4460345.04030051     
   4201136.23592065        4486569.49235032        4206589.22935431     
   4275047.16471755        4255166.68869879        4258901.89931363     
   4354651.67860395        4087081.30147480        4489271.42008072     
   4357552.15704080        4348816.58485855        4575361.55884268     
   4411843.42872010        4154303.33970156        4207542.63031012     
   4404887.69553530        4183795.05335521        4455937.48420513     
   4244890.04734191        4245071.19055178        4355595.61524816     
   4500344.93160863        4212756.69097419        4312849.38719824     
   4494925.48415830        4373109.22240481        4375626.49880040     
   4573015.90080291        4287044.36745735        4670468.96692317     
   4377749.58061656        4473147.25185796        4462790.40495415     
   4375006.20068604        4191382.99226025        4399010.38039276     
   4408738.32738259        4456672.39749229        4233323.06863878     
   4679750.19020041        4251658.65628331        4409447.70833918     
   4439291.48242506        4111177.40364992        4363351.39481943     
   4491154.82286881        4319099.13547149        4479538.44124581     
   4518600.14174799        4485426.58454844        4365287.90227509     
   4713538.03624186        4737511.71131535        4394659.83782199     
   4713017.45724511        4441476.77562361        4761818.14225317     
   4302339.74695613        4337322.06094857        4494363.36584760     
   4706163.38848280        4669844.13260855        4527482.62484525     
   4318937.02006506        4822409.35726764        4356189.20247093     
   4091867.06580696        4326625.38537541        4240480.22447857     
   4425046.69967778        4376558.73970982        4292060.80741179     
   4649020.87308723        4513046.94310116        4433719.20271893     
   4455793.37519214        4399547.78237824        4368213.16695600     
   4521564.72620229        4813468.05980130        4260259.14885198     
   4543686.26939319        4357269.21213860        4369287.89391904     
   4372395.45078102        4151959.59006261     
   11765.4155811347     
   14825.4235876401        14758.7836182876        15085.5657919898     
   14858.0744885821        15072.8414822697        13117.8592589151     
   13677.5405843192        14801.2129158095        14729.9896472414     
   14171.0757383618        15140.2604226158        14590.1300757712     
   14930.0351530616        15308.5183681383        15895.0211919858     
   14999.6241085487        13427.0851242472        15100.6569982540     
   14314.2744389540        14716.4910292538        15317.8265480706     
   15952.1050476539        14001.6681863315        14852.4228999147     
   16762.9025599374        15552.6717309877        13968.7564935725     
   15381.8922314992        14357.2349609700        13874.0155878897     
   14635.7446735811        16506.7790085746        12765.1919045781     
   14683.9153062496        14518.8191580778        14812.9066470819     
   12934.3663625611        14662.5005723011        14213.1364376690     
   13506.8788564713        14243.3007177732        14768.6208039461     
   14851.3547912910        15263.6456732284        14652.4746787437     
   14834.1831401435        15135.4389965940        14021.5458250132     
   15443.4947046577        15028.6780432475        14327.5400775310     
   13910.2757632049        14222.1751587925        16403.5376482142     
   15226.4476558968        14617.3889200886        14385.4092297768     
   14646.7277800625        15202.4964535943        14428.0482769904     
   14318.1954065699        14546.4967830215        15227.8464832182     
   14203.0725651046        15098.7398618453        15987.1471105047     
   14988.5394706076        14651.6485099537        14890.4325887171     
   14346.9339030029        13988.7975658623        13736.5431752534     
   15838.8993133120        16252.5989600597        15833.1416347611     
   15271.4548272548        13386.4335433987        13997.3308400167     
   15730.0919825638        13919.1586721455        14680.4438679565     
   13636.5130108097        14136.2774441703        14820.6002511648     
   14074.9753519249        14155.7747677654        14438.3656586424     
   14610.5979944375        13994.1553949861        14730.3252596518     
   14348.3538033028        13951.3045388996        14191.8961697667     
   14438.7194385528        13878.6113326170        14508.4493148034     
   14649.2551012929        14734.1763730633        14312.9906534048     
   14713.6145123178        14647.6901145889        14474.9813511640     
   15296.3874045675        15253.8816879856        16200.7292841242     
   14434.3400395445        13722.1378543152        14852.8631705572     
   14983.5550161598        14903.3210036553        15195.7644732442     
   14469.5108268672        14066.0081230350        13954.8487393847     
   13772.0240661783        14558.5997810976        15400.4400257101     
   14784.4176230057        15558.3799614749        14915.9808070548     
   14053.4323314062        14891.6640790491        14063.8442036235     
   13852.1389321225        14282.9503233911        15420.4786698620     
   14045.9058212738        14385.1235557849        15101.9666959379     
   15223.2054105450        14177.3833251882        14692.3545578357     
   14488.8406521378        14326.9124792987        13856.2220593497     
   14080.3318585662        15241.6807103931        13707.4397312838     
   15679.0981384916        14700.7803895709        15005.7505301226     
   14247.2866844207        14556.4365432598        14673.0390258940     
   14748.1274847747        13754.3420654455        14140.3332237206     
   14840.6662837472        14740.1411746024        13533.5981578708     
   14895.9277934159        13515.5193243860        13797.0887815280     
   16019.7609407309        15206.3128521759        16264.1696237479     
   14806.1001128717        14811.3247618121        14295.1747137395     
   14547.2496458918        13822.7681126693        14751.8623157076     
   14928.1204487028        14452.6573723636        14516.1199093996     
   13827.3445233458        15263.6463256076        13922.5232914345     
   14618.3451439955        14555.5966200170        14209.5168035739     
   14850.5318216698        15345.8715261743        13629.2973503869     
   14208.3350718270        14081.5564853561        14907.4646938930     
   15136.2349817376        15246.5861681213        14599.3728677613     
   15213.3869331144        14276.9414567385        14167.8694886165     
   12619.6668468690        14109.4481617985        15111.9641316946     
   14263.7238550577        14588.2926050479        14449.4395657172     
   14086.7022924635        13840.0729658406        14842.5922562804     
   14737.6741034358        15187.5450398489        14688.9020099057     
   14441.5379876332        14758.4639630015        14952.5951731393     
   14554.6506112747        13624.6028492595        15410.4341878117     
   15666.9101643499        15304.2808100032        15016.3763115790     
   15114.6099076636        14387.6778589215        14377.1728256817     
   15086.3164145282        14381.9123348131        15398.0507640672     
   14737.3087391083        15200.5828820990        15601.5765067157     
   15108.6961246400        14632.6240506929        14817.5185488783     
   13491.0029694614        15006.3845773158        14445.2577072086     
   13069.2646792793        14044.7630047859        15265.4427210883     
   14877.9843983820        15238.5765851326        14139.8086366385     
   14085.5213173275        15199.4663028889        14248.2721661661     
   13579.9951786582        15565.7863158226        15217.4916031007     
   14775.4025163858        13966.6076326226        14468.0609568449     
   15116.5266462350        15098.4825218805        14430.9208601939     
   15201.2577252959        13636.0802039629        14862.0178077407     
   14837.4878716333        14762.6509755237        14327.7606212813     
   14413.1037180946        15314.7144627895        14997.4605811852     
   15440.3552085971        14610.5860253781        14996.2601121779     
   15380.6457717485        14264.7857387948        15196.7993395327     
   15461.4320192489        14121.8022535156        14676.3939480854     
   14965.2213322743        14124.0795719250        14809.4323963297     
   14923.6568634416        15406.3092315573        15079.3502070229     
   14589.2107332997        14381.3634695319        14371.3488488176     
   14410.5009687199        14470.0035996453        14811.2806275944     
   15379.8196423575        16068.5293678928        15749.5275158655     
   14894.2732797992        16135.6074717048        14575.9875335609     
   14920.1763896870        13793.5240920546        14553.2768013091     
   15210.0031054154        14586.6267409539        14791.8401427705     
   15359.5987461032        14381.1856862016        15496.9485745077     
   14234.3139433029        15041.0788297206        13938.9530833036     
   14963.8836622273        14369.5884684063        15061.7940810866     
   14591.2357739667        15103.3169382507        14409.6461625093     
   14837.0647221036        14953.9296716766        14818.9785923362     
   15782.2953284584        15675.8942112229        15368.2003483290     
   15395.2404599649        14986.6314744703        14913.1664616538     
   14841.7463796772        16488.6315227138        15710.6911802359     
   14477.0967220218        13618.3966573955        15625.1840874315     
   15146.5880073843        15181.5995694990        14991.5407927563     
   14255.4258490409        14199.7941284362        15181.7500233007     
   16330.6952749891        15681.2301773926        14405.9407620054     
   14957.9696470780        14960.8698573367        14251.7255200993     
   14706.3375288371        14124.1365780121        14446.9126244341     
   15544.9370879524        13983.7735921140        14509.6787597208     
   14847.9204977929        14437.7723178198        14971.6728880054     
   14798.9797776212        15903.2937389292        14113.7503914649     
   14431.4930118807        15063.1391743223        14388.3659310106     
   15294.9642894174        14673.0769792564        13689.4676381251     
   13426.4856347135        15466.2454836535        15471.9180829237     
   14826.4979109352        15866.1690384948        13736.8049612196     
   14133.1301762490        15357.5673937668        15495.2764636669     
   14137.6517118418        15395.3636989667        14785.9400586219     
   14700.3200236864        15178.7476575802        14340.1310695860     
   15114.0588266846        15089.9397625104        15397.9361283745     
   14628.4693480607        14811.4600445800        15137.4768434541     
   14998.1330399996        14869.4149916609        17002.8409460114     
   14222.5512193021        13681.6507856521        14685.0493768242     
   13743.3322371298        13560.7479658131        14371.0171562430     
   14773.4761035201        15432.3968869593        13943.4048978613     
   14044.0201906793        13773.6617283267        14742.6231869634     
   14390.8840973943        14667.0323680038        13789.9573706610     
   13821.7167177997        14645.0148121119        14717.3297451042     
   14976.9646558176        13670.8965909478        14251.4781621031     
   14752.8988848182        15282.7791022897        15159.4004711591     
   13586.7646990197        13467.1455593041        14364.9612076822     
   14410.5818869267        13441.3022614835        13898.5606515065     
   14184.8903716422        14752.0847797285        15017.0396798484     
   14337.5102666084        15597.7832060270        15447.4988886000     
   14851.1939546228        15338.0329488902        15154.3498437524     
   14225.0016336411        15424.4530471440        15012.7526784941     
   13761.8591541076        14587.7377160726        15163.7724539830     
   14783.5301490759        14617.5656749776        13894.5167721054     
   14578.8228405175        15212.4003328132        15179.2614601085     
   13382.5210690444        14131.9026246220        13876.5253216768     
   14163.1408200576        15070.1828652058        14140.4400327836     
   13432.7689926991        14113.6067652369        14501.4710288889     
   15548.7458346145        13301.1911651675        14568.8886297493     
   15563.4628528344        14075.2381956371        14857.3004422026     
   14468.3053240018        14006.6594979711        14279.9155741922     
   14492.6540865843        13656.9870082863        15260.1321439796     
   13533.2346680040        15181.0501984207        15783.3693840028     
   15007.5943017104        14188.0333933759        14401.3655961605     
   15219.5342553212        15051.2056759423        14368.2942956689     
   14585.6599729635        15219.5100144722        13656.4967979416     
   14996.4777815053        15925.7700205388        14703.5086231326     
   14470.3306154744        14220.9992953219        14162.3770803220     
   14203.4205599126        16269.0031251650        14213.0042510328     
   14755.4207887094        13669.3011647818        15203.7412385075     
   14463.7894738323        14691.6020277231        14896.9062235883     
   14702.9967815201        14825.0181177005        14023.1142930990     
   13793.2368746402        14364.9947166405        14594.6719956416     
   14468.2908935924        14956.0350922855        15000.6191991291     
   14078.8273723458        14369.1254012619        14853.3362760735     
   14313.9958935251        14578.5956877867        14328.6842689108     
   13496.4558287995        14024.4098182212        14865.7862659976     
   15697.9359964795        15361.7294873646        15748.2342970356     
   14369.1580391049        13703.4754857821        14199.8100276099     
   14699.7500033272        14639.7199497995        14892.8561104543     
   14303.5988256829        14716.0847018266        14893.6253136430     
   14804.1667004528        14813.6763752169        14401.8523350662     
   14731.2090155514        14236.6591624585        13219.6660218171     
   15480.2338550949        14856.1524983796        14552.8545967907     
   14713.0390834417        15114.1473630133        14437.7796724186     
   14047.9777517826        14825.0923574869        14046.5503925567     
   14123.9561946248        14637.3982809464        14489.9260047150     
   14680.4140121879        13980.8187229143        16352.9296918975     
   14362.7763084586        14161.9840693118        14742.0328924617     
   14685.4256432661        13797.7480878490        13758.8336716484     
   15539.5324445420        15389.6731574366        14450.7780140709     
   14791.4123084107        13595.1519049079        14785.4172851616     
   14448.0079687243        14717.6701381621        14371.5249144290     
   13840.7890455593        14763.4607000457        14491.4831135217     
   15495.5415047222        15303.0262760436        14698.0243145554     
   15174.3127352349        14641.7839966980        14023.4727829781     
   13528.9006940273        14624.5827873846        14457.4922152149     
   15541.2261663424        15111.1554942826        14440.9140268709     
   13934.5836534099        14927.9474314032        14563.7726813492     
   14357.0112466612        15063.5650178224        15403.8137560963     
   15185.5241689242        14591.9706299817        14943.5930253515     
   14210.4966641917        14519.7607396787        14740.1598075582     
   15398.7539169557        13032.3482218613        13988.1874707016     
   13513.5185904116        14530.6095259167        14789.6487104776     
   13971.2993706613        15345.3812774434        14899.2581153947     
   14703.6257725648        13240.5731656526        14201.0379861572     
   13588.8098973042        14325.7270532029        15178.8592661271     
   13889.3876039962        14472.0200526194        13774.3922180263     
   13773.0250870798        13763.3262247797        14386.9875701221     
   14686.3397874995        14808.7794529834        14838.1931104937     
   14670.5425941368        13255.2063399356        14927.9932022351     
   14493.8726051001        13995.0091134494        14072.3625805273     
   15829.4896115075        14905.7657511284        15027.8898463803     
   15415.6633570551        14045.8059580442        13971.2276835000     
   15248.9802812379        14371.7605054184        14938.7223284718     
   15879.9855488230        15621.2395136936        15105.3768652383     
   16193.0196888095        16005.8563996208        15250.3480243831     
   14816.0257689836        14394.6589890929        14578.8123329819     
   14487.9381748792        15119.2664279758        14522.5879206363     
   15250.1239290110        14485.3459473754        14731.2315366881     
   13631.5015436633        14528.7098672115        14095.8263543577     
   14373.6896188755        13854.1980230584        14185.1312164343     
   15096.7745068218        14374.9666140846        14334.4133320190     
   13229.1495704920        13526.5281492751        13908.5314772300     
   13275.8588785115        13717.8604073640        14859.2895024914     
   14683.7754836815        14433.3395255076        15126.5033010479     
   14668.1711630297        14491.6265316632        14586.0185078607     
   15639.3626427848        14882.9262389030        14505.4364014801     
   13862.0192127465        13999.1533608058        14909.9061101467     
   14494.7577342650        14216.0182638604        13901.3267718824     
   15272.4042701599        15505.9801642148        14990.1798173783     
   15803.4970498107        14701.2239179330        14720.5784448132     
   14981.2694937097        15251.0761202369        14098.7452373563     
   14624.8651457138        14632.5076003262        13925.0416421844     
   14708.1612175226        14017.2972800845        14962.9412252497     
   15378.3841416633        14543.2207724339        14548.2545201862     
   15777.9162753031        14452.7555538695        14489.0018983071     
   13867.2636680602        14645.4744680702        14227.8048362473     
   14257.1256418825        13181.4653802241        14355.8751372747     
   13609.2835649756        13757.7102327311        13999.4269129829     
   14749.7365182140        13755.3090909404        14797.2905621714     
   13974.9337616994        14907.6790794274        14074.2549161909     
   15287.1704501868        16403.8791816052        14770.4992930651     
   14151.3030023220        15143.5651395464        14601.3213862368     
   15309.9848616558        14153.7182963171        13259.4362859280     
   14395.8177336955        13903.0198811311        14745.8946429338     
   13758.2022052693        15427.9756636610        14505.4456757393     
   15136.6731923079        16560.0969004171        15974.8930317534     
   14791.8299851418        13824.3875838277        13712.1609909178     
   13897.7567412046        14395.2073794288        14016.5783072473     
   14854.2663020843        14558.7342842912        14349.2327759813     
   15798.2972220335        14149.7303991912        15317.3244770872     
   14922.5140184689        15185.4274042502        14356.4722229838     
   14343.7801156232        14184.2495686413        14286.0720505832     
   14573.2925415467        15654.0490787863        15780.1669531385     
   15738.9902497485        13853.1010738467        14522.3725209663     
   13843.5819250450        14281.5993912529        14368.4564283075     
   15135.9148063832        13843.9988176033        13312.8250377719     
   16380.4024571077        14543.8377102836        12766.4372173837     
   15114.5932104694        14161.8204975681        15218.1696302040     
   14619.8474003698        14233.3251498549        14237.1474108738     
   14466.3043054684        14139.3561756612        16399.9906832848     
   14464.7122628427        13987.6091916144        14287.5604814697     
   14627.4307122261        13759.0951828669        14395.4009776489     
   14584.7469993745        14759.3132893625        14801.7854722789     
   14087.6112282773        15142.2620887871        15020.9230036804     
   14590.7720842312        15317.7451523846        15143.4963462327     
   15141.3663543648        15445.1043538384        15627.9124232715     
   14505.8717103867        14180.9533729133        14897.2700632994     
   14944.5000756038        15029.5086419018        14755.3466670900     
   14038.1835131712        14570.0067449418        15614.8165283770     
   15234.8454490877        14409.1595500327        13384.2412983985     
   14556.8358355623        14660.0186343160        14842.1432464862     
   14619.2740961227        14171.4091455612        14514.2203214080     
   13758.5585994156        14089.8148226624        13976.8294538359     
   14663.0837496297        13942.7446838415        15797.5021423735     
   15462.2150481214        14665.7187501821        15271.7210304851     
   14478.7319720815        13955.6702802339        14005.4938912431     
   14514.9048890788        13727.3382815000        14464.6389723626     
   14051.6166161768        13714.1850231102        14201.2934559749     
   14815.4092127939        14427.8516749419        14951.6224116766     
   13832.3229986116        14307.0429721319        14309.9213479752     
   15571.9581737541        15257.6494564326        16368.4226748790     
   15459.2492624529        14774.0022505168        14975.6268274122     
   14692.9933293072        13824.2620690612        14065.8224420363     
   14711.7987601901        14264.1512505736        14234.8552933709     
   15365.9218988616        15047.2649525760        14755.8352201533     
   14589.3340768387        13651.3644086740        14482.7899733594     
   14713.7776982420        14411.5496194882        14455.9664354871     
   15063.4848323691        14909.5675407187        14349.4051015787     
   15261.5598982999        15391.7713274255        15418.8573444071     
   15901.2564072008        14875.7042455973        15945.8016656558     
   14593.8215976108        14351.8186996421        15593.1457670072     
   15434.0389050021        15903.8731561557        14759.4316644888     
   14045.3812423775        16077.9760762250        14258.0385766224     
   13384.8602236418        13883.2562739914        14379.7713816700     
   14889.6824643467        13301.5512866185        14646.5954913128     
   15123.0931534594        14408.2059364088        14626.3661721051     
   15026.7948262441        14330.1637537215        14846.0562560654     
   15163.7487593738        16785.7452607693        13773.6293969131     
   15002.8519445296        14113.2308045627        14762.8975835168     
   14478.4682320101        13787.5374946938     
   1124155.00000000     
   21137.6409680225        16371.1429752805        10030.9077624295     
   11219.1610603933        11026.2109546544        9884.09143524713     
   13884.6319231682        22596.4228623823        10334.1002039717     
   16974.4502907976        22408.0668067800        15637.7303757965     
   18636.3219096446        18710.2727361160        17901.5712373053     
   11386.6729144048        13992.7036074506        22817.2643534169     
   12262.9173574575        19749.2268383770        24970.0749028853     
   9770.35524254386        18202.8309069453        24368.9679738414     
   9638.70374105530        14771.2835995401        11529.6236977828     
   12464.1932498518        19423.4358330559        10469.1414900271     
   13478.6011489556        10171.3608098109        19664.6606339200     
   20593.2980629970        21837.6612160279        7103.23408991404     
   14568.3128148624        14656.3431412671        24212.2053051011     
   17865.7406197347        14574.0070582356        16488.9677239306     
   18408.3588975244        14239.2955672122        12888.3028750876     
   15999.4412035453        22529.1772676637        9485.62820640525     
   16743.8706028715        16870.4076925574        19940.5563892134     
   17043.4056452758        11596.1705211214        16210.4998952597     
   17761.6682865421        12514.1331023081        21157.8904705665     
   23234.1037828053        13738.0534756046        6093.07828899494     
   14712.6314060481        19462.1358735273        21144.3164648230     
   18129.6531892348        18189.4501783920        12963.5471719858     
   15015.0358713532        13375.8520211423        9466.71677671655     
   17199.6925547786        17011.9460656993        8826.25563824968     
   20089.5285004405        16291.7952549593        24462.1573144772     
   16972.2647718006        16471.7809214777        25805.1215694699     
   17459.2638212370        14706.3424636280        20346.1560066171     
   14277.0440892088        17795.9378191148        26373.7579305578     
   18924.4982002547        14554.3373872622        21150.0850455771     
   20694.6496480504        25289.8891827860        18336.2516380981     
   20052.6422920618        18336.8166021926        21583.7544579904     
   18615.4925755299        23996.5079608215        12061.5076577776     
   19749.5539228528        14923.7049652387        21460.9045023947     
   12655.4930657359        17132.1496105367        14544.3761782281     
   13202.1106946154        15807.8440381378        10222.3413855990     
   17662.8441724378        14545.6547811787        14971.9945278400     
   19055.4360628871        13979.7837706586        17787.3592853645     
   18574.8448956801        13533.6256782622        24638.8424012858     
   12993.6389437546        15765.9028878612        18945.4762091311     
   15038.2440016552        22267.4799521130        19413.1326720698     
   10502.4149016963        16045.6641869589        15794.1362251087     
   17737.9843970028        13631.9145632244        23549.3686149978     
   18700.0439125107        18769.8764480829        15888.3960240288     
   16523.7130157408        16310.9891666952        21765.6580289348     
   17262.9536658835        13931.3901357240        14050.4191499440     
   15902.5647288192        21346.0086465501        11751.7735267204     
   18682.9165799625        16964.0579249546        19846.4750000074     
   23812.2701961184        21594.4144384046        25322.4043531706     
   18465.7473555420        17348.3227140537        12875.1154237245     
   11022.7468327067        18607.7912228736        20741.3483907015     
   22734.5417160050        24176.8207118156        13529.9236766957     
   10568.2183512264        21245.3707003530        26437.7178130427     
   15095.6473271489        13542.0852722031        25831.0653153872     
   11844.9628673562        15551.2313994374        13704.5867867452     
   22446.8263171561        13501.0064355444        19314.4721002033     
   10496.4381762758        20637.2314550805        15732.1091145260     
   19946.3547049199        11654.9267869467        28742.3401616867     
   18574.6962209184        15356.7202087005        13615.8279540081     
   11584.8415042796        12929.7980010791        23145.9545165912     
   19853.5816536168        18262.5535587217        23166.3675613731     
   15643.3651492651        14243.8004124919        14526.9663636326     
   17318.1863398564        17313.0570605776        14989.3894749594     
   9917.72166634449        16004.3177357291        18804.5325350361     
   12965.9259681730        13428.5869591185        22943.8311780552     
   17538.0763124161        24461.3693382402        16310.8256244573     
   18459.4732805981        16777.2183519216        9495.93136739131     
   17397.2218431781        12074.6653741883        13327.8449405882     
   17197.6557105433        22521.6394572454        13185.6821334472     
   19991.8640494774        20630.5559582800        13989.9531243591     
   16342.1365292721        12435.3057436528        12746.7050320410     
   18586.4861295215        22304.3661604917        14263.7525655125     
   15906.5938148614        14971.0578768413        13258.4286943487     
   9688.40571389282        17676.9088048949        27087.9914857820     
   9463.66894410162        19657.9107997387        11427.6476787303     
   18175.4152808872        20007.9803936460        16175.0706995458     
   12274.9005432508        12420.1855203875        11336.8817367103     
   19574.3407161851        18411.0945131398        37497.4846614135     
   27102.3386002864        22313.6434656220        24656.6239027856     
   15638.6224243667        16563.3943096395        10741.3649787064     
   17974.2434608260        10853.6738936973        19198.3125088843     
   16918.9797372060        14801.8065281179        19761.6560484555     
   16868.1181012272        18683.9573032944        18768.4045679421     
   11310.3284242700        17001.0482056664        23962.6101151531     
   14288.4771783838        19749.7025976145        17698.4815128181     
   12799.8265243977        13599.5332001254        18492.0330534112     
   38563.9881970183        25150.6701359267        16298.8127037117     
   17922.5789811340        18458.2541475521        16922.8601484865     
   25067.1446548016        9952.00606639335        16942.1730000318     
   25609.3466432586        18676.8506496850        15200.2102870551     
   23600.9736247852        17851.8097945631        21785.4466397175     
   10691.1575116791        17221.6964195108        14949.6189762036     
   15790.3301512091        18003.6067262625        18862.8130416239     
   15183.6479186013        22926.6295081260        10849.7191450360     
   23027.6094062751        12048.5283510808        11555.7458534142     
   13405.8248531017        13097.9937589944        17254.3751321332     
   20615.3019277292        17471.2618745065        21549.9458171790     
   10339.1402783934        14485.6793823075        15123.4197726352     
   24774.2107718170        11945.8238256960        17772.2985320040     
   21051.7069557578        17479.7066009712        15046.7928004531     
   20892.6695631635        19869.5344555476        16155.4902334294     
   16555.6929569832        17526.3012712891        17093.9699317312     
   15675.5681026501        21205.8975511206        16586.3050904180     
   20865.8040337236        23938.1977192813        12773.0501998149     
   14804.0812519720        14379.3471927370        16867.7315468468     
   19887.3605594759        21816.8318819132        19948.4956214884     
   16657.7284459404        21047.4251226207        14923.0359288110     
   22236.1987822506        16338.3899252772        14765.4555488814     
   12862.1807194562        18829.6734372401        13027.5813918515     
   15486.7957577150        14737.9507179662        17812.2623079499     
   22842.3160507639        30892.8016499203        10321.5966565124     
   16239.4022689349        23428.3770939234        21323.2614080095     
   12488.0406816291        19533.3510843834        14791.0722103229     
   14372.8055032221        6904.94656022992        13039.2077582168     
   15850.4988272706        16581.1906786154        14602.2255280070     
   17307.7642390610        22090.2299012100        15238.1966886704     
   15467.6613158837        21114.3733678159        22477.6019928288     
   13961.3927026358        14902.7269563623        13285.8443204069     
   22250.4864268503        19510.3808337002        19759.1434449827     
   21190.1231589039        17708.5170592331        20395.4119551695     
   18993.1562052094        21690.7705514647        23479.7144891397     
   16159.4003796622        17930.5033459328        29875.8365449151     
   12614.9494582193        15440.6025092537        14999.7075034216     
   21210.5064687335        17155.6253554097        17232.1631227347     
   21434.7377443349        22147.0682626093        15585.4563295815     
   14705.8667043905        20012.4406364971        12164.3757254003     
   8998.40614482630        35603.1005827383        16741.7148188268     
   16375.9600375597        16239.1197868877        18498.6639477832     
   14368.9994293225        16698.3612583140        16654.1751191357     
   20296.4094313511        18289.4190881615        13738.0980780332     
   17228.9368804057        17709.2604330416        9452.90489135428     
   16620.8868399902        13934.7501853385        20107.6519538921     
   16446.4764770357        10124.8850793023        15789.1556205917     
   26006.0703773885        18457.9121956002        11512.6004375678     
   9355.31477777202        16109.8916840149        12037.2736716199     
   9775.63319658433        14468.2100978073        17303.0066466865     
   17062.4657497262        16338.3453228487        21213.7773134909     
   25965.4970349196        16801.7496876027        14425.0200795324     
   15301.9930289174        26149.4523175755        14556.0025445933     
   12690.5803094979        23144.6907811168        9393.79180610092     
   23144.4380340219        14365.5055724224        10893.9201516905     
   19200.3493531196        24508.5587076049        14697.8233997824     
   10595.0541457139        13545.1925747227        22056.6740074935     
   14025.4417899777        12913.4883797202        19063.4793674953     
   16336.9626475648        22089.3081176874        19554.7751175449     
   13691.7561548101        13916.3293823635        14455.0523813965     
   10737.4399649974        24541.2522877036        18632.9023901254     
   14263.9904451312        14844.0004254894        18809.0968502204     
   19095.8755980705        15913.1801068048        10082.9885314542     
   29036.6418524790        17123.7494865004        14545.6993836072     
   21483.1016443171        17683.5694342192        17780.1634268981     
   23739.4492978359        18239.5684405623        18361.4966126354     
   23670.5385457863        16857.3094460513        13063.1889972795     
   9502.75553895350        18092.5439687136        21076.8181230096     
   20396.7648955010        9934.17996246508        20466.4784912638     
   18570.1021707818        20896.1634200635        13303.3433398594     
   15883.1478049407        21913.6786216869        17265.5108717848     
   17887.0457130868        10816.6687455093        18097.8665251826     
   12619.2907612610        24712.1985287104        15638.8008340808     
   28901.9425183755        21782.0568551507        15191.6912232095     
   25446.4139719076        23963.2196816761        19360.3531316650     
   15507.7886340676        16894.3145942394        17384.9561753375     
   21818.4970392443        14925.1471104272        16136.2665867411     
   17513.6490490682        15797.9571664845        18614.4072497695     
   17971.2848330681        23428.2581541141        14974.2692516941     
   15080.3338266935        23133.4807040843        13365.2069082043     
   18579.8255001972        14479.8661991249        15264.8094710153     
   12929.7385311744        14547.7956977473        19095.9499354513     
   13191.7331962485        15349.4500128532        11446.6929157046     
   18328.7138276798        20954.9940232696        20369.0221849671     
   13095.8082399973        23733.3238976537        13479.3593902403     
   22171.0792366244        20409.0305633416        11275.0181683654     
   14035.8936257255        21101.3048562621        17595.1971558626     
   13229.8980075778        15553.3871834821        14574.2152029020     
   28158.9403967617        9781.17876519588        20216.9279037443     
   15448.3187293861        17294.0712935081        15883.0883350360     
   6999.99433538704        16877.0237194532        14310.2580309734     
   19362.4345783289        18094.0604512829        12619.3650986419     
   14898.4451232253        23023.3127056619        17026.1147704896     
   17363.0266479862        17069.6467407165        18764.3754818999     
   13727.3934951905        25161.4787911026        17910.1051686271     
   15686.9863243489        21194.1671124222        16019.7353085178     
   10942.6260036246        14265.4028553674        20380.6336838562     
   18100.9292252737        24912.8499871056        17614.8965617883     
   15483.7479251001        21587.0996401287        17037.5032572361     
   16494.9593168273        15302.6620653451        22958.7283891779     
   10125.4946458253        15486.5727455724        14951.7747602483     
   27963.8642419304        16853.1316852475        27648.5994097378     
   21285.7656331078        15581.5164483964        18960.5369624917     
   14436.4977711359        17881.6636867131        23518.7564815631     
   14506.8358008979        14506.7465960409        8193.24310534416     
   14303.9244861248        22009.0832162721        17404.6555812632     
   14139.8767540610        25865.7808722450        17946.9021721487     
   15418.8959940450        13568.5642472625        19635.5352481023     
   15489.1002165214        15335.6975973956        11426.2501359703     
   21992.6843900562        17425.1726983783        14157.1378938948     
   15908.5860566682        23102.7198958878        13260.1235866322     
   20960.0043627390        12931.1509414106        12713.5654276573     
   14156.4985924195        18493.3711262665        17537.4221434646     
   16463.5443396793        18554.2683086603        17344.4125678209     
   24728.7608971642        10927.1489609312        17341.4242051107     
   5889.64661255587        19407.2154165540        12914.9751273372     
   11065.0001999828        11779.4567673496        15242.5379917121     
   17220.4624189886        22780.0213256101        20228.4353303002     
   21018.4186766124        21292.3667925275        18028.7773634189     
   9178.07959434513        17853.9507111316        16086.0739871900     
   17602.8390386142        8499.51311445362        23391.4016806877     
   13391.2993288833        14935.1083194614        20361.8709289292     
   27459.3661730415        14364.6729937569        17429.9451582290     
   14925.8310143311        19070.8239007234        22978.2047829610     
   19468.1720688525        19539.7589666128        18614.5410570550     
   17741.1957718556        14225.3201396121        7128.76154649855     
   8343.96957875929        16678.8253946262        21758.3134957066     
   24267.8840033591        18486.6807619899        21456.4888619721     
   23390.4055597843        20166.2744124319        10815.2117328446     
   15253.7926711731        11480.8286409917        19577.5520910379     
   23328.2000394875        15668.8777383734        16177.9401224466     
   15071.3538710866        15678.6010677888        19547.4900542214     
   20862.3399117759        21494.6982757299        11651.0315081900     
   8227.79511996408        19954.8440338132        16025.3700819864     
   14678.6294880464        12406.2844301683        13255.7525486381     
   18961.6817581568        19893.2629475155        17819.1013469883     
   19627.1499915422        22413.5677729630        15108.9537183214     
   9070.21605472915        15397.6503705975        14286.0537797680     
   17959.1083700846        13117.4552853014        26145.9138582470     
   17282.6382043331        19517.3536800241        12839.1361313922     
   26118.6320394743        14910.7256585420        14817.4917154776     
   25643.6459107836        21257.3687536224        7309.69873149186     
   12730.6927602056        23815.1396190192        36629.0605108265     
   13800.5563454248        9882.09919344030        10530.2170821349     
   14468.7304594733        21227.4256566153        14186.5308942836     
   8607.86728078322        12492.9915511938        13667.7005783665     
   11591.7846156511        13396.9043673995        20058.6487524346     
   14429.5249248120        19349.1430546326        15485.2792751456     
   22019.6688593054        19281.5257730098        24425.0480939560     
   10824.6377127366        15336.3517663471        14674.4963296711     
   18467.2489706352        18501.3846959224        19157.1593348447     
   17240.5929817233        19251.4637361933        26071.6954172045     
   16975.6694238436        18351.9070905055        22196.9486451608     
   18577.3277642006        22480.9174400148        18458.7150393134     
   20906.5111834781        14140.2930433938        18758.7258409552     
   20865.3580094385        10274.9127813374        14732.1375347836     
   18633.3930168390        19694.4550561654        17960.7883948918     
   17017.8930561674        18125.7579104782        27764.1345670577     
   20340.2238836251        16426.8662759670        12731.3171942047     
   30673.0157496938        14852.7127665252        22979.7510004827     
   29200.6598495905        10332.1674320695        23820.4621754882     
   22194.5847164497        12388.4731937162        10157.2069724967     
   19061.5019931646        21452.5787157393        12547.0050921207     
   15468.5830994063        20765.5229069545        20240.2252389033     
   19503.8094092329        15464.3904711263        18052.2382408157     
   11935.6544719954        22205.2446968639        27834.9483560571     
   17018.2498755955        20627.1215712846        14556.6418460686     
   17747.8712686561        23122.9396634795        12685.1239457434     
   25206.6907861366        16650.9340093306        18553.0640430905     
   9809.81352430000        18268.1585972379        22110.5388736587     
   20497.7299261739        19215.9899380508        15566.3070202741     
   11240.3323464599        24791.4124417461        13689.9869251459     
   18883.3301587390        14802.3863596885        12619.1866889278     
   17392.8062027555        23919.5985065922        16028.9531437434     
   15763.2267421505        15255.3537561710        13191.4358467251     
   18662.1318482763        13443.6031100506        26077.0625761020     
   10483.0277127702        16588.0891875584        21794.9469569904     
   25739.2883849875        17791.3140340259        20870.2345416224     
   14065.6285780662        23674.9244512566        16832.0198690856     
   22078.5589324162        18074.4502502142        7855.32023946799     
   17897.6313561201        18569.6710139728        13623.3954993788     
   16650.0716957127        15503.4621985020        20435.3013937346     
   17946.4115454351        25516.6627968125        18341.4255198054     
   15524.7078219494        18105.5827453150        17486.1293506768     
   13470.9890011564        15305.2490061987        9724.14712660637     
   20576.2599353058        16970.3022649461        25340.9589634312     
   16436.9315573344        17365.2419019356        17038.8264626153     
   20657.0349333394        26324.5317169577        12298.7777099804     
   20562.6561946099        17313.9045067193        22353.0125425211     
   13818.9771483999        17986.7172733329        23752.9787011510     
   14978.8484343546        18416.3427322279        22484.5599716765     
   16602.3916996343        12995.9434025610        19946.9494039667     
   9167.62775859737        13251.1138960729        22900.6708947326     
   19561.4506143454        8443.35865695816        13863.2227574829     
   14844.0152929656        18717.4239921539        19134.6797108751     
   20071.4199144650        17082.9531318889        19826.2403649395     
   16162.0616578967        16998.9816264787        10877.4321206176     
   22646.1397026960        21917.4995630627        11107.6103866871     
   11724.9674671852        16177.7468452564     
 ------
  0.000000000000000E+000  0.000000000000000E+000  0.000000000000000E+000
  0.000000000000000E+000
  0.000000000000000E+000  0.000000000000000E+000  0.000000000000000E+000
  0.000000000000000E+000
