           3           6           6           6
   4.50000000000000        7.91500000000000       -5.20000000000000     
   4650000000.00000        641517923.000000     
      984064         651      892259
   55842672.2222498     
   60878600.8888889        56147741.1111111        61409332.6666671     
   59231404.2222220        60361933.5555543        56165291.3333333     
   62767437.3333339        62303056.8888884        63509234.4444450     
   61092285.5555555        59624114.0000001        60971921.3333315     
   62386578.4444439        61671958.4444457        59973294.0000011     
   58437091.9999986        60621828.2222208        62278151.1111111     
   66755340.6666700        59988440.0000001        64473437.3333350     
   64134778.0000014        57848026.2222220        66928959.3333331     
   64266627.3333382        62930948.8888896        60980436.6666650     
   61553078.8888912        59996422.2222210        60892785.5555552     
   60090877.3333346        59488830.4444382        63114126.6666680     
   63910843.7777766        61687121.1111069        62717602.0000058     
   63220038.0000036        62457530.0000072        61301307.3333313     
   59394558.6666678        58245558.2222181        62196339.5555592     
   58961494.8888862        62779244.2222196        61738559.5555580     
   60761574.4444425        60349744.2222215        63597412.8888899     
   60815827.7777767        59527899.3333305        61713082.6666706     
   59593606.4444483        65859537.7777786        62080029.1111093     
   61064427.7777742        58537883.1111070        58941995.7777766     
   64539001.1111122        62148518.2222186        62238732.6666667     
   62912666.6666597        60199018.2222220        61239486.2222305     
   57197059.3333433        60882551.9999878        62727018.0000032     
   57372808.8889003        59580877.9999966        62732184.6666601     
   60839721.5555544        60582913.3333283        61216116.8889121     
   62458009.5555619        65964630.0000012        61639225.9999917     
   58846304.2222122        63862885.5555594        59734902.0000062     
   58691456.6666704        58521828.2222275        61177070.6666669     
   59313160.2222109        64804755.3333309        64471571.9999894     
   62089709.7777662        60104105.3333319        61382891.7777810     
   60166829.1111172        62632271.1111191        62116284.6666635     
   62809139.1111060        63379391.3333413        59763610.0000020     
   61241188.8888904        58761141.9999972        58400348.8889022     
   61363637.5555599        59738477.3333307        63640754.6666765     
   60524136.8888900        61033687.7777757        60981783.7777805     
   60306260.2222131        62608999.3333353        60150782.2222123     
   60977555.9999908        59197310.4444425        64682122.2222236     
   61887609.9999912        61757291.3333293        59498235.5555586     
   59850858.6666613        56811727.7777736        62858446.8888884     
   64436354.6666705        59193792.2222238        61561796.2222238     
   62280843.3333421        62992471.3333402        62039595.3333419     
   61326171.9999846        59473641.1110988        60604025.3333327     
   61913909.5555654        58708986.2222260        64027771.9999777     
   60469046.6666631        57209784.4444549        60564417.3333465     
   60792958.0000110        58683935.1111132        59948801.7777758     
   61231467.3333393        61260812.0000338        62044305.5555531     
   63325982.2222581        63969448.2222305        60263425.9999893     
   60420662.6666547        61468049.3333407        61374139.5555230     
   61927975.5555502        60621189.1111007        60861388.2222362     
   64030504.6666703        55971727.7777448        59206430.0000118     
   62692310.6666586        59115686.2222392        65075404.8888737     
   59522795.7777747        63260881.1111321        58695794.8888867     
   61340084.6666658        62877302.8889036        62849818.0000212     
   61571763.9999815        58427394.6666541        62181936.6666594     
   61810112.8888582        63504403.1111060        58496739.3333460     
   60335827.1110889        59209809.1111072        62545406.6666718     
   61005788.8888852        59452398.6666591        59746691.1110982     
   63744503.3333549        60859049.5555628        63061576.4444224     
   60187112.4444402        65608250.4444363        62713162.4444609     
   66155562.8889000        60588247.1111062        61087680.0000097     
   60579157.9999996        62980810.4444728        60360519.5555854     
   60470341.7777496        61575924.4444545        60544991.1110962     
   59292840.0000169        58323751.7777752        60894891.1111179     
   62693135.9999803        59811177.9999938        61263246.8889006     
   57507936.2222237        61707743.7777812        61527951.5555665     
   59938395.7777902        59187499.1110950        59400037.3333498     
   57971256.2222340        57646554.8888730        62625634.4444565     
   59856945.1111280        64717013.3333235        60280162.0000400     
   60888369.3333705        60790956.2222114        59198484.4444249     
   62190690.2222131        61405695.7777798        62115744.2222210     
   57399803.1111057        61907719.5555672        62971351.9999873     
   61572917.1111047        62008915.9999806        59463303.1111386     
   61989119.7777769        57792048.8889002        59082981.5555637     
   58367117.9999977        59917955.1111220        61130122.2222113     
   61999216.4444259        61642495.7777899        59886538.0000122     
   63587859.5555283        61331635.3332895        61761651.3333638     
   64462210.6666482        61101611.3333474        63936476.4444326     
   63376829.1111165        62312825.1111031        57949832.6666578     
   65284876.8888664        65649215.7777801        58852756.6666507     
   58614036.2222048        59268499.1111054        62562489.1110952     
   59677738.8888945        61835813.5555582        59967009.9999879     
   60572017.7777656        66954464.4444402        61166283.1111259     
   61319644.4444255        60302591.5555251        62757175.5555551     
   63584134.6666797        59646659.5555788        64126034.4444593     
   64911249.1111153        59735296.4444244        61405019.7777917     
   62350731.1111640        60290264.2222432        62738720.0000286     
   63175453.1110794        61087101.9999840        59704397.3333532     
   60999585.1111271        60626591.5555899        62737610.4444424     
   61044023.1111107        60565169.9999983        59616316.2222083     
   63197681.1111425        59637371.7777701        61521829.7778138     
   59487431.3333282        63352188.4444107        60176291.1110970     
   62956335.7777981        64823241.1110852        57355280.8888698     
   62113112.2222164        59825397.7777659        63602483.9999850     
   62114085.9999946        59307041.7777511        57688358.8888973     
   60214026.2222265        59561386.0000334        63317491.5555096     
   61643741.9999638        63330224.4444616        58426925.3333706     
   59145073.9999988        58166766.0000277        61530024.2222468     
   63622420.8889102        59533579.7777768        64549973.7778142     
   57834060.2222150        58416437.1111567        60938170.8888994     
   59916984.2221480        62245599.5555227        64912366.6666519     
   60379107.5555760        60820123.7777878        65944657.7777670     
   59406057.7777580        61041914.8888926        59105004.4444408     
   60100899.9999677        63585712.2222458        61665603.5555247     
   59765583.1111260        58310718.8889057        58399190.4444215     
   61039494.6666892        60147415.7778090        62111810.8888415     
   62215953.9999947        62398233.7777644        61145505.9999546     
   62487190.8889246        66889786.6666982        63707537.3333303     
   60692958.0000596        59444066.2222082        60212742.8888575     
   61145581.7777814        61092686.8888623        57868828.4444602     
   63745655.3332888        58347360.6666489        63345180.8889179     
   59248411.9999793        62602155.3333325        57391741.1111052     
   59886999.3333368        62711737.7777778        60569633.1110878     
   60596756.6666372        60441337.7777403        63523660.8888653     
   64676824.6666601        62860145.9999488        60771502.8889149     
   63433354.6666353        62019866.4444884        64083679.7777910     
   62879742.2222146        59306697.7777423        61864746.2221802     
   62384029.5555489        60222520.8889174        61751293.7777883     
   61368145.7777569        58840598.4444341        62426983.7777570     
   65245585.9999459        61452324.0000118        65200995.1110904     
   65073974.0000013        57871814.6666910        62197039.5555562     
   64840336.8889013        60202873.7777367        63777574.0000406     
   59999551.3333321        59662051.1110972        60027219.9999756     
   63966446.4444277        59256589.7777799        65368710.6667281     
   60651865.1111566        62170682.8889180        59891722.8888763     
   61647901.7778116        63328181.9999778        60729940.8888855     
   59465653.7777596        62436365.1110952        60995570.6666756     
   63421572.0000001        64803917.9999216        58920754.2221507     
   61110749.1110900        61146447.9999514        66707929.3332939     
   62073517.5555809        62107032.6666448        62854826.6666767     
   63451308.4444473        58805994.8889050        61890639.5555629     
   64434341.7777866        64258409.1111321        63115356.2222914     
   62992563.7777831        59106087.5554934        57901360.0000184     
   65281230.8888971        59803669.5555616        62843197.5555634     
   59622277.5555350        63677119.3333735        65392695.7777751     
   61462692.4443901        58948069.7778129        64165751.5555588     
   63965061.1110927        63212763.7777686        60741153.9999702     
   62805955.1110901        62444566.0000285        58478147.9999912     
   60658513.1110962        59088573.5555416        58317892.4444178     
   60944418.8888828        61019292.4444225        62315215.1111660     
   60425845.3333146        57715359.7777450        59847357.7777880     
   59329671.1110910        60748118.4444623        56872866.4444390     
   59141302.6666474        63449102.4444619        62840145.1111121     
   62109881.1110745        60340564.6666411        59888347.3333044     
   66321737.1111388        59599087.7777388        61138546.6666569     
   64022146.6666325        56079316.0000216        59652222.2222053     
   62620057.5555700        58917138.6666731        59949558.2222054     
   63840400.8889049        64821378.2221921        62222226.2222140     
   59321058.6666848        58696473.1111290        61752949.5555662     
   61478411.3333241        60877699.1110797        54576647.3333760     
   67206510.8888915        66355013.3333770        59011255.1110987     
   60337159.9999905        63854792.8888866        61107947.5555526     
   63917494.6666691        63039362.2221691        60091235.9999993     
   62368438.0000014        61289577.9999702        59041840.2222195     
   59533820.8889081        61947503.3332972        64894177.7778050     
   64489962.0000446        64907171.9999919        58594308.4444334     
   58871494.4444386        60662447.1111129        62323649.1110768     
   60794076.8889221        62001387.3333293        59517104.6666258     
   59867092.6666165        60471646.8889249        62974041.5555257     
   65015107.5555578        61772352.0000015        61124515.7778325     
   63056533.5555597        59452090.6666525        64500015.5555776     
   58879301.1111141        63883869.1111085        57776874.2222196     
   60881917.1110778        63781825.9999960        63172994.2222404     
   59193659.7777551        58335351.5555104        58019919.3333833     
   60849704.6667045        61353542.6666800        58895848.8888724     
   62293937.1111410        65889303.5555310        58782387.1111323     
   61855019.1111561        61588606.4443976        59871819.3333483     
   61450156.2222200        60829973.7777646        64093764.2222640     
   63793802.0000278        65175269.3333077        63107247.7777408     
   63771747.1110925        64047887.5556329        63979421.3334045     
   61953429.3333068        65054076.4444567        57238095.7777743     
   63140461.5556088        59896169.9999725        62883474.2222091     
   62614415.5556047        62310005.7778234        63496840.2222963     
   63016000.8890007        60231763.1111633        59655307.3332924     
   63021349.5555603        62517419.9998990        62583851.7778482     
   63735793.7778232        62817394.8888309        59101225.1111070     
   61633660.8888239        59328421.5555318        59997086.6667559     
   60090714.6666828        59477587.9999607        60517773.9999643     
   58611714.4443150        57775015.1110826        62951958.2222347     
   57999401.9999846        61595932.8887637        58191321.1110797     
   61059200.8888684        61631297.5556696        63667895.1111211     
   64939182.4444013        60484971.3334106        60288551.1110802     
   63259530.6667331        65004741.9999594        59791596.8888895     
   58959330.6665195        60940737.3333770        59611563.1113048     
   57824789.9998729        60101268.2222733        62064070.8890038     
   63519814.2222800        60471177.1111314        59072309.5555549     
   64194798.2222346        64542771.5556178        62693891.7778437     
   59621275.7778535        63348474.2223263        59967263.1110394     
   58625383.3332851        60959272.4444440        62375245.7778092     
   58773911.1111744        57937819.3333248        59030846.6666344     
   64002489.7778434        63108078.6664995        61557022.6666786     
   61985185.3334273        60853632.4443850        62997200.2222584     
   59328112.4444659        62349578.2222203        60365231.1110947     
   58838646.2221814        61740803.7777919        61117608.4444296     
   61233948.8889416        62957563.5556200        59020146.0000964     
   64710727.3332405        62960948.0001132        61164143.1112647     
   61621579.7777811        62820096.0000249        60660893.5557310     
   61836830.2222565        62907335.3332670        61249241.5555629     
   58903849.5555906        64104328.4445564        60298514.8888929     
   60529963.5555165        61254658.2221809        60182877.5555853     
   60977820.4443673        64102954.4444874        61400121.5554856     
   61695089.5556063        63602400.6666669        60706449.7778616     
   59263356.8888268        59223350.2222109        61307994.8888826     
   59739529.7777488        60181073.1111082        61152476.2221622     
   60150524.6666823        62925613.7778900        58972858.2222441     
   63634607.5554425        62497894.8889456        59253524.4444419     
   62881638.8888575        63280209.7777130        61991196.0000616     
   61328333.3332862        60715805.7777419        55635107.7777752     
   63021398.8888695        59958509.5555633        58818445.5556959     
   64734851.9999973        62426281.3333488        61303795.5557139     
   63716881.9999702        60391385.3333887        63452636.8889340     
   61865163.5555009        62637793.1111120        61481947.9998769     
   62710296.8889680        58639448.2222949        57440408.2222427     
   59326391.5555239        58518625.9999708        62733672.6667483     
   56718087.1110636        61194093.9999923        66582336.8888473     
   66457673.7778288        59216035.9999616        62333474.0000171     
   64543953.3333882        60954902.4443324        58688396.6666788     
   64462424.8889769        61313437.5555523        59433216.8888996     
   63916281.3332826        58505199.5556062        61486992.8890022     
   43753037.2026017     
   48075684.4475100        45172433.2417540        47485005.6187369     
   46655975.4153658        46604117.6143657        46924986.4061751     
   47784492.2120514        47522797.7474701        48163657.8214110     
   47359236.5079345        46893776.4699947        48210264.0662909     
   46703945.0125437        47446490.6670923        47402103.4306816     
   45055964.5237437        46605645.8723826        46988333.4729888     
   48820224.5810459        47319836.6826198        47884720.3902478     
   47451292.2362281        46425522.8213048        48627551.8729951     
   47807391.7224007        49038274.4587360        47433062.3741337     
   47735853.2244202        47683775.5799591        47189284.3531643     
   47374903.0677328        46878887.7295465        47959783.7155816     
   48124905.4714806        48380994.7102177        48317462.1670432     
   48068407.0101702        47987849.8408832        47190144.9168580     
   46621797.1898874        46459071.4274618        47469642.0740641     
   47632963.1302650        47877020.5328491        47723052.8619055     
   47570021.7301255        48162741.4759736        47228379.2703283     
   46583419.0078755        47408282.4126617        47886455.8577591     
   46907001.8411858        48059391.7389050        46860025.3238811     
   47404364.5320421        46493393.5421618        46456373.1749824     
   48676666.5080352        46326142.0486410        47959565.5937248     
   48410429.8851137        47637284.1423786        47367742.4228273     
   46419087.7531566        47169389.2168993        47447984.7882831     
   46386882.3033613        47213286.8582555        47511031.8636224     
   47266908.7023833        46819891.2883220        48159515.3263650     
   47746962.4517076        48376216.4283249        48064325.9300042     
   46903926.5159389        47851119.2921224        47228379.8662951     
   47087072.2280614        46182314.5487162        46678526.1720865     
   46812504.6060320        49123314.6803319        48411271.5084151     
   47787374.3135957        47584160.1514604        47249033.3491133     
   47356057.5335435        47689535.9923373        47558056.4011860     
   48362685.3045940        48534323.3361648        46272219.4082779     
   46736263.5362934        46305487.6231514        46559526.7799216     
   47504159.4173163        47605643.6289596        47794162.1396630     
   46700522.1039883        48108495.2742085        47398414.2888872     
   46906654.0961665        47928721.8342512        46215667.5137005     
   48763620.8125474        47520968.8093511        48252225.0789494     
   48290165.1322038        48166064.9286355        46895601.1094568     
   46912791.2867216        45271514.8390779        47836923.5178805     
   48900572.4456903        46355060.4202880        48194019.7388888     
   46764609.6809519        47617094.0002088        47516781.9158016     
   48097850.5193657        46549430.9249026        47237631.5925879     
   48092480.3879614        46777161.8521682        47617650.1780153     
   47049890.6438106        45812945.7879310        47106192.8108560     
   46999675.6732152        47835170.2946425        47618334.2407149     
   46790680.1649800        47666239.9522287        47214896.7625213     
   48524997.3876533        48195716.1816510        46528755.8408405     
   46744309.8478280        47915263.6880402        46842755.7239536     
   48278747.4989089        48228651.2688369        47599171.8713014     
   48726110.4183950        44775615.6643521        47079439.9296961     
   46867121.6511466        47224062.3439534        47554742.7204884     
   46334151.9534892        47441840.4304796        47356475.7566281     
   47482899.5850827        48241726.7317987        48781813.9570890     
   48042071.2173485        47888900.3773068        47954042.7592228     
   48540150.1077245        49226938.7725205        45794171.5011328     
   46584735.1240503        47220170.0144620        47438629.0372744     
   46712093.8952191        46284058.1182409        47063005.5890921     
   47787455.0111313        47023900.4968305        48393086.0142910     
   47392884.8102331        49387915.5419133        47761223.7258308     
   47773135.8127670        47500691.6914151        47470520.7689458     
   47850909.3815057        47446012.6668451        47111187.0769728     
   46917968.4023664        47831369.4972187        47471614.4839582     
   46365060.2380988        46415562.0463187        47605563.9580503     
   48171278.7173629        47597130.5714253        47721250.1436426     
   46685441.0673797        46355015.6842160        47238716.2413223     
   47488106.6190527        46058949.3646436        46270470.5523872     
   46644496.8089074        46427341.1030568        47668335.6324001     
   47162981.0594344        48233378.1263148        47690186.1189066     
   48329547.2991450        48020107.3436819        46333535.4517030     
   48686403.4977340        47360552.2719393        47436107.5261046     
   46616516.0661488        47731763.2948089        47986685.1947504     
   48190161.9782399        47670861.2209442        47701796.9209192     
   47328667.9033066        45892654.4094992        47974320.9220684     
   46279658.1376516        47395491.6053724        47292148.9441992     
   47190240.2491232        47643217.2794552        47335517.9320387     
   47523352.0956399        47207248.3062357        47899203.1393084     
   47534356.6893972        47227218.2395529        47692887.1817917     
   47433523.0545826        47874453.0750765        46783580.5189800     
   48533273.3479704        48585109.9406251        46164665.0247131     
   47516513.5781062        46152932.8901075        48937289.1818173     
   46898833.1381922        47162504.5287138        46457780.0975698     
   48612633.1496936        49187703.1893292        48188453.8758971     
   47953691.2502295        46815161.0347032        47123472.1091797     
   48593268.6000054        45518979.6268565        48689720.7481156     
   47565700.3469642        47474065.8856706        48160369.4215136     
   47671676.5364480        46212045.2047902        47739749.6751172     
   47683504.0762464        47734124.2512019        46850647.3030256     
   47981616.2574136        46767698.0669786        48411389.5941477     
   47227594.3977207        47527428.6769526        47094397.7602585     
   47696312.6029469        46805798.7733069        47297166.9776337     
   46831787.6179661        47161485.6521718        47775237.8484108     
   47463892.5943998        48062539.8133822        46529023.1474788     
   47962547.1719223        47304862.1489354        47687518.0817850     
   46934988.1856712        46445397.0763136        45907258.1478835     
   47971247.1632357        47540812.1503828        47901871.3762235     
   47410267.3715837        47560404.9179673        46974821.1299105     
   46861928.3580498        46479509.4145410        47696283.5910818     
   48238382.3788979        47441161.3251886        47279463.1925520     
   47649915.6244711        46693976.8550236        46879708.1530094     
   47114946.7971178        47443953.4645304        48329785.1042549     
   47915938.8151068        47587887.1476676        48705517.3702917     
   47229442.7021645        47016836.1597391        47186156.8810067     
   46510195.4036158        47674281.9464025        48625755.7375516     
   48841202.2060443        46032783.9135537        47062499.4313329     
   47589434.7940346        46424545.1845264        47484273.7488387     
   48102670.6568513        47608759.5501105        46799376.7628584     
   47054287.9853731        48738912.4914514        47686437.7782833     
   47464508.1145762        47123012.6872512        47655391.4803895     
   47750365.7407740        48149705.4822901        46253813.1686999     
   47241218.6289563        47221776.2161376        49339064.6969231     
   47005688.2744276        47317119.9357897        46141761.4072040     
   46119605.0783136        48045361.6685194        47260194.4220902     
   46856745.7300882        46888089.8210896        48461108.1246614     
   48301373.1345643        47899222.7698409        47550203.6066742     
   48395725.7107593        47720889.2587783        46992894.5949559     
   47752353.4835356        46738036.1947859        48023013.6555563     
   47558379.4545399        46968685.0422642        47208920.9572473     
   47588194.7967476        45882199.8759495        47275744.3782497     
   47426516.0517811        46925353.0668453        48515509.8980511     
   48776534.6979469        46676695.2469774        47740732.5474760     
   49001931.1017981        47843942.7258809        47788986.6248783     
   46571789.5962860        47089982.3976264        47493382.0132432     
   48313214.5217062        46919066.0574859        48452758.2371443     
   47395703.3852849        48462127.2667711        46765899.6514219     
   47482921.4810782        47464318.7410452        47796105.8829286     
   47294783.3041648        47532435.1204989        46752857.4498055     
   48427052.3983907        49548107.3439994        46541430.7523719     
   47537509.0554740        47413997.1838742        49183018.1100032     
   47572812.1668544        47769677.4040280        47481150.3464295     
   48397379.9948338        47189008.9500390        46955807.1810774     
   48013708.8778008        48267798.1203543        47646756.7887388     
   47701242.9738298        47578614.5972947        46391511.1144091     
   47909106.6859742        46824578.2060999        46902997.4434353     
   47946050.7013637        48515939.2883740        48348520.1867374     
   47837794.5064554        47151225.8431209        48865730.6966366     
   48997488.4271400        48112249.5331990        46595924.9766963     
   48650309.5946687        47681068.6280506        46216647.1001402     
   47193626.8036335        47295029.1373958        45931836.8791292     
   47336831.0533421        47673082.7623621        48140500.9617316     
   47295043.4156404        46882616.6857913        46832612.7666115     
   47067720.9080510        47427025.4849268        45738682.2162205     
   46430869.5436290        48214746.7569505        47600915.8830009     
   48356051.5282903        46656639.2040506        47267996.5227718     
   48140869.7569827        48057524.7549137        47396907.7901554     
   47716264.4612919        45176739.2229569        46486814.0726203     
   47103364.5206795        46669460.7622141        46657204.7193407     
   48112701.5531091        48197651.9920030        47982416.1071260     
   47403254.9792821        47109673.8198668        47170959.7689843     
   48267406.3357070        46755060.7745212        45436781.5736149     
   48515765.7123946        48719695.1855180        46582252.9569617     
   47052226.8329271        48691404.8749302        47692112.9153449     
   47588474.4335786        47461136.8703380        46451539.9973545     
   47729829.7552810        46684333.8630147        46499833.0408704     
   46387854.2896581        47095996.8682546        48379839.3461714     
   48597185.0515415        48119078.2318016        46596730.6294734     
   46269153.0549379        47284946.9029500        47800053.1390901     
   47427854.5088105        48425265.6597880        46099106.4831934     
   46716372.8605104        47465474.2526395        48211085.8911355     
   47976583.6003354        47399029.4899095        46934503.3800574     
   48578462.2715960        47666438.7495019        47399163.8824445     
   46988455.6865384        48357319.5173760        46556919.2254256     
   46983711.4874403        48746128.5245536        47778773.0959626     
   46640117.1539340        46305885.9292492        47089082.1011898     
   47525328.0056377        47752817.9962593        45650705.1100865     
   47204107.6553327        48496367.6245452        47296875.9797911     
   47656635.6798578        47861181.2428951        46830395.3438402     
   47960167.5255263        47225783.2118985        48059436.7850071     
   48152621.1439880        48305780.2160405        47913049.3030514     
   47349298.9255606        48289548.0473022        48088336.7342098     
   47559881.5374257        48235784.4510620        46838276.1023346     
   47130942.2360269        46814206.8122978        47031388.4480890     
   48037659.0080828        47419879.2332225        47516812.6126362     
   48328041.3144606        47063211.9604693        46558695.8085042     
   48457368.6819220        47470486.0149456        47879831.7947797     
   48433347.9458927        47349127.2389424        47010209.7320505     
   47728456.8640840        46706056.3920181        46923241.4565330     
   47531049.3164512        46342051.4592922        47044221.6208513     
   47456263.4523267        46354239.0049936        48096013.5817758     
   46740320.1090647        48388752.3964714        47557784.7945482     
   48483343.8120893        48055181.5679957        48840886.4454134     
   48954063.4897965        48064682.3357059        47482357.3782580     
   47599122.1115292        47487778.0362206        47309962.0594069     
   46414528.2692994        47469999.4684720        47375096.5972160     
   45835911.8073556        46675185.7280433        47465035.1108079     
   48271214.5182010        46729860.5942286        47396612.9987760     
   47760555.1873603        48141432.2628561        47234496.7965498     
   47353721.4191078        48469577.5880866        47281479.3410398     
   47126042.9121316        48227201.8014145        48186719.5950566     
   46753292.4327986        46828546.0909124        46467329.7894734     
   48224117.9702021        47349294.5740115        47745637.6686167     
   47706348.2630886        47525267.4100883        46770753.7664441     
   46743183.6010806        47297939.6354816        47745206.8396848     
   46335598.0650334        48512960.8601087        47488257.2649969     
   46946676.1740627        47839008.6153436        47186715.6498273     
   48319853.7500450        48462410.9415744        47212876.6819510     
   47240850.1354536        47072524.7925122        47476096.1356970     
   48465877.0917667        48333381.3491505        47184367.4716530     
   45975839.6629791        48449107.1632373        46839215.2689498     
   47556485.0470420        46804121.8434845        46825386.3521275     
   47539624.3306485        48662362.6003443        46450498.6460425     
   47720524.3119913        48372421.1785661        47312488.1569457     
   46720191.0588682        47484653.8600728        46628128.7677563     
   46726402.8293710        48210600.5797625        47075395.9534893     
   48111832.8370135        48877337.9426957        46618171.1674816     
   47775881.8258530        47426394.5005192        46961999.2319746     
   47439727.8869475        46964520.7085988        48124001.1276329     
   47771760.5197297        47422318.0381086        46386300.9949541     
   47383522.5909712        46625666.8004815        46840722.9733398     
   47971396.0002099        47498185.9986604        46966092.4850191     
   47949755.9463397        47434776.3468950        49523089.1404281     
   47223624.9077929        47415961.8739265        47486745.0590821     
   48960000.8945971        45668466.8285004        46280373.8596633     
   47671499.2534501        47088618.3012954        47134361.7189071     
   46859865.0623971        47327481.4420798        48102787.1980115     
   48400568.7063375        47263716.0760782        46895661.2344154     
   48305336.9536147        47999142.1437949        46717938.2887946     
   47149960.5836641        48048256.2635507        46941006.4348692     
   47221184.6094554        46920943.9432565        47367935.3465566     
   123774.578172298     
   134864.773111146        124968.649759927        135093.289639832     
   130824.935560781        132357.267131176        128950.430995338     
   137285.051207966        135500.370605378        135945.618802023     
   133333.243877171        131295.556699859        135058.907244253     
   134907.243264600        134334.684451099        133756.903383507     
   127418.174097001        132444.946129038        134276.502066013     
   141511.604796344        132373.171355118        138905.249852247     
   136360.450793715        130665.521039750        140305.046536272     
   136800.533853072        138554.843097032        132498.616505074     
   135490.642704373        133764.345803924        134243.402783978     
   132468.965487816        131462.685860560        136535.918115637     
   138389.204343523        136379.367201044        136936.565659855     
   137798.169955896        136476.123945980        135097.692747429     
   130358.319154138        129875.859613758        134911.918240048     
   131730.758103681        135145.868021032        134299.748540948     
   134954.344538246        133971.629491365        135744.939092069     
   131549.870951889        132847.404173220        135350.216303263     
   131332.813496805        139284.146141914        133655.597078383     
   133932.937606395        130698.085534350        131191.536717900     
   138680.070173277        133846.379490313        136627.382285863     
   137196.144319584        134280.404654926        133580.770200432     
   129260.930806222        133984.461012558        135207.916428842     
   128970.818824601        132586.619074132        136239.351678014     
   133558.501578846        132657.254156432        135692.295717111     
   134516.262478931        139275.109689101        135734.271167547     
   130890.068441994        135285.444843611        133142.400870303     
   131104.290220316        130030.446472635        133599.093426699     
   132207.482620611        140989.843913897        138718.446717400     
   136190.368130416        133623.842784403        134273.946746925     
   132112.513120456        135681.397938615        136292.012256966     
   136675.385821505        137012.553533824        130648.317855606     
   133469.349898777        129818.055620181        130297.778612190     
   133722.747173829        132448.849284193        136677.457348834     
   132354.383724080        134050.711753584        132995.277362687     
   132320.583586276        135083.756121263        131055.567767300     
   136146.606670666        132219.924731003        138363.105089127     
   136199.360077749        136128.324200071        132002.345420482     
   131834.388206582        127336.491985602        136076.445833901     
   138830.812021152        130317.514632577        135413.751492491     
   134696.051758743        135679.425884999        134956.098608494     
   135473.629643255        130785.913500399        133717.855174702     
   136686.378568392        130954.204657955        136127.601096622     
   132798.215107110        127635.539909073        133444.823505562     
   132688.643730669        132135.457238657        131969.291156641     
   133922.990436997        133088.338973245        133724.351243415     
   138085.319224755        136454.991148785        132751.282458377     
   132216.153931819        134641.831915815        132430.165554004     
   136665.739284598        134918.794526777        133502.324877121     
   137693.918516283        126207.016091218        131170.109909729     
   135095.973793826        131288.941819208        138452.683339802     
   131736.073559819        136088.081838186        132210.750863573     
   133804.344381833        136331.451980568        138241.686069767     
   136502.737092900        132353.148531058        136699.131919797     
   135996.728887834        138080.507537525        128512.912289678     
   131726.971522012        132733.787720738        135492.519666519     
   134322.866580758        130281.748196404        132755.237050065     
   136506.040992130        133715.792310694        137582.686810994     
   132802.745187506        141134.541844169        136335.113931091     
   138748.709121406        134826.348892685        134725.906026401     
   135029.423284846        134713.277205857        133918.568539332     
   132314.633955605        134457.399883271        133286.707835900     
   130831.275353331        130310.243969391        133785.714849972     
   137158.357223243        132920.628153279        135615.975239602     
   129950.313306415        133033.756237939        134111.303474034     
   131691.471808930        131232.490535568        129934.895210782     
   131070.172735625        129216.599081403        136650.544322845     
   131910.617917977        136858.387032189        134082.728826397     
   135074.315124052        133490.256224151        131040.908126110     
   136004.392604374        133958.155270222        135204.344557627     
   129504.210750591        134666.278018232        137646.965085064     
   135596.417735753        135182.116221477        131994.504941430     
   135301.071201820        129234.680401359        132925.348097530     
   129172.898563151        132982.872828684        134101.004196587     
   135457.253277730        134648.017978012        132616.317772585     
   137561.667321624        134140.556514278        134261.473521851     
   138254.886160077        134522.128950337        137950.362993345     
   136454.615377805        136113.284537079        130404.091461252     
   140155.829767665        140654.140565587        130026.447530191     
   132901.155272127        130244.642133572        136709.812763959     
   132970.244122836        135929.232095945        131582.707268388     
   135376.055986994        141694.507104693        135396.682109808     
   135491.749240324        132577.973402763        135337.215185988     
   137418.676679768        129063.973150648        137634.073409852     
   138539.974350801        133113.615856821        135124.347078650     
   135064.873034913        132327.554954836        137132.170107370     
   136753.871281497        135899.817169057        131126.381400868     
   133500.164305559        132713.512985868        136769.619865638     
   133404.298579887        133733.112982756        132208.853485016     
   136298.381822348        131100.950863043        134592.785091277     
   131687.582071365        135707.135627310        135435.743181940     
   134785.580240081        139117.710130535        130620.305596090     
   135174.037224142        132289.659398804        136942.854369046     
   133498.694700033        132737.697404709        129302.934932779     
   133419.645482841        133545.543146352        135566.969155402     
   134032.793240266        135458.864983928        130805.625077097     
   131470.888046759        129660.081140095        134546.277341130     
   137380.275758606        133102.622638912        137469.628728059     
   132491.030170391        130564.890598653        133187.034690619     
   133118.012082122        135755.856895849        138309.295725691     
   134690.328778769        135672.927578873        139329.003395771     
   131910.677228482        133725.229894233        130489.285338253     
   131090.024008907        136426.012020900        137391.712870512     
   135536.646612511        129943.981021478        131027.913426042     
   134343.504297076        133644.268200284        134970.453225773     
   135803.123864531        136206.699972174        133788.239112306     
   134024.517700683        140875.083024055        136612.561147522     
   133540.068813858        132470.921938858        133377.436889523     
   134384.752658260        134502.571495715        129414.971583764     
   136863.305185307        132037.820646757        139297.201826514     
   131717.812622229        135868.620038423        130115.101010302     
   131138.913501807        135164.432143617        133917.666657110     
   133928.963690706        132544.741881327        137600.147463594     
   138890.697606973        137859.742733339        133710.908129486     
   137373.920313232        134659.787567314        136438.704475866     
   135552.474511817        130732.073800770        135742.981946350     
   134727.050598656        131417.955654145        134428.285334577     
   134417.043463231        129373.560706208        134285.604794353     
   136944.443241276        133058.624659186        140446.066048955     
   139614.716663442        129386.988820206        135777.006550251     
   139720.895304399        134152.473490731        137250.999096993     
   131551.366361525        131840.183756028        133893.942439845     
   137762.668210210        132233.991287846        138825.185087755     
   134727.125370276        137052.275270223        131798.328126488     
   134991.623458712        136112.548671005        134590.685014859     
   131731.976529143        135519.013446992        133104.948446788     
   138782.777986742        140997.637173177        129873.481063708     
   133835.918248953        133939.518124612        142428.554105635     
   133981.001929983        135183.264566328        135896.506223998     
   136492.597847941        131013.564382487        133713.731712020     
   137601.157551898        137859.573281068        135433.629084035     
   134835.431837964        132461.553998439        129962.343062422     
   138654.609553280        131862.541661191        134185.877474937     
   133755.673734920        139012.052134754        139383.066906797     
   134846.866329137        131648.665851952        139985.152322554     
   138612.905174408        137428.618655139        131173.918823633     
   137915.275294810        135905.289426770        129391.598918336     
   133015.649517877        132998.527105539        129390.904700518     
   133884.915000529        133688.391394555        137486.780884542     
   134183.972493411        131492.798608425        131301.704315077     
   131017.124997541        132977.385625603        127337.689934396     
   130961.109004308        136499.507831249        136387.709830638     
   136477.001332886        131978.130266066        132341.120122342     
   139356.169779575        133728.729007111        134529.721030793     
   136746.783753984        126306.543632484        131351.782420776     
   134816.285501300        131568.585310179        131386.351451153     
   137482.435490973        138949.152220739        136807.861120890     
   132798.654584124        131236.559586862        133444.268294580     
   136372.509309890        132731.108187733        125632.840325583     
   141624.958868177        139978.806409062        131217.807854781     
   132118.128016558        138325.732382381        134528.079796063     
   137115.754788290        136147.950656232        132248.049195468     
   136087.358849569        133264.146215326        131912.503440997     
   131504.806248001        135003.846582162        138252.842618131     
   138942.654925091        138434.381263906        131183.150711642     
   130630.772131338        132888.883740596        136370.958241630     
   133129.093602756        137799.325764692        130806.562522149     
   132515.139531186        133475.956695509        137109.156861360     
   138248.401872173        135121.135875747        133406.586767032     
   137828.608521183        133994.683720566        137245.725078293     
   131912.121473348        137682.364708768        130723.637460131     
   134295.154450880        139103.716427204        138300.999909741     
   131926.642939088        129903.665974642        130046.238120335     
   133745.370655714        135268.681032614        129093.772911139     
   134473.408175869        139197.085880020        131854.765606484     
   134323.558465304        135864.305190919        132157.114097929     
   135210.180815289        134893.139851936        137740.792986519     
   137587.301271657        139116.189539146        136647.069857610     
   136591.761829512        137937.808923941        138290.013871427     
   134653.497391297        139342.101693568        128981.986408338     
   136036.027696978        131824.906683490        133968.326915144     
   135841.168991662        134340.304365171        134994.207772242     
   137491.694706641        133129.830290774        131714.304651304     
   137781.837433374        134407.943606585        136201.881745369     
   138612.089818341        136014.329593295        131291.913785412     
   135129.865288828        131375.748171426        133116.512937681     
   132985.788590747        132024.458757523        132994.498146656     
   132003.744507049        129636.805144640        136548.005510449     
   129739.884695080        135777.454917859        131659.187794819     
   134275.480380947        136177.691939935        138671.693195753     
   139068.170685585        135215.438891281        134370.701204151     
   136026.337046377        138940.994806073        132126.364919720     
   130681.563620842        132798.947965237        132476.681674298     
   129085.388410872        132498.864134558        135612.407019370     
   137078.265360209        132983.199572463        132285.237750943     
   136050.368925670        139316.287474018        136033.097081086     
   131953.099292311        137453.322405612        131861.183200681     
   132474.779707901        134285.086155654        136474.705844125     
   130486.373092387        130657.105918014        130170.838273313     
   138869.587342115        136802.493382864        135294.686063558     
   134642.165854672        134143.219674374        135320.130576825     
   132407.128629577        133918.896964077        133945.322924296     
   129522.859447986        135684.669228515        133984.233363298     
   132986.245983742        137057.633837962        131242.217100861     
   138250.234209014        138196.117239127        134205.685685649     
   134238.944717875        135021.084084130        133397.463547219     
   135374.339118701        137289.322154841        134435.174115695     
   130041.387826669        137443.198432795        133088.764133237     
   133128.955832487        133704.931118337        132289.406429841     
   134501.633725345        139770.767820248        133104.860902985     
   136053.235459256        137699.778399554        133246.380767238     
   131023.025889007        132231.667995275        133361.994973098     
   131887.324619261        134524.532914562        133915.939910765     
   135246.141124783        137472.305918463        130269.555527079     
   137127.300910437        134600.526864904        130926.280643136     
   135217.056380733        135251.575149575        135661.540759134     
   135536.147583425        133780.265273603        127080.358153052     
   136844.354126496        133688.396931079        131757.565734818     
   139084.858156465        134681.464066252        133586.003500087     
   136459.221894392        134652.419327228        138691.806946432     
   133442.402190106        135010.205565668        134946.225352052     
   137669.729158475        129743.880830994        129331.115059844     
   131736.988985403        131552.244095630        135513.826071681     
   130173.266682867        134171.584605650        139457.134150480     
   140444.455573185        131938.197958174        134202.591046435     
   137758.189266317        134863.024658351        131260.049162110     
   136748.292964303        134996.479607759        132361.336227447     
   135904.428407974        131391.456910546        134885.571673858     
   6123918.00000000     
   104997.271923931        99579.0845443298        102444.129799448     
   97920.6175775259        103612.085688556        97044.4937262244     
   108213.140058416        94206.1108117046        107797.445424693     
   97810.0035548184        106737.609126180        104694.173643071     
   107988.442935228        119708.771749848        89371.5049106261     
   96576.4490569634        102958.081931240        97349.3265459707     
   110119.348736472        101240.888433563        110235.529803035     
   107569.279223732        105118.161024614        102679.911452092     
   104056.276318273        87722.0410266143        110028.293704638     
   120858.853628716        96083.9391296932        97858.6202018955     
   96401.5744983640        100365.607072578        103071.107788971     
   95117.2723485142        107786.344375819        103017.171889308     
   99415.5257870378        113119.027248023        87512.5087291199     
   100174.246134847        94869.5141178441        97894.2195476145     
   98460.9512198107        103155.703728380        104927.923407305     
   110378.241054852        106709.922581667        96813.4861853729     
   107966.306915152        98286.0271029575        104247.026037538     
   88085.2369500382        103211.489802855        94208.1427001145     
   93186.3175823435        94275.5584448381        94189.2940442141     
   103339.845680459        98356.6641341846        108252.241520744     
   91355.5530861430        99315.4181141574        109783.310736186     
   96531.4997206750        105000.080224985        105830.759157459     
   90151.0232056562        103962.875529087        102409.620735315     
   101424.220934162        98305.4539384867        109114.522099789     
   97211.9675855745        102246.508002308        105759.643063111     
   96805.8872531080        106406.180043506        101394.535540075     
   97972.4224722706        100567.771709659        102161.614713376     
   101277.991046317        113758.295684512        101284.912682445     
   99426.5111999860        105569.818431252        98013.1593569774     
   100142.710565948        101912.848798210        105514.924405347     
   117386.637166217        100661.403770696        99884.6937767206     
   86448.3773819353        96550.9761144582        99387.1123881345     
   115866.305572454        101876.555636936        98551.3785137625     
   101983.948373140        97213.8012409689        91794.6061768718     
   104450.016645518        107682.701547494        109877.735729286     
   114768.342457273        99928.8667003645        94690.4436270811     
   100353.663533388        116879.623189972        106074.057145278     
   107167.560017609        88494.7533214419        91323.6540900486     
   116768.067560440        104113.020518990        110971.684625901     
   92674.9094409189        89618.7014810853        101505.843378337     
   112793.495597563        102422.357206568        112757.830174173     
   97091.0950043095        111136.465820123        114527.819731672     
   107286.384191046        98433.0829617003        116131.409191990     
   93773.1038279517        100484.959867390        99541.9158539039     
   91899.3888450369        97392.0457608336        105884.761134794     
   105661.963744672        104724.139867263        93873.3436561759     
   100882.483141350        103988.943170639        106406.262640596     
   103662.750743461        101053.756466832        111729.149497945     
   106048.732877535        86224.1758412862        102666.910670152     
   90791.0845742083        85666.4802907179        111962.651470910     
   92810.6825371903        115982.998740973        93995.8681792377     
   102588.096527031        103237.474847317        103062.534211046     
   96188.7383172763        104502.069331532        107741.626311382     
   117713.705122547        103736.724697118        86072.8249338719     
   99387.3106211501        98568.4761113584        104436.454203367     
   93949.2999399885        98327.0117789337        110201.945826308     
   108700.958470984        107001.985891325        109334.709421872     
   110372.294064384        105805.500967388        105664.292982605     
   104896.040930629        102545.905933544        106483.424841920     
   99378.7370432252        99399.2211215043        108924.317521317     
   94502.8821554830        111373.701181548        97888.1404018026     
   105112.164475892        100369.505655218        100350.128377943     
   105873.461852904        89895.7156009751        99673.4269403397     
   101189.628679611        93184.4839269491        97484.3562684335     
   101218.950646503        98991.2245365537        93475.7377851265     
   96204.2335313294        106563.329266627        107944.897749467     
   107292.793725217        106471.398705640        103332.808408405     
   109185.489519376        99145.8462887254        102408.926919761     
   103161.221213981        106181.119493123        105591.557985296     
   106976.595545909        115700.946198604        97476.2617536297     
   92106.6910211057        98805.9592640530        107362.654343800     
   96069.2864059564        93483.5349504070        105948.889515342     
   99648.3504638657        113652.753123121        90981.8508128920     
   89433.3536114948        110389.936802773        90742.6826795648     
   97608.6979274717        113245.978975099        113113.955786707     
   101940.188434945        101295.055605077        85186.6737958644     
   100269.645773607        117829.621878422        101865.636301660     
   102693.936437946        102030.400976463        105792.665379627     
   97407.4914166328        86795.6981446929        110490.110553325     
   86915.8273521494        99955.0334584244        92770.7716233818     
   110296.123028138        105649.788933630        98448.5616563354     
   101383.104102842        103761.569901740        94669.2161749934     
   111459.717790902        100457.157686951        90321.4210019865     
   98809.1475117206        113624.983981518        101194.006325373     
   94774.0318819944        79862.8618511091        107826.321367299     
   99893.7794566025        108202.022490124        103504.560797009     
   89247.6918729629        88654.6447679452        110751.348629056     
   91117.1448460423        104967.355257993        99220.9766016397     
   104737.619712324        111870.109691458        101426.087628392     
   90323.8823952636        99651.5387115334        95631.4557521572     
   96670.8905694812        109232.388146984        122788.272089015     
   110505.737922722        114275.204792120        100185.727130334     
   102125.238955012        95478.4529029462        97024.7530217537     
   102840.133286955        92113.8439290854        109713.747467127     
   108775.048060566        108408.069190428        93116.2752501631     
   100587.446336458        107304.522511973        108154.314411035     
   122729.495999889        90660.5811722684        108907.269481974     
   100651.409522826        99347.3005908339        98247.5864173481     
   94263.5653473940        94505.7069759553        97339.8278806396     
   109387.703714711        96332.4407341718        109818.910081905     
   96636.6623354534        96089.2088240247        93278.3472598380     
   93796.8422315704        104419.373125189        108457.561366657     
   101760.820594659        100964.254260287        88078.2327168202     
   107334.273983732        101534.174180150        98970.4265893331     
   104040.896740145        97202.3367648997        91773.4448024560     
   103881.996458720        106408.129334826        105752.936179417     
   102502.889369157        96807.8695832641        100437.962123274     
   86532.2960252080        117693.815743315        94600.6110321761     
   98172.8030122112        96918.4505671356        115709.635412454     
   90786.2774235798        93401.9455450676        91403.5585147553     
   105769.026092516        100152.556139057        96885.2134981859     
   104897.379003484        85965.6965083554        102064.117108534     
   106938.253976808        101725.650753807        92230.6362141126     
   97230.2215424281        97025.5955120701        103043.123894934     
   92879.7997819645        93098.4177593407        94084.6765702286     
   96941.3795192739        96112.2038538349        96285.8890143406     
   104831.367409288        97692.7652455061        93181.0644074299     
   114833.296808719        106849.842051848        99463.2669049627     
   110372.723569251        99347.7961733729        114645.471026434     
   98703.3406396415        101325.765203078        97441.2736263754     
   89638.8056127513        99333.9694205344        99562.9285535580     
   108100.461108463        112426.500208007        93061.5298990202     
   112221.742022305        106014.785473613        92832.4716494889     
   98052.1286639617        105054.131760574        110579.298890929     
   99271.8398895603        98960.6966521505        92153.2757797728     
   91487.6423522077        109498.102984985        95009.5987822048     
   79737.9089736062        108344.238159403        113536.324265289     
   112816.176758432        101206.726277207        111198.347559827     
   112020.700705646        98319.9084292079        94266.0267406711     
   95404.3137551100        108331.551246404        104467.163801368     
   101522.181082706        102765.019493459        104294.023781655     
   102381.587283025        110336.149577872        97825.3335746918     
   102597.826464214        108713.381073295        114209.655741626     
   107649.315803782        95866.5270698286        106686.828435349     
   100313.273556458        110037.082034996        109689.348286789     
   113462.317272796        119522.267521000        102344.583786779     
   110435.299124510        89181.0525408838        90028.4326049226     
   118901.732104485        103250.442590421        103090.022522543     
   100553.763243223        91461.5747106557        104974.871593168     
   99258.5582775147        100779.187220801        91475.6162159277     
   107860.433965401        115956.716346988        108805.542906133     
   104856.113497402        100517.767431473        98597.3520539648     
   92173.1486395872        110109.371008020        112479.147593068     
   88432.4255574521        83684.9926249859        98924.6512821464     
   98786.2020401644        90550.3966544281        93759.6900605625     
   105440.520946823        89058.0324352830        105415.576625693     
   103030.585656697        110358.401233874        101383.451010619     
   109584.367385609        105745.287688898        99978.6562261173     
   119116.121110862        102323.802358976        99380.1577131703     
   99185.3937753386        108668.547372932        96966.8359423612     
   91193.7288677376        119300.510854210        93587.7064001073     
   95325.9125974383        103212.067982484        91388.6910385849     
   97369.4637164726        100961.231206799        100754.755001628     
   108088.831438214        107142.566138224        104542.228036610     
   84677.6609700451        91362.8381494665        85737.2329578709     
   107987.963872107        109545.232884445        97491.6578511750     
   97595.3997960082        94831.5524953558        110520.060258099     
   115067.657791418        113911.116820126        100727.745753252     
   116983.579887239        103458.967203419        107196.551596141     
   97301.7671416435        98768.9888066427        98891.2985772709     
   100349.682353658        98495.3446480182        101690.117485760     
   96223.0326289759        107512.914969628        101177.156519046     
   108591.302574518        119940.820014032        91219.9947423052     
   109132.875173151        107010.873338191        92987.5889841996     
   97564.5745620816        130939.894520791        92852.5097034829     
   91269.8338263119        91123.7526132291        91669.4220275173     
   99339.4208284635        101959.185765607        105570.545285642     
   98881.0069798774        88294.8848834583        104026.491807678     
   99683.4377076278        119575.410488600        102847.467908532     
   102317.260669461        97435.8717767002        98681.4358914172     
   113421.084805550        108638.300318635        91139.9746816728     
   97101.3205240311        96502.3594673811        92339.2348678281     
   90163.1319390261        98960.2506278654        112811.881709761     
   97410.0354069997        99347.4492655956        103369.960579413     
   102257.278662823        99976.4591435276        97173.3782252035     
   100646.172867331        101073.778001408        82935.1432046247     
   102678.986364686        82211.8074501006        98297.3759431008     
   105588.716645406        96499.5346469087        103298.134150092     
   106070.158562638        101272.853507329        96807.2088065454     
   111688.313496731        93102.1511478013        111838.309811872     
   92571.6465592068        93436.4215703649        118232.926948670     
   108221.994466447        97917.0493832450        101861.770757855     
   84494.3284694465        97654.5227929123        107682.536353314     
   114733.800354304        105018.912361468        107084.731655922     
   107818.408566093        103077.665997904        93453.4365708710     
   88425.5865184138        102974.584829789        94292.5238870903     
   106386.521936126        107773.062763773        100687.520970502     
   95024.1854282698        104285.780592089        90414.9704659340     
   117062.162758508        103212.629642694        102902.262817929     
   94669.9099905480        91388.9057910185        96884.2884107797     
   102849.301563927        85751.7204874280        105048.515158465     
   92387.6532818896        99497.0821535413        95405.8830998169     
   94278.5154206542        116977.500741427        107210.890450936     
   114515.380609943        109514.225936921        112363.280395447     
   105105.358475689        100773.901007052        103249.451425343     
   112134.915961470        109902.613972744        99677.8045861010     
   87000.6710828283        110265.793376750        102512.008087875     
   108061.194451955        89885.2918482379        95242.8694833178     
   95654.1369130260        107180.296488861        93488.7881253205     
   89815.5964238349        111119.285625437        110000.128097004     
   105302.501209708        96986.9070351912        102567.794162350     
   92259.5121567190        115019.371532700        104012.830249019     
   97346.6834390960        109873.919743736        89290.0972188844     
   100197.439397673        95667.4846027434        104762.365800439     
   105306.251117587        88890.0134351400        94203.1042776345     
   105995.408196337        103649.766480939        98286.3905301527     
   90731.9946161401        94817.9239755329        112357.961142862     
   107460.845764196        103779.163081875        94422.2508763857     
   84649.5614400831        101206.329811176        119989.139311585     
   106795.327972557        100286.842487711        105866.061153655     
   110684.758855231        88860.1463274555        104450.991291178     
   104974.425568882        105590.897208578        96934.1274947864     
   106793.923822029        92523.2281451453        110307.438829445     
   103331.602490893        101928.707439458        95103.6438286914     
   103864.221564988        87613.9709942737        97907.8976256912     
   95693.7669967290        96942.2550484262        116014.203921513     
   98661.9594976341        92025.1511740202        98871.3100815307     
 ------
  0.000000000000000E+000  0.000000000000000E+000  0.000000000000000E+000
  0.000000000000000E+000
  0.000000000000000E+000  0.000000000000000E+000  0.000000000000000E+000
  0.000000000000000E+000
