           3           6           6           6
   5.00000000000000        7.91500000000000       -5.20000000000000     
   1250000000.00000        75527149.0000000     
      136704         552       66541
   6887815.99999907     
   15221588.4000000        16474665.2000000        16572454.2000000     
   15324279.8000000        13978208.4000000        15412110.6000000     
   16375602.0000000        16018945.6000001        15291787.8000001     
   15386444.4000001        15978435.0000000        14433163.0000000     
   14084888.4000001        14915316.6000000        14757157.0000000     
   14381933.5999999        15228938.2000000        15585986.6000001     
   15100853.1999999        15615971.2000000        15741997.0000000     
   15688334.0000001        15161744.3999998        14678643.0000001     
   14787895.6000000        15946249.9999999        16039530.2000000     
   15215069.9999999        15123348.5999999        16203637.6000002     
   15469097.3999999        15473901.2000002        15260862.2000001     
   16223070.1999999        14651683.6000001        15873131.0000002     
   17396116.6000001        13368087.6000000        14620603.2000001     
   15636263.8000000        16188942.8000003        15273867.2000004     
   14006028.4000001        15173203.5999999        14422465.3999998     
   13960163.7999997        14727591.9999998        15737442.4000004     
   14154598.3999997        14827253.3999997        14607709.5999996     
   14703813.6000000        16409837.4000000        14448229.2000001     
   15537883.7999998        13432506.6000001        15824785.8000004     
   14689378.4000004        14986512.4000002        14729854.9999999     
   14328850.6000004        15785900.8000001        14685922.4000009     
   15535251.2000005        14446756.0000008        14436625.8000007     
   14413805.8000010        15293589.9999992        15253722.7999995     
   14495150.8000007        15302656.5999995        16285219.8000000     
   15558830.8000001        15116681.2000002        15538351.1999999     
   14796535.7999993        14271481.5999998        13844937.7999991     
   15302860.3999994        14776397.0000004        15449117.9999995     
   14152336.3999998        14441921.5999993        14928946.0000006     
   15049829.0000000        15772005.9999997        14586831.0000000     
   15825948.8000004        13888551.8000002        15031792.5999999     
   15878044.7999982        15175809.7999997        15016781.3999995     
   15854183.1999998        15694444.4000007        15229154.0000006     
   14572161.3999993        15166920.1999996        15322405.0000002     
   15611866.8000002        14048567.4000002        15436801.3999998     
   15086184.5999998        14427322.8000008        14345934.9999994     
   15365071.6000000        15355411.0000004        15470768.1999993     
   14064651.1999993        13618937.4000012        15576972.7999994     
   13420708.7999999        14683366.8000002        15441555.4000005     
   15678308.6000004        14521783.3999988        14298257.2000003     
   16050483.9999997        14667341.9999998        13200770.6000001     
   14552048.6000004        15815461.0000010        15399192.5999998     
   14558986.4000006        15692781.3999999        15011309.3999992     
   15401035.5999995        15483262.5999999        15574791.1999995     
   15417244.0000001        15162429.4000017        14234281.6000007     
   15010215.0000013        15520317.1999999        15940396.3999998     
   14414993.1999989        14824412.8000024        15349837.9999992     
   17075640.3999980        14811384.6000002        15617506.5999993     
   15688882.1999996        14590864.7999994        14986520.4000001     
   14951986.5999976        13651822.2000005        15025466.6000013     
   15312852.2000000        14707002.7999999        16235399.2000006     
   15133299.5999993        15438289.6000000        15397739.0000012     
   15350667.6000008        14609834.3999993        15121047.2000010     
   16440401.6000009        14161509.3999998        15533101.4000008     
   15202153.7999987        14762954.6000001        15717452.4000014     
   15804500.8000031        14451929.6000014        15139341.6000010     
   15445644.8000007        15045982.9999997        14795159.1999999     
   15059778.3999987        15185343.6000002        14082531.7999992     
   14766643.5999990        14866120.8000003        15776193.0000017     
   15329390.9999974        14532372.7999987        16088209.7999981     
   14784250.7999986        14722356.8000006        14918169.3999996     
   14078560.0000002        13632886.2000007        16000167.2000000     
   15180119.7999989        14355174.1999999        14362227.4000000     
   14840387.3999972        15220593.0000004        17881540.6000003     
   15220210.9999980        15501980.2000005        14733018.9999999     
   13348733.5999999        15282923.1999999        15437065.3999989     
   14440728.9999999        14819706.1999975        15583193.9999984     
   14752456.6000002        14959572.6000000        14026380.0000016     
   15661036.0000013        15676162.7999990        14818679.8000009     
   15021185.4000011        14259698.8000003        14076293.6000000     
   14221653.1999975        15294576.6000000        15364910.1999990     
   14547169.8000003        14440278.0000005        15425399.0000008     
   13985371.7999993        13786077.2000013        15251403.4000001     
   15464503.7999991        14006225.7999996        15838282.1999981     
   14945248.8000025        16054909.2000008        15689577.4000025     
   15663401.2000020        14907017.2000001        15416239.6000000     
   15544359.7999978        14755334.8000013        16555898.3999996     
   15511012.6000005        14783266.6000006        14946757.5999985     
   16270488.5999989        15636944.3999997        14813272.2000007     
   14690118.1999999        14528146.0000007        14727924.3999994     
   14753801.7999998        16148761.1999987        14773698.3999984     
   15017788.3999968        13801564.1999996        16047694.6000007     
   15776814.4000024        15713979.5999996        15110513.5999993     
   15076727.2000025        14614484.1999993        14947227.9999990     
   14886056.6000004        15422963.4000010        16338574.6000004     
   15386029.2000032        14361466.5999990        15606305.4000016     
   16209836.8000006        15242196.6000022        15476714.0000021     
   13903118.6000010        15065062.8000007        14488108.7999972     
   14445117.8000045        15137020.8000015        13983640.0000001     
   14683736.1999989        14947601.0000000        13676968.1999960     
   15314237.5999991        15953819.3999973        14703262.4000006     
   15068063.4000034        15110445.4000010        15600329.0000007     
   14783768.7999995        15988280.0000013        14900842.9999993     
   15335341.4000022        14995966.6000001        15252457.3999982     
   15604186.4000025        14543957.2000032        16615396.7999995     
   15549545.9999930        14915693.5999970        14828043.9999958     
   13981250.5999996        14629367.6000035        15192000.5999971     
   15754512.8000020        14642850.2000005        15095819.8000027     
   16400696.5999999        15990792.3999997        15462604.4000056     
   14774568.4000021        15502063.9999980        15834288.8000031     
   14418514.7999984        15021788.0000011        15068094.2000022     
   15641036.0000057        15836438.2000004        15420712.1999967     
   14039449.5999993        14761331.9999985        14100026.7999995     
   14391527.2000022        14552042.1999992        14534226.6000021     
   15895173.0000020        14781978.1999997        15487823.2000039     
   14110269.2000039        13194347.3999968        16466185.9999971     
   15636779.9999982        14625577.1999989        14816818.3999978     
   14781541.8000015        15960273.4000008        14217273.0000019     
   15144951.4000020        14523345.3999972        15016142.8000056     
   15061831.5999985        15041303.3999955        16129878.6000001     
   15233637.2000019        16235072.3999992        14394584.3999983     
   14771533.7999989        15428561.6000002        16118042.3999970     
   14775571.1999963        15371947.3999985        15088996.0000017     
   16493208.5999961        15125167.0000003        15134811.3999997     
   14662994.2000009        14311103.8000033        13718273.9999997     
   14872880.0000005        15468641.9999981        13557312.4000019     
   14549925.9999989        15639326.6000018        14687870.3999996     
   15037028.3999973        14404792.8000019        14853953.5999995     
   15709623.4000016        14933139.0000021        15620101.1999987     
   15036740.0000003        13139470.9999989        15495505.9999987     
   15120756.4000001        15832998.0000048        15857876.4000027     
   14504763.6000007        13926012.9999976        13691400.4000028     
   14881484.7999980        14568929.6000028        15527906.1999988     
   15034505.6000000        13668356.1999996        14745624.1999959     
   15401535.8000023        15259715.0000025        16588790.4000020     
   15147356.5999986        15094038.0000000        14719040.8000004     
   15371705.4000019        16176841.2000017        14903456.9999990     
   14063406.1999998        14877627.9999959        15659166.5999970     
   14917239.5999997        15294556.4000006        14558306.1999983     
   15435627.1999991        15056468.9999928        14764771.9999998     
   14394070.7999979        16229807.5999971        15509744.8000020     
   15284589.6000006        15056236.2000011        15072837.7999966     
   15626526.6000018        13886215.2000043        14969809.3999981     
   16400506.4000034        15476749.1999998        16197771.1999970     
   14703245.6000016        14971703.6000000        15401778.3999977     
   15628008.6000005        14710631.1999978        15207948.5999999     
   14341828.4000023        15153375.9999979        14546784.0000001     
   14248666.7999973        15001466.2000002        14454776.1999982     
   15075345.2000026        16108913.9999978        14485490.2000001     
   15500532.9999976        14808059.8000011        13517923.5999998     
   15079237.8000027        15700983.3999974        15481416.7999950     
   14407370.2000021        14495841.0000032        15210615.6000040     
   15028273.8000002        15094290.6000012        14693104.3999959     
   15474476.7999996        15247194.2000047        15634735.8000005     
   13782642.1999990        14955591.6000016        14831189.4000023     
   15821377.1999998        14162151.2000022        15783800.8000002     
   16674324.8000018        15309153.4000044        14975878.1999982     
   15630223.7999967        14208718.6000016        14912839.9999992     
   14716193.4000008        15698492.6000024        15334090.7999993     
   15973382.8000010        15315270.8000005        13178036.4000029     
   14263017.3999981        14129510.0000015        13939673.5999979     
   14565459.6000034        14302642.1999967        14790053.5999956     
   14492572.1999982        14146292.7999975        15419977.9999955     
   14665588.2000001        15399523.6000019        13989480.4000015     
   15879605.3999971        15432803.8000014        14957209.8000003     
   15674468.9999968        14992203.4000004        14867289.2000017     
   15290765.3999969        15137779.2000020        14407825.1999956     
   14665190.4000029        14624031.9999998        15021625.9999991     
   15325588.3999988        14440826.1999979        14786695.1999936     
   14870675.7999984        15150071.3999975        16063858.8000031     
   14804197.9999968        14882027.0000011        14556080.5999946     
   15452687.0000006        14100052.2000025        15924893.6000006     
   14320622.0000016        15015894.2000045        14732044.1999980     
   14375461.4000002        15567095.2000020        15760641.9999995     
   16031036.4000015        14642475.8000025        13922801.1999980     
   15083390.8000025        15060260.4000026        14438616.7999984     
   15212516.5999966        14543696.5999997        14898727.0000035     
   14325854.8000009        15193273.1999998        14771848.8000010     
   16418120.3999898        14501427.9999997        16152632.9999924     
   14893068.2000009        14949002.0000008        14435835.9999945     
   14631078.4000007        15364105.7999989        16039100.9999990     
   15885244.7999967        15944720.2000045        14886611.4000007     
   13949909.8000022        15829771.1999914        14813338.9999972     
   13805412.3999991        15128423.1999980        14405121.1999959     
   15581003.0000016        14828123.2000011        14787562.9999990     
   16028992.4000033        13977077.2000109        15469573.1999948     
   16163767.1999942        15479882.4000012        16525295.1999963     
   14020844.8000058        14856640.7999922        16002663.0000079     
   13751730.6000020        15624039.0000001        15584246.4000068     
   14924089.4000030        14883816.7999903        14719344.0000051     
   13776224.4000028        14617142.0000034        14760220.4000011     
   15935600.1999986        14756653.0000016        14666414.3999984     
   15251956.1999955        14632378.4000026        15468797.6000025     
   13839355.4000051        16125456.6000064        15522311.8000033     
   15753404.7999971        13632502.5999906        14659597.2000067     
   3825630.64595245     
   8443666.97044268        8496686.36156536        8480294.78323197     
   8453723.99358574        8223599.79389563        8302687.25702864     
   8233553.13701782        8517715.95181328        8479139.83581858     
   8395545.81268252        8318756.35676062        8099325.19145800     
   8163932.83390454        8676612.54461972        8110115.77434845     
   8085293.43792713        8679171.47640261        8378267.45972873     
   8638767.25654290        8572229.37157240        8285438.30082201     
   8245509.23638920        8536951.41605519        8279374.61668168     
   8271035.84535849        8697823.34756574        8677362.66499697     
   8228934.54553735        8345431.37064399        8714287.12687671     
   8684009.09129851        8357399.37690157        8553461.12564430     
   8499147.34569406        8460737.09888290        8677563.92868476     
   9193310.04120971        7932556.30401400        8575530.43814072     
   8282424.83867815        8729830.55060210        8490738.76806863     
   8061981.59508164        8437959.11365340        8261797.13114403     
   8440266.46389179        8903122.53085769        8564436.17707133     
   8048679.06499092        8437466.84085865        8346662.52211310     
   8248379.83682377        8696742.88004429        8341088.66180514     
   8616538.32137025        7958124.22885937        8649895.56144092     
   8207059.90352356        7915544.69184547        8523754.91348237     
   8192055.42994521        8000678.45857419        8447989.24418554     
   8351573.55853969        8493916.16377154        8155958.40372863     
   8297635.93624748        8543582.82450020        8647838.18554511     
   8465970.63854939        8761195.51693306        8389993.04711279     
   8609095.86658804        8685463.41791383        8472584.62345655     
   8550334.61620408        8380168.67341842        8010112.35909254     
   8329251.58356700        8324892.58874119        8408365.01329887     
   8288043.26756802        8342629.34623631        8271163.20314131     
   8081927.25778290        8464550.60431467        8279095.56084550     
   8860043.47885621        8262922.64908590        8635034.54874027     
   8620330.43777369        8179250.16385023        8023208.98281248     
   8347571.78130389        8696909.76213111        8722339.07673864     
   8168063.59225315        8606958.21649632        8516436.27430245     
   8431500.31908629        8381925.33979024        8550398.43972690     
   8105850.92630714        8319545.24822324        8239383.75622483     
   8079119.84214055        8579363.44600518        8633755.17986881     
   8252203.04378182        8050539.18135490        8491730.76272249     
   7808500.08991125        8200949.34787829        8602040.82882097     
   8785047.68048742        8179532.57493674        8386811.24990201     
   8372857.87791352        8703406.93821286        7896204.28379781     
   8072345.75624086        8271879.92721355        8603601.74053988     
   8222447.49001530        8677698.80144947        8451386.03987269     
   8342548.97671595        8612529.09036916        8262832.56080217     
   8447484.39584788        8268844.80954733        8284749.12559730     
   8580510.65792151        8745854.00521320        8421902.69118371     
   8447555.83996998        8210271.32517060        8494546.28402474     
   9158173.45427796        8363060.39485274        8335926.07174510     
   8433208.30020119        8518054.72742509        8264813.90688219     
   8383614.94055556        8197976.36613726        8160504.53413030     
   8648830.48034228        8988575.11541726        8679225.29372442     
   8280712.99417250        8720004.70695177        8456286.02302622     
   8567272.91076039        8622239.45201387        8606011.58515544     
   8599306.30055130        8442127.46929529        8681431.11306040     
   8549250.27867249        8233784.85071884        8381739.70175563     
   8432930.57406528        8450476.87448137        8304846.09154125     
   8385083.49038917        8080990.09488666        8621889.54611067     
   8532457.00971912        8414419.05098962        8330676.43143012     
   8518597.64011909        8272117.78367000        8340707.46071833     
   8754077.58797664        8222652.15071348        8350843.39245665     
   8161806.10061959        8042941.74155157        8473637.18959811     
   8024372.04550199        8247038.27119763        8446383.78057193     
   8447458.33518239        8105765.20430496        8391407.17448989     
   8343638.65740603        8599430.27616890        9143818.10644396     
   8349041.26327719        8793396.80277955        8285546.97076489     
   7908353.33845370        8647727.89937636        8444022.44226272     
   8004502.90115171        8312171.31351656        8497083.83162908     
   8424751.63224231        8524332.83077743        8488944.82153201     
   8770272.38870788        8287307.74581333        8644970.80978741     
   8419569.99920821        8503459.38737055        7920573.45825631     
   8422783.52790474        8468729.93203970        8368545.18550603     
   8383845.34435852        8285141.73682535        8451257.52505951     
   8178215.19425450        8204757.88093405        8431803.23459939     
   8645150.00257431        8239789.34565447        8700545.64152398     
   8261230.99044322        8554243.14047236        8261373.15340092     
   8490913.55720608        8485464.68836942        8308154.40081786     
   8340669.51065340        8144750.41051936        8631100.31529121     
   8718631.35414818        8073527.67576181        8081086.22126248     
   8738197.95873822        8603924.28802680        8440144.39721882     
   8206278.61745068        8468052.18356433        8583481.56490496     
   8059472.76943026        8438126.83650348        8278665.66180187     
   8685656.59270968        7965477.99072511        8315076.38909871     
   8594617.45797212        8680881.27127843        8355978.58637697     
   8129232.48897270        8323753.55015541        8396485.51533881     
   7952106.57801509        8663999.50603982        8681048.67030831     
   8301778.05347666        8320560.54462656        8498648.78391440     
   8724159.66109133        8545515.70149069        8331385.85574734     
   8152798.56070267        8159134.51018598        8397393.95330532     
   8288755.87816132        8731501.29885418        7747170.37563611     
   8186353.93288873        8269047.32972809        8043958.82979800     
   8328705.42821179        8673420.01094976        7925231.21056276     
   8380893.42380482        8560750.47763694        8629548.83880269     
   8131940.79804484        8450515.30174582        8432607.87212921     
   8480453.79196965        8382176.69864118        8490676.25249398     
   8461365.39440975        8364500.03592246        8769274.26877525     
   8498429.29114879        8485824.65931142        7991826.42791939     
   8177215.69109153        8074607.99127134        8612645.57713347     
   8574427.77318761        8219199.74644899        8562034.04059195     
   8535146.15498653        8437624.96029442        8525340.39197911     
   8448338.12940489        8486644.78914808        8526125.02880591     
   8305939.92560558        8349149.43120515        8829924.72830334     
   8736883.08832717        8368524.60454991        8511558.68672603     
   8250808.02768879        8193915.07750790        7953774.73361831     
   8268018.21550349        8317949.45458283        8261239.28023027     
   8517970.30575854        8262395.11653604        8394304.69861062     
   7981284.74978686        8138810.86095268        8655268.00636740     
   8526869.44817597        8340599.31709544        8576477.83335314     
   8331926.34634105        8465835.78246397        8221753.19916973     
   8578558.09604969        8039667.37000010        8515203.08829388     
   8561834.88246388        8343642.97000008        8787766.86089292     
   8575161.12420745        8562592.60303209        7813196.59527840     
   7999866.69613802        8191953.14756543        8826365.58983388     
   8275226.92198634        8165105.29931840        8679667.10166453     
   8481109.70695042        8394211.01526903        8749379.83404111     
   8538945.32290021        8410413.62544826        8147836.41597304     
   8181851.90331484        8465112.19217581        8345150.11140649     
   8292212.76385122        8551931.05515857        8384487.12740015     
   8380623.26236794        8684186.37072599        8512778.93713092     
   8589206.12674147        8426407.98840308        8459855.53186296     
   8304982.01600516        8149736.62364076        8445257.68833641     
   8584983.99418713        8488737.66340631        8840588.79397169     
   8163908.86519098        7973560.52868920        8460023.66519557     
   8512062.80953150        8165551.74286700        8026830.46874603     
   8455925.22892483        8096344.65579212        8202855.22918994     
   8057378.22318728        8762092.29245403        8821066.56682615     
   8331082.66493586        8165753.29839496        8451583.10722910     
   8388726.89243734        8613666.78205987        8490416.03096824     
   8228380.25094836        8279705.62645125        8782286.52817147     
   8401367.12667993        8427688.10015954        8266600.71544956     
   8565560.34047125        8521872.84649342        8317340.16694236     
   8291405.78288552        8521447.52905402        8376162.04047499     
   8543448.07720477        8545563.88694458        8584203.80766673     
   8458886.29594614        8144916.03981615        8230377.01358975     
   8722536.35358129        8351979.35509480        8464016.81781880     
   8336151.62041301        8377109.77899239        8152074.01257954     
   8616017.12384841        8616753.62715758        8190502.05810887     
   8312828.81143627        8317333.79165685        8401314.74214752     
   8753434.72066838        8609221.80086320        8396220.78232168     
   8350405.25400778        8494440.22894147        8316977.08700242     
   8553011.56406182        8414868.11920367        8099613.64503639     
   8677441.92688022        8353117.55926003        8522044.23492540     
   8440579.32671889        8279663.25418639        8207411.02959755     
   8531055.75420555        8219787.18271238        8051843.48839892     
   8189356.75214559        8492237.11802816        8667323.91336974     
   7950361.62246980        8188668.25812336        8475754.97946157     
   8559344.91462559        7823333.98630266        8701188.15183841     
   8809100.73021435        8589163.53129818        8676799.72898430     
   8589300.00298732        8182843.48586352        8582779.97671325     
   7947783.84132656        8544477.40527711        8201869.11343686     
   8526698.56967133        8447948.94028327        8114149.75796036     
   8312448.66369336        8258793.65224305        8181335.69360393     
   8179364.77669415        8218151.97499341        8476890.21542834     
   8126848.30294136        8372889.14643600        8669522.65497789     
   8839091.22740313        8585874.33472176        8219737.75082769     
   8539231.93451062        8469524.09265812        8367367.64601933     
   8538451.25047677        8496230.94900086        8371675.55665090     
   8283193.24823193        8641741.99347859        8217810.44593351     
   8192017.39250609        8475553.01328808        8396881.88117237     
   8615370.42640406        8309569.07831659        8384856.16310929     
   8215147.57805356        8505658.62050106        8623904.45022325     
   8465963.42379031        8219741.98644980        8235231.01151418     
   8485085.62824438        7935742.29225421        8804708.34336269     
   8365302.95105454        8243034.53130576        8665888.61628221     
   8070367.49959928        8374276.43916881        8383776.94823471     
   8695017.78901638        8427603.68126578        8241777.18030544     
   8475221.99844586        8632012.85081299        8550574.49960826     
   8198340.43455815        7959549.38713807        8168360.85832612     
   8275517.50864613        8592710.84497104        8367555.73040668     
   8679392.18054626        8555270.55032118        8504921.00053996     
   8390643.03152499        8040858.28451228        8248182.49456085     
   8315444.15004066        8581394.77479155        8654715.87496899     
   8431365.60716956        8563712.14305206        8408865.97107700     
   8424368.42102508        8749100.66758148        8620626.57846496     
   8197834.09415316        8582129.48495747        8194477.44886201     
   8601644.53540698        8000582.78999406        8559381.48412220     
   8933142.72197851        7721676.48851106        8404492.97772341     
   8621281.52700336        8534916.98465199        8872068.14308881     
   8101115.49499440        8609357.91967977        8455300.18723208     
   8390524.92093410        8357838.07351124        8506504.76472537     
   8486427.65322337        8422221.29838752        8299933.10590485     
   7992719.55402439        8383075.00002634        8127109.45933773     
   8825470.50038448        8151030.06126436        8292227.43695090     
   8231720.02676937        8154753.76891627        8586102.42540256     
   7916189.26632933        8938649.91476268        8531278.88836235     
   8462765.68713688        8159306.60082682        8363223.44236016     
   12638.0292860321     
   27398.4515384397        28725.8632303658        28191.0457049280     
   27549.6199735724        25966.2358596412        27544.5911160771     
   27964.3101543929        28006.9179928613        27619.9984899696     
   27120.2916595011        28060.5593604376        25708.1551972109     
   26490.5952197078        27604.5833281249        26544.2620833040     
   25989.9188054037        27593.2945708082        27724.9922440441     
   27609.3393603841        28272.1471486118        28284.7324191482     
   26883.1751346523        27348.1883914284        26934.1501542759     
   26983.7500410146        28731.9305873116        28455.3377672741     
   27515.3529396543        27645.7255226812        28545.6925956162     
   28041.1769274669        28104.4280484755        27796.6629593437     
   28717.6680388904        26841.6773594639        27769.0673675762     
   30537.2363356213        25054.9492077514        26700.5496679821     
   27687.7448912661        28425.3409336728        27642.1741899321     
   25296.8417464346        27485.1277488552        26617.7638610540     
   26276.8760599928        27266.7190574862        28148.7954378460     
   26088.7894698281        27117.7616551440        26372.1766291950     
   26628.5065055439        29308.4402879050        26350.5224209131     
   28160.5321660239        25232.5616666617        28286.0580468765     
   26890.5138121118        26321.5532904201        26611.2606728229     
   26473.6360022346        27167.0152112196        27077.1728514974     
   27657.2649468158        26765.9320424638        26014.2478123738     
   26572.7875108366        27565.7929590065        26931.8320188216     
   26835.1322843084        27956.2663861386        28558.9532009331     
   28226.1075680039        27896.1764508194        27656.4843311925     
   26963.8463028141        26515.3167910049        25032.1057554339     
   27216.8791995755        26266.2528857762        27482.8209983426     
   26485.0328798787        27199.5387014250        26533.4227168186     
   26343.5478603756        28104.4960194050        26062.4181273833     
   28620.5880121391        25848.8344574205        27879.6521710921     
   28137.1297105031        26890.4010262743        26739.6355970365     
   27553.3534887345        27602.2747881246        27674.2367088713     
   26653.3296368048        28173.6956216659        28105.6790493453     
   27828.4481872058        25740.1504467129        27496.0072651401     
   27247.9063014539        26943.9422576227        26140.7343297132     
   27043.1692934782        27334.4564515041        28259.7622139492     
   25651.0696571729        25536.9410887443        27712.2836533347     
   25288.0892056986        26343.2641335767        27535.5671778714     
   28016.2549195970        26205.9608745704        26267.1084822877     
   28342.1555111504        27205.4561922487        24576.9029552240     
   26276.2024699150        27543.2539671600        27727.2052019987     
   26694.1248047358        28472.3003829457        27244.0525681354     
   27709.6475700845        28750.4628614943        27167.0606599711     
   27877.3256191701        27043.5242760292        26220.2751203473     
   27452.4752320850        27943.3998602305        28344.0354617174     
   26842.6806944315        26707.1781088335        27980.0872558483     
   29597.0186743065        26602.5081909034        27959.0418838358     
   27860.7488102408        27188.1969458940        26906.3177491881     
   27376.3356912635        25743.6465675416        27061.9685086000     
   28027.2646927069        27862.4368889451        28196.5128725850     
   26894.3476262877        27576.4280377107        27737.6260704585     
   27515.8560842214        27181.1640465960        27925.9268936226     
   28761.0898739138        26335.9382964349        28438.0115171768     
   26972.2857357992        26714.7237942026        27682.8573408982     
   27554.0867664526        26716.1418815862        27550.6493897292     
   27533.9590495045        26355.7921193575        27618.7367529706     
   27264.7612426387        27056.6209005970        26121.4561379085     
   27144.7708836741        27048.0691505048        27625.6305536493     
   27637.8072231976        26830.4789396525        27605.3922372967     
   26704.6599300617        26559.7654436187        26704.9015651904     
   25863.0754690780        25840.4723798008        28288.2711328380     
   27342.1891456261        26007.3367256361        26438.3345056209     
   26780.6600070493        27709.5851578923        30594.8587960359     
   27549.7577424997        27697.1030514867        27285.8416009136     
   24125.2970268719        27641.4078827984        27740.7779989624     
   26158.0381356148        26576.1827762301        28083.3042695843     
   26789.6574702470        27431.7646838549        26172.5002601579     
   28406.2245747864        27716.1357308256        27577.0859141534     
   27056.2082605105        26043.4450424593        25504.3842165585     
   26618.4701239707        27583.8922230039        27709.3701070591     
   26612.9173404065        26757.8790807022        27898.0683343876     
   25742.5702862514        25605.4188203682        27045.4912916495     
   28282.4947563571        25834.3602877334        28434.0559309508     
   26693.5643108587        28092.8504208968        28243.3645768792     
   27742.7253489650        26932.9236946002        27381.2418525689     
   28057.1788242703        26885.3290409469        28825.3077527422     
   27736.9267418372        26810.2449479115        26543.8398129592     
   28295.6720647988        27712.7970874218        26747.6228530318     
   26481.8146101006        26847.5513725617        27114.9069255034     
   26548.2025806340        28406.6373630160        26736.5677928798     
   27695.1868268345        25450.6100170719        28255.9734626806     
   28185.7941289311        28485.6111092857        27701.1192595728     
   27020.9807036888        26928.0147265034        27535.7514638717     
   26337.4400432824        27955.4125481105        28777.7112139175     
   27441.5623002066        26438.8780301636        28046.4499491795     
   28979.2414871529        27484.4631221109        27412.2644578005     
   25465.8899094493        26857.3137680728        26621.2007440253     
   26336.0281972908        27375.2286731764        25354.6571465415     
   26797.7114185753        27290.3801672027        25600.0366612010     
   27471.5978941478        28067.6644463306        26190.4320492755     
   27339.2907826906        27626.5464342674        28151.0204283570     
   26775.5461399469        28128.5806408376        27094.2004979182     
   26944.0846989366        27053.0631796369        27995.9816409542     
   27790.0643916644        26431.7148360886        28519.7157942912     
   27555.4176678746        27464.9408501987        26436.9744731209     
   25443.4301807766        26633.4243954857        27355.1669087026     
   28069.4077794027        26727.7911804259        27522.8391456962     
   28491.1451649610        28253.4390811250        27152.2787327930     
   26532.4611011681        27666.4662972867        28177.9389967260     
   26149.8896243289        26808.2189327118        27955.2042410169     
   27916.2775695162        28054.4684676448        27327.0518644430     
   26350.2777644139        26626.7882727383        26111.7258654678     
   26016.6412400365        26581.8733687489        26060.3890404345     
   27687.4703329839        27002.1573593281        27520.6822978337     
   25738.9092971272        25193.7092912139        28495.4036940509     
   28144.4538740468        27158.9946524715        27944.6378922838     
   26320.1505176468        27833.3887557376        25864.8711201753     
   27680.3504793517        26365.6710006705        27139.3910474498     
   27463.3644598423        27428.6023494075        28208.3637080494     
   27709.5256951503        28012.9997928184        25861.1435346475     
   26349.5072802939        27400.5802031979        28252.4600191101     
   26670.4581498982        27638.4758844334        27736.6461299403     
   28641.1680331361        27277.3399303485        27822.0477388675     
   27005.2300529168        26644.4768128904        25530.0495977564     
   27198.4151459492        27524.0156583675        25768.8717551113     
   27074.0821801831        28205.5811958456        26871.2315396786     
   26771.0226870461        27394.3099352305        27657.7941493447     
   28039.4056141371        27347.4013928606        28388.3461609862     
   27306.6420964584        25165.5717588526        27176.1786828676     
   28116.3337295879        28262.9421345786        28873.2399199569     
   26576.6234790320        25321.8190040949        25843.8916622236     
   27777.6605033970        26748.8438748907        27089.8731701234     
   27086.1707070441        25282.8018148745        26439.4111022481     
   27258.5571931439        27869.1283480394        29032.3583032275     
   27523.0605432131        26787.0626945526        26842.1277938361     
   27327.3338607239        29100.4037924138        27132.5500286600     
   26060.2560888299        26360.5081284525        28381.4715063435     
   26981.3451714546        27384.5702407661        26577.5309476765     
   27593.2492887294        27443.6559549966        26895.9835914608     
   26540.2516028402        28527.3828236309        27513.1010913285     
   27925.3689361259        27488.2416967549        27511.4860178441     
   28155.5379046106        25535.1703280624        26896.6430715861     
   28530.3226547107        27853.4310169027        28780.8636132555     
   27015.4986428477        27292.3905704519        27248.9005787434     
   28091.8720138097        27119.0141853792        27385.0519530554     
   26856.4289129072        27415.4135779534        26515.8897961091     
   26918.1449345363        27413.3337149402        26977.3099121157     
   27264.1135649941        28175.8071790729        26911.1986417900     
   28033.1388009771        26905.1254600635        25615.0921885321     
   27425.4687869885        27737.7603049420        28675.5886280511     
   26610.6922243439        26510.5924177935        26921.7766791194     
   27369.6018415393        26929.8658826946        26434.7641801984     
   27602.4533050768        27649.8486322808        27935.3483522644     
   25272.8386096774        26888.2441587116        27421.7407062031     
   27456.1805191164        25794.1528382341        28382.6343476798     
   29153.9681108933        27802.2762635575        27501.2281472529     
   27926.5950341304        26163.7793152487        27660.7007345224     
   26185.3427044067        27651.3529876009        27210.0309280140     
   28241.6962983861        27172.2380226095        25075.5267690616     
   25771.4752747592        26172.2607388895        26233.5920724029     
   26516.1938979837        26565.8889473341        26982.1771054150     
   26851.5116569822        26130.3935529454        27977.2126279284     
   27353.2605407183        27193.0729191613        26234.1680309581     
   28113.6933519626        27165.1128093879        26540.1637108532     
   28445.8653035240        27159.8089466261        27203.8944785939     
   27209.0398076923        27334.5420273469        26897.8776055104     
   26546.3291965570        26497.6876998023        27185.6891971903     
   28031.8955814133        26889.4665196454        27065.4275175097     
   26891.8552338203        28119.1338533575        28437.1955425760     
   26755.4654061604        26613.0801503066        26889.0907210602     
   27502.0531074956        25487.7789870240        28433.8902351466     
   26096.4491384300        27022.3888407858        27287.8658283348     
   26091.2959673606        27880.7187580161        27880.0232441861     
   29025.0809871785        26547.8391579271        25448.7432837311     
   27317.8715906357        27485.9424576632        26950.2611389093     
   27078.8495563408        25606.8953462372        26755.1175367087     
   26306.5418833293        27147.0098190901        27035.8607831439     
   29271.9597110885        26832.9672131452        27931.7231684487     
   27242.5861139934        26729.3616660449        26352.3012609476     
   26912.6807968682        27647.6637553832        28896.0871380204     
   27536.7740062948        27445.4698972179        27053.3856711898     
   26257.1765791696        28346.3316190356        27092.4428741873     
   25675.0423537486        27283.4715817887        26069.4349640088     
   28316.5867869014        26848.6772071099        26913.3441445153     
   28806.2566208812        25150.5804180650        27289.1341109201     
   29032.5370275642        28293.8167784954        29015.5889472060     
   25588.4683385118        26790.2572618179        28252.5762480045     
   25606.8869527397        27190.3579887535        28013.4497715257     
   27557.2033758115        26794.6061565302        26419.6617558129     
   24693.9021088541        26583.3861304336        26358.1175207175     
   28594.2602449515        27066.6190395053        27229.2778836920     
   27044.5718440600        26328.8353502202        27636.2381145794     
   25728.6694939647        28658.3219321045        28103.8429170816     
   27507.3926593636        25924.8242038282        26740.4088369759     
   796608.000000000     
   34227.9185068845        37672.4599884625        39389.8764982819     
   36746.8406570481        38092.0499009425        32453.6785031419     
   26607.0434991469        30338.5124033368        31796.5509238881     
   22687.4861539258        26754.0085010909        32201.2733601977     
   23044.6624014426        36027.3291477834        28231.6274877586     
   31535.9091991455        35628.5685694181        28807.1326228371     
   30276.3663529447        31645.1108116168        17797.9746633502     
   22912.2080562408        43589.5965644574        25799.0259042401     
   28316.5951140722        34195.8790957373        19597.4150392015     
   32652.9175513009        31860.1539869449        29812.7687110005     
   30917.9276846482        34938.1973134474        27775.3595115663     
   19436.9355014186        26136.5919506881        29245.2176756730     
   24160.0948011240        24200.1923843555        27465.6699829377     
   30232.6262380515        26261.4341480907        31461.8691678171     
   35247.2921430292        24272.2699088294        40769.4444796060     
   31424.9680919622        34029.7647844859        33572.4709524379     
   48081.0462480477        36584.6067570771        32607.7352912192     
   27289.3714505095        33868.8392224179        30466.7741202585     
   37077.7312066957        23320.0229275938        33891.6310633870     
   32479.1316223456        18181.8082956404        29193.0030993627     
   38581.3088067568        29371.5614881688        27233.5143425375     
   35908.4785432775        29157.7671808390        24819.9877309455     
   29233.0709476418        42906.9266611429        32731.7300424800     
   36795.9033284103        30853.2690307833        30436.2214567284     
   41850.9641661429        22588.1862805839        29321.4134910461     
   29415.1677957764        33069.1771491188        18982.0055980817     
   29965.2644140799        26261.3449432336        43172.9058098306     
   29146.7057785682        41369.6147576512        30455.6086456546     
   28030.8868245063        27753.2961769295        27754.2179604521     
   42177.6472200342        27618.1062161124        22474.6284975947     
   32793.4598035394        25698.5515002808        29389.2091823830     
   39066.0926022438        35784.2310449218        31346.2894080686     
   25294.9738596363        34132.7517919180        30528.1916643183     
   26706.3582399649        32681.0914186438        37444.7645909134     
   23767.9056472260        34084.3730244596        32336.9242127761     
   26977.4369329792        30983.7460016544        37552.9700824813     
   28146.9126085399        31151.8822896650        22445.3990394438     
   23868.7963405181        42288.5734597413        24423.0261171969     
   31231.8841789377        27627.2348464810        30558.7740628007     
   37257.3451863098        25215.5071995057        25943.3742303781     
   33357.4277771097        29599.7029100030        31251.9701392439     
   23622.8436822318        27862.2450423059        28551.5309725163     
   28600.5341739738        35661.7973786589        22081.7405723167     
   27018.5901070187        21692.7776607477        28116.9992464851     
   36325.1841653805        39881.8710197116        27512.7255450169     
   27068.3961521894        27322.1542354652        38832.7178287976     
   29970.6167055012        31429.0566479091        31320.5686742939     
   33573.8684951979        39875.9091617673        34435.6766188891     
   32174.0807462821        23455.2723583156        28970.2139689498     
   37655.3475233904        26152.4258128096        23473.9607758618     
   39857.6667685062        34732.3571058687        32708.7449243207     
   36138.3297248713        18975.9991377088        29494.4114437645     
   34168.5378070600        34528.7916221441        32514.2337335838     
   25168.7935893784        27079.0412651274        32914.7635416134     
   27598.3176053297        30484.7340314723        35388.3993593621     
   34389.7658524750        27652.7920380179        27966.7931347359     
   39918.6531557570        31605.1619031470        44879.4244596172     
   35192.5352282937        43220.6452758137        29737.5838840069     
   45175.7927295972        29872.4467603483        30881.6213078401     
   32776.7933627524        23168.6274177510        45354.0835038322     
   23185.7696177755        31776.5839033913        35607.2040061613     
   39419.0910889567        33003.4629044458        40758.8885715251     
   29981.7673126290        38726.0882897038        27223.6572058365     
   35997.5941954427        38436.8712757617        41331.5986210836     
   25132.2939353802        29791.1365331726        30441.2912661025     
   30952.4945667443        24909.7426845860        35039.4596936437     
   39771.3759368134        30861.4015402485        30237.1905532358     
   29619.5658581666        33476.5162612343        45777.2564780692     
   28420.8012545503        26361.0759733844        31860.0499146117     
   26426.6415432957        38759.1386892305        30989.4253775514     
   24181.3998944761        22501.8359789865        31898.6607502261     
   34999.3472429361        30852.7338016411        29543.2213680318     
   34738.5865783841        21105.5123520184        27623.4733750099     
   26042.4064891489        28712.2929923464        28424.6965333069     
   35445.2377207614        29317.6222846227        33884.7028194916     
   26402.7495090900        32647.3868501656        29472.9428081745     
   40139.0040200780        28983.7731072172        30759.5147260530     
   39784.1322313676        36822.8283277548        38268.0808187996     
   28002.9805717346        36067.0550441106        31830.2852273186     
   34982.8740793393        23711.3795028263        22048.0806062670     
   33068.6121850243        20909.1278592840        29918.0601772390     
   39699.8931113863        27499.5232261776        31679.1275970945     
   40634.3734585983        29585.4003979271        46958.8045442802     
   18409.2063436661        31850.5198623865        27568.6718578460     
   33814.5878018722        21116.0533926231        36231.5190655072     
   33328.2577888635        27836.4202361980        38221.5010159578     
   25041.3793185984        28026.7834010833        24883.1001672887     
   32063.2734463844        30977.3678543773        23664.6956276513     
   28991.8610142539        37123.5081658242        34701.5814301960     
   26797.2133868420        30546.3002502938        30122.0865527248     
   26733.0899621192        31937.6135377925        21681.1364269063     
   26551.1120537940        32432.3734097898        23836.5933871331     
   26774.7932327771        34380.9494391060        38535.0263534384     
   26958.3024911479        37480.3275939129        29487.1263804410     
   36309.4246406399        28172.4995350291        26491.0623175419     
   30018.6832559600        36248.8694101980        42572.8544715948     
   31115.5610453808        28159.4012885230        28081.5254483426     
   33636.7579193985        24755.7007639849        28245.0974211689     
   26028.5351338819        43934.8788310379        29375.9325261629     
   31671.3519070575        37502.3463261212        28830.0136686633     
   41546.4039167930        31499.1121956238        25586.8521518128     
   37603.5343689367        29247.0909776705        31201.1828406459     
   29698.7054338214        31320.2564572943        28483.0662447518     
   28142.0509438322        36413.2888291660        19521.6652481135     
   36972.0234511244        31420.8498010630        32265.4562548251     
   36706.4159893409        30773.1333342250        29543.7863321263     
   38557.4019050748        34892.9109810324        33104.0116457859     
   36796.2750153146        29206.8595871535        33594.2964074560     
   28281.9836295476        40688.4018670014        25980.2158363283     
   34188.9359843658        28716.7086327690        35668.2052608883     
   41115.8566743755        28466.9796355354        31006.2553605763     
   24313.3041430596        33901.2057180407        37750.3060936905     
   29519.2103940166        24536.9555870903        25225.8103604917     
   34498.2984285187        33064.2411470302        32400.2745287380     
   38568.4484398694        35846.5257700756        27663.8831752410     
   41159.6116567449        38936.0021857531        38025.0867882712     
   25246.5504897494        28702.5845304072        36327.2953469966     
   41592.1214060169        36306.9417721194        29170.5829452978     
   34899.2445258810        37206.8106348068        32653.9582746329     
   25321.1703526484        36689.8536208871        34094.7951252550     
   31275.3269443075        28423.4179303563        31395.8873085730     
   41055.3163114098        33034.7886767367        29324.1788416138     
   27422.7178442815        40000.9000339315        26122.8544027067     
   27240.1452369095        32072.9224384189        37231.3271030117     
   32514.3378059170        45149.2096822046        32936.5592616791     
   29567.7973061414        30558.7889302769        33949.2574010234     
   28108.3017729254        24787.2049459899        30557.1832428505     
   37042.8818425524        32884.8799145109        29529.1418680984     
   39177.1675167126        38749.8465166240        42202.8327246668     
   28307.5854235130        31934.0453435116        25790.9379972034     
   31840.6627256855        42364.7395401621        35404.0250768171     
   40927.1586668212        24589.5864527334        33301.8531511849     
   29644.9446399894        35339.6786399518        32768.3040338591     
   31849.5237414831        27183.0095259868        34610.0572468913     
   31486.0585515462        37336.8564488689        29902.4790622124     
   41872.7598862086        31433.6060956172        49423.1481894225     
   21898.0975066604        29659.8269836359        31467.7864233329     
   34801.7584846319        39281.4331270953        36798.7876187874     
   33273.9468984132        35899.4688527183        26868.3393928410     
   32269.7083530099        30452.9027649916        29269.7044089256     
   36641.9060102377        28928.8823851962        28608.6518159628     
   32624.4612019109        27511.4172071139        26178.0573417273     
   27778.1397296102        43555.1188872183        24749.7537735167     
   36111.9696896213        39090.4009257823        41496.5830041461     
   29159.6999527411        27126.8848034436        39190.2062933140     
   34708.7326862340        30564.7210532689        30740.0085973174     
   26108.5221556785        43041.0015612472        24617.1656210294     
   31562.4922465381        39604.8750711816        30894.6303494892     
   27623.6517847240        28393.0882789687        24077.6397782832     
   21062.0993216009        41863.5123160307        26772.9942681605     
   28595.3305573142        38892.0390587174        24687.7712653625     
   24078.1750074253        25546.5612913911        39455.4866706218     
   23272.3875339440        41054.7662147915        31400.2732140432     
   27261.7774147373        37765.0397625754        20968.7613062034     
   32634.8684352301        27921.2540552261        28640.8696368240     
   31014.4622074223        32378.0476518633        25706.2825878893     
   28028.1214739387        33260.3134227649        30947.0530704659     
   40276.0078129879        39335.2236558797        40383.9902924132     
   31731.6692578806        31131.0232205980        44872.3921433886     
   43036.9130053003        31654.9679483177        24938.7342631182     
   35631.7948117471        24064.6604715864        44743.6844021818     
   32441.9777993958        38220.0142683408        32134.9792839540     
   27664.0467174788        23159.9448116675        32370.4503715402     
   31521.8594341645        30085.4679589172        21048.7483279999     
   30607.0190229736        33272.5493556531        26144.6352552963     
   25090.6650021031        25602.5076042202        33205.9727973623     
   36916.0622708192        23888.0051197302        23938.1085144243     
   38016.0324952834        47324.5890604997        32745.0661686049     
   36335.2940491763        31665.4049165893        27724.6316828730     
   29963.6884616058        30389.3591718394        35897.8482978157     
   35786.5355037282        39367.3820068362        37577.7095628288     
   32543.4780592109        32008.7841462200        34217.6450808507     
   37543.5143676370        28815.6962891113        30072.0872303639     
   30483.0837416174        36641.4005160479        22839.0303385303     
   38293.6528778126        17292.7629556051        23212.3377976919     
   37395.1666904091        18661.2844021346        30601.4734543620     
   27942.0685218646        26754.9451520897        36834.6925737388     
   28963.0627129119        29679.7791366566        38272.9722184596     
   26886.2398341502        24560.7435489629        34394.1071555168     
   29708.4584981892        30170.3315128977        30444.0863516226     
   30658.0144662379        36980.2600329228        27269.7909843932     
   28426.9563896848        30928.1713757296        42303.5896106734     
   28562.1909529304        40984.1011005537        23876.0070664607     
   33083.8959505274        29983.9974340545        27584.0745631584     
 ------
  0.000000000000000E+000  0.000000000000000E+000  0.000000000000000E+000
  0.000000000000000E+000
  0.000000000000000E+000  0.000000000000000E+000  0.000000000000000E+000
  0.000000000000000E+000
