           3           6           6           6
   5.00000000000000        7.91500000000000       -5.20000000000000     
   2050000000.00000        157755026.000000     
      273408         576      272018
   22292190.5999797     
   23899206.8000000        21805333.0000000        21222976.8000000     
   23220375.4000000        21872546.0000000        23376590.6000000     
   22248756.8000000        23362086.4000001        22680351.8000000     
   23186630.2000000        24445807.5999999        22566811.2000001     
   24042272.3999999        21549357.1999999        23713504.0000001     
   23027405.4000001        22121005.5999997        22729656.2000000     
   23307995.6000003        21709124.8000007        23458795.1999995     
   22459632.1999996        21861742.2000000        22966066.6000006     
   23378505.2000005        22860875.0000002        22833651.9999997     
   22343280.1999994        22809924.6000000        20564171.8000000     
   22269045.8000001        25236214.7999998        21792365.3999991     
   23029337.8000005        22629034.3999997        22883501.4000002     
   22490477.3999998        22271216.9999994        23324259.2000010     
   21609712.8000002        23932126.2000015        24274083.2000004     
   22290673.6000002        23277842.1999999        22286437.3999999     
   22150929.0000000        24114627.8000003        25172850.6000002     
   23007007.6000003        23062068.0000003        21608970.5999983     
   22487469.6000002        22774100.0000010        24001131.8000006     
   22886060.0000004        21951793.6000006        21813090.0000002     
   22568131.2000003        21146674.1999987        23878076.8000007     
   22504607.8000002        22645001.1999998        24075133.9999996     
   23472251.2000007        21874800.4000015        21388065.7999990     
   26165828.8000003        24315163.0000007        23257067.0000000     
   22724512.9999967        23181983.2000005        22558357.8000015     
   23927919.8000001        23190235.9999991        23902291.8000016     
   23653613.5999998        23721883.8000005        23656158.8000006     
   23363412.1999974        22176708.5999991        24031526.0000005     
   23115618.5999979        21954467.8000002        21881433.0000006     
   22666073.5999985        21167429.8000010        23753913.8000001     
   22184012.5999991        23315277.8000005        22933332.9999993     
   23753633.6000012        21040319.9999994        21889867.6000018     
   23116057.3999983        22826658.0000005        24268353.3999970     
   24074851.7999997        22620192.6000015        22119482.8000001     
   21622478.9999977        22670958.6000036        22974480.6000001     
   19899077.9999995        23255408.7999993        22729901.4000028     
   24005712.9999981        22901135.9999982        20302052.4000012     
   23697316.3999987        23086920.4000035        23723288.5999998     
   21980049.9999983        22785346.7999984        22179564.7999997     
   23695747.1999998        21901103.4000021        22535989.1999995     
   23242753.4000031        23315929.6000011        21214363.0000029     
   24142749.0000044        25026405.5999993        22186166.2000008     
   22816424.3999991        23399747.7999970        22179399.0000012     
   23388100.9999984        22537432.6000031        22661935.9999983     
   23352935.1999981        21785493.2000005        24920843.6000002     
   21931128.9999932        22271078.3999988        22933573.9999978     
   23562573.3999983        22839066.3999993        23255708.1999959     
   21877344.5999998        23211183.3999994        22636580.2000004     
   22869868.1999998        23134319.0000012        21941025.4000051     
   22714306.2000064        25086464.8000032        21160518.0000011     
   23481159.6000038        23109477.6000025        21766902.9999989     
   21460424.5999990        22375933.2000077        21564695.8000022     
   23269771.1999936        23417064.0000012        24456051.9999998     
   24290900.5999953        22378060.5999980        23993138.3999998     
   21442161.5999974        23517347.0000000        24054622.4000016     
   23521123.8000009        24389734.1999995        24722870.9999991     
   21957785.2000046        22623407.3999996        24698874.4000046     
   22643467.8000070        22807109.0000017        24705949.7999965     
   21839039.6000006        23524520.8000071        23992612.6000005     
   23794299.4000017        23115975.2000046        24141794.4000058     
   21766420.9999969        22812761.1999971        22074729.4000031     
   23132952.5999993        21259686.4000032        23220428.4000003     
   24160715.1999961        22694312.2000012        23409699.3999964     
   24435505.0000053        24215113.3999990        20845555.0000025     
   21522994.7999992        23726001.9999933        21878755.7999978     
   24346772.3999956        22214710.5999976        23798116.2000002     
   23533142.5999982        22939113.7999975        21581289.8000005     
   23188032.6000034        23703762.5999980        21701250.0000001     
   22604928.6000072        23315363.4000032        23411174.2000034     
   21721783.0000007        22772236.1999977        23067733.7999990     
   21841185.6000011        22570331.8000001        22816342.1999969     
   22359803.6000019        23711876.1999995        23275491.5999944     
   22942620.0000047        24136790.9999961        23924148.3999971     
   21809195.5999983        22754920.8000060        22367169.2000010     
   23680588.4000053        23222931.2000015        24630685.6000010     
   21581114.9999997        24700839.6000013        23640791.0000005     
   22201970.7999995        25247315.9999987        22541293.8000011     
   22865803.2000026        23255003.5999984        23341016.5999964     
   24708473.2000032        21806603.7999972        22801183.7999989     
   22111034.0000067        21849965.1999997        21494355.5999972     
   21309786.1999963        23599504.8000031        21868043.3999966     
   21358866.5999985        24249649.7999954        22836793.2000021     
   22274893.8000051        23718137.3999992        24197891.6000029     
   22981933.0000029        22656299.0000029        23789038.2000087     
   24339786.3999976        22424045.4000041        22452268.1999997     
   26147319.1999964        22779966.3999933        22736170.0000127     
   23175487.2000039        22049789.8000017        23819481.5999971     
   23329225.1999996        23902847.7999961        22196234.4000099     
   21919218.8000010        24477105.5999938        23825159.8000072     
   20872245.1999973        21508303.5999947        22159188.9999916     
   22952641.2000019        21994112.4000020        22030902.5999971     
   23240139.6000150        24040726.2000196        21257636.7999991     
   23920967.8000043        23094042.1999928        23764239.6000098     
   22090292.7999980        22387715.4000056        22225050.0000017     
   22433975.1999933        21812182.6000000        23418738.8000018     
   22600696.5999991        22660234.1999959        21777112.8000046     
   22989324.9999843        23677412.2000035        22844722.0000044     
   21942019.1999943        22624033.1999926        23109884.8000002     
   21943437.8000033        25648826.9999996        23179580.9999996     
   22429256.8000030        24547621.3999967        23176139.1999983     
   24189264.9999956        24424897.2000113        22514576.1999933     
   22452513.6000059        23338910.6000033        22875976.8000014     
   22709632.0000033        24079932.1999948        23644911.6000015     
   22570605.0000033        23606123.9999937        21778153.0000028     
   24007875.9999966        22471245.5999994        22509339.7999958     
   25069674.8000034        23814948.3999917        23319028.5999996     
   21221906.3999926        21824034.8000118        22805187.1999936     
   23147923.0000073        23364558.4000030        22563702.2000008     
   24398848.6000019        24353935.5999964        20934551.4000022     
   23650658.5999965        22832497.2000005        24813104.2000016     
   22747041.9999922        23387470.9999917        22640531.0000174     
   24357821.6000043        22678563.1999890        22110089.5999964     
   22270576.2000019        23999919.0000103        23728489.6000022     
   22673876.3999947        23922726.4000050        22273346.7999842     
   22902857.0000024        23398448.3999943        23385339.7999974     
   22517687.9999945        24122303.9999991        22582857.0000133     
   23121098.9999998        22389899.0000006        23156193.9999928     
   23512541.5999955        22877643.0000042        22998821.7999892     
   21100447.7999991        23000558.8000001        23533029.9999950     
   22658367.9999990        23274695.0000045        21343930.4000047     
   23470043.2000001        22093606.2000009        23341335.5999949     
   22447091.7999871        23363349.3999952        21808567.0000075     
   22884913.1999960        22047648.1999938        21739263.1999960     
   22657297.4000048        21520821.3999901        24220967.6000099     
   24176990.1999985        22537210.1999990        23398927.8000105     
   23341765.4000048        22488053.5999937        22814261.4000136     
   23134184.9999922        24376600.6000003        21248999.5999998     
   23372278.8000009        21594595.9999968        22784000.7999926     
   23549510.2000060        22210422.9999998        24950452.1999958     
   22367416.7999985        22609321.5999951        22857581.1999966     
   22699191.4000047        22402506.5999945        21100138.5999967     
   23148721.8000035        22521357.3999965        21681196.2000006     
   23813265.0000008        23661363.8000126        23781222.0000148     
   24802529.4000047        24391801.9999947        21570636.4000063     
   23105533.5999991        21652445.2000013        23439474.2000029     
   23614363.1999952        21638374.1999994        23738674.0000059     
   23127733.3999936        21729509.5999954        23718271.2000147     
   20240703.4000006        23498454.7999989        23769425.1999998     
   21556305.3999908        25200736.9999972        20616786.1999963     
   23249472.9999858        22455083.3999945        21637287.5999976     
   21558210.0000027        23924862.9999948        23343745.4000036     
   23843831.9999972        24632063.8000059        22118768.7999948     
   22299770.4000076        26883264.6000031        22723430.6000031     
   21930446.9999927        24298791.5999951        21635106.5999970     
   21397196.9999979        21689390.4000028        23191121.7999919     
   21468772.6000055        23176267.0000037        22345166.3999960     
   23295333.1999976        23685813.3999980        22299997.4000154     
   23433055.6000031        23709737.0000084        22262396.4000058     
   23387232.4000060        24125019.2000049        23604131.8000041     
   24732259.8000126        25341177.0000047        23041096.6000062     
   22486458.0000091        22180640.3999982        21307641.7999977     
   22390087.7999971        22889843.6000079        23349873.1999906     
   23044781.8000099        22248860.7999960        23008113.0000065     
   23736925.8000040        24760083.1999959        21671272.2000032     
   23722054.7999959        23505261.5999954        22057086.0000054     
   24147193.6000015        24426246.1999999        23476013.2000048     
   24345736.7999986        22142588.3999996        22264891.6000084     
   24699137.2000010        21705725.2000065        23846591.7999959     
   22178441.6000036        21971446.1999977        23220263.6000048     
   24097381.1999948        24396887.7999949        22592680.3999982     
   23488989.6000165        23559267.3999963        24288121.8000090     
   21426320.0000017        22602959.8000023        23281828.6000076     
   22408220.4000113        21748612.8000041        23291461.1999917     
   24112298.3999963        24724214.7999980        22396866.5999969     
   23146794.2000012        23255680.9999945        22806444.7999964     
   25448601.5999995        22496870.4000020        23170012.2000001     
   23335049.6000067        22656587.4000028        23975461.5999935     
   23024354.4000032        22970335.2000065        23541410.5999858     
   23792791.9999772        22435936.1999957        24581242.9999888     
   22031914.6000016        23702907.4000127        23278148.2000079     
   24222230.9999783        24715428.3999726        22144868.7999818     
   24275139.7999942        21311475.1999970        23501346.9999903     
   23559674.5999964        22413253.7999687        22455072.6000202     
   23050526.5999946        21766408.1999941        23824441.4000043     
   22408193.7999969        22650248.1999920        22961325.2000058     
   22343971.5999901        24661758.6000072        22527352.1999988     
   24438099.9999818        22445275.4000080        22580062.2000012     
   23632024.5999735        24059803.3999936        25057179.3999756     
   22738737.6000092        25487041.6000141        23382804.5999885     
   23079926.4000089        21759328.1999849        22131735.9999872     
   21654572.1999985        22657406.1999954        22017385.0000019     
   25254160.9999895        22846096.5999945        21665545.1999921     
   22868357.7999787        22417865.9999863        23056753.5999968     
   22766378.9999954        23190956.2000062        22228284.7999978     
   24181218.2000021        25911294.7999823        23975242.7999940     
   23413431.0000040        22958149.0000124        21361028.7999639     
   23615780.4000246        23012901.3999815        23241221.2000113     
   23388971.8000035        22255936.3999954        23774668.8000106     
   24266807.9999976        21496807.6000110        22462230.3999975     
   22144057.1999807        22622315.5999975        22824547.7999891     
   23255142.6000135        24392782.2000192        23778230.3999711     
   22182918.3999961        23705091.8000125        22129311.7999727     
   22300255.4000109        22395760.1999816        21485706.5999884     
   14906014.3555406     
   15114046.5489689        14849881.8227291        14184197.7539552     
   14940685.9374932        14649142.5222338        15135161.4450378     
   15214872.6812562        15313164.9534967        14952287.2576563     
   14793610.5485062        15126226.3392664        15161737.4000630     
   15388726.6878232        14167172.2668002        15225173.3222120     
   15073886.8152378        14799944.3422457        14979921.3090951     
   14856827.6642198        14384959.8264569        15453360.9368665     
   15317554.3297547        14685893.8758593        15053950.7328663     
   15343038.5859510        15054847.5689310        14977897.9943339     
   14984201.5248008        14630939.7145684        13908452.4565353     
   14807292.0872832        15277751.1451564        14020081.7718577     
   14961120.0972448        14983982.8395316        15290644.3701551     
   14476749.0289944        14881793.1009395        15365787.0255500     
   14422925.9120415        15019540.1871324        15282143.7861810     
   14824748.9424155        15184419.9883133        14737912.2201065     
   14727552.8549198        15308238.3141620        15119697.3717269     
   14855996.7937754        14768659.3410041        14437291.9420753     
   14904407.6079330        14732868.1451371        15162080.2251762     
   15269665.9771546        14708866.1194481        14580373.9274132     
   14740708.5589323        15301927.0648921        15314828.4767703     
   14696851.9283455        15191085.1799076        15485518.4701702     
   15248814.6992625        15000319.2489633        14860225.8072667     
   14874148.4330906        15309879.5988029        15087920.4118318     
   14386350.6409590        15101978.3917956        14743384.1437538     
   15443895.9916293        14468976.1814412        14978702.9500052     
   15221130.4139101        15342710.7747306        15132623.0974413     
   15037303.1254178        14276532.7429217        14853009.9140067     
   14594225.7666557        14817535.4810111        14854431.9731974     
   14986748.2059873        14195845.2536601        15201852.0634542     
   14717366.7443529        15103698.5746301        14700139.5755361     
   15143175.7207081        14911354.4850727        14835692.0176623     
   15093115.7346330        15596326.0019521        15052249.2324326     
   15256667.1343595        14969098.5389791        15132501.4651523     
   14072373.9230221        14811623.7076502        15238187.9785342     
   13930815.8645265        15292133.9384397        14570129.1359492     
   14761016.2388484        15211252.4800838        14485411.8151955     
   15167126.0047915        15394004.2266197        15384639.8007979     
   14596403.6455158        14459974.3857888        14801123.6984442     
   14800626.5492056        14964538.4599515        14991194.4430204     
   15167979.6870723        15466225.8241533        14619058.1852629     
   15248971.6044012        15501444.6020441        15084105.1850196     
   15156293.4770896        15204837.1636845        14945219.9282082     
   15516586.7357407        14901825.8956289        14552734.5466302     
   15435394.9029321        15052321.2869129        15562464.4485475     
   14522360.7496306        14853513.4138342        15069108.2666765     
   15246869.2069009        15294495.5764408        14904355.5137842     
   14909889.3642689        15236324.9207294        14771952.2782507     
   14646990.6531807        14855088.7402041        14793958.6438757     
   14816477.3244603        15224110.4445255        14054122.9087893     
   14740159.5179469        15227713.9706394        14333696.8279365     
   14830869.0742114        14778884.1194855        14495922.1416563     
   14765912.9972541        14969119.7227734        15329407.1227405     
   15385360.6564464        15260153.4720058        15097752.0341688     
   14539055.2496455        15288811.0065498        15361430.2446176     
   15313953.4865972        15439612.9306013        15367152.9299115     
   14773882.8162152        14791315.7383076        15405466.5536090     
   14784096.0488802        14968825.7526420        15198662.6394089     
   14601550.5099439        15121325.7219393        15198864.3703990     
   15921688.1459297        15453675.3350767        15643802.3186231     
   14955614.2425419        15124728.9493882        15104263.8350848     
   14724043.6017573        14798472.7867013        14498125.8473267     
   14936437.5841698        14786132.9068242        15239156.1775425     
   15263127.3656618        15354095.9318396        14385412.7337457     
   14889442.0106180        14742396.1158801        14844999.3507928     
   14893233.1423154        15168731.4688089        14698689.5635598     
   15166625.9620840        15093562.9450938        14662711.9603721     
   15036420.0774211        15267657.7098600        14351538.8667565     
   15265676.1030952        15168468.1129492        15141731.3276271     
   14502325.7249732        14937514.8951791        15410255.5448010     
   14990391.1655952        14597422.9141026        14529056.0040877     
   14512770.5738676        15184818.5211718        14754711.6882540     
   14996469.8991947        15113018.9056234        15041968.3391643     
   14824789.8825204        14834170.3272778        14723878.5782298     
   15398612.0397404        15160425.6776396        15770870.5481548     
   14679824.6832265        15383930.0940245        15184334.7694395     
   14825640.6763848        15793037.1489541        14797066.6021131     
   14638213.7181609        15234006.0451003        14786770.6959102     
   15256765.9835723        14951678.7488044        15105277.9690351     
   14859916.2518224        14543442.8085561        14283056.6632625     
   14846188.8392161        14740265.2175322        14840596.4605053     
   14119890.4138182        15151509.4208952        15154364.8540196     
   14646804.0735031        14784421.6859997        15563945.2565923     
   15051120.4026293        14811375.5460454        15426924.7216801     
   15034798.4496693        14947914.8442978        14759228.9010329     
   15535301.4846618        15072933.4540907        14906977.9078585     
   14819163.1995516        14218294.7254109        15216620.2528425     
   15403504.2359324        14673338.8556941        14888544.5576564     
   14640271.6303702        15300082.9772503        15425469.7901133     
   14325302.2468033        14758621.2781754        14968150.8475073     
   15369309.4731441        14837969.8932372        14863397.1148625     
   14741223.8865291        15488119.9363064        13880816.4518239     
   14825581.0091597        15086988.2400078        15079874.6843531     
   14599894.6410871        15081518.3692030        15043988.8785041     
   15079496.3647678        14689923.7546723        15613894.4340840     
   14785710.8020309        15009020.9760788        14600622.1670204     
   14836867.0112764        14931705.8781527        15051021.8491159     
   14871313.6557022        14898456.7349903        14742562.7944921     
   14494730.4530393        15543191.5060524        15231237.4328133     
   14652842.7364343        15849084.0379244        15258642.6366342     
   14991927.2738328        15597156.2627231        14786948.4149171     
   14519851.2876015        14896475.3211436        15280113.5249033     
   14700481.6601307        15453200.5580835        15304135.1279805     
   14776323.4664720        15170057.0005707        14794724.0599498     
   15437302.1214699        14844897.3953732        14740757.6794368     
   15269754.2055569        14752691.6646979        15287940.0019531     
   14734426.9088409        14744075.6724891        15109070.5557365     
   15030441.4648616        14913040.6478640        14625647.6603894     
   15687886.4619511        15202475.9090408        14661616.2350252     
   15005600.0426801        15091839.7802978        14976814.2903733     
   14821446.2479449        15102673.2950373        14535599.6894863     
   15388907.7174507        15121975.5813800        14783561.4330832     
   14617640.7823286        15329923.1433942        15265756.0886697     
   15364867.3319053        15053716.3686042        14802399.8785598     
   14891978.8649998        15271099.8480475        15516395.2129453     
   14567273.8764525        15113520.2378247        15097121.0678174     
   15365441.7145147        14773957.4386337        14912773.3374762     
   14810870.0027990        14833431.2060440        14883471.9877505     
   14665685.3787399        14936797.3990946        15254858.4240123     
   14907860.4190369        15032617.7219561        14456190.9063635     
   14784382.0792763        14463570.6681682        15166622.2915429     
   15214416.8625357        14926474.7103610        14668014.3773346     
   14994024.5298364        14808477.5901597        14765814.8733035     
   14475500.7116461        14485505.2688708        14979169.8281784     
   15310544.3007091        14477670.1019176        15702440.0683460     
   15149079.6208096        14881379.9715803        15189479.9627623     
   15117217.9754977        15381554.8746244        14709409.8891802     
   14983060.6168101        14716884.8622284        15180654.9054207     
   14987308.0933439        15236417.9466412        15777080.0353353     
   14955215.9582620        14759202.6591452        15230242.5496911     
   14849308.2654419        14900159.8750094        14496128.2697087     
   15070498.0527456        14817149.7377757        14537141.5855686     
   15822118.9628250        14881478.0088220        15062855.6959244     
   15385798.3370052        15547399.4696260        14544964.4264613     
   14747474.6185953        14546944.7319116        15644625.6369948     
   15108934.8968990        14860198.6500472        15515321.7362389     
   14836022.4592626        14534276.2148356        15230984.8862654     
   14008040.9899066        15388124.6063455        15015457.8331052     
   14586621.4004639        15297305.5232534        14697409.7072799     
   15269361.6139131        14730749.1877283        14454354.4554162     
   14731254.2965072        15518227.2227713        15512700.5593672     
   15216894.3879359        15479118.7905337        14951449.2835213     
   14923090.8901319        15647382.4643600        14916783.6512355     
   14602578.1639358        14827159.8664880        14513311.9424913     
   14031045.3421166        14616165.5879642        15297094.4418893     
   14164427.1063528        14695941.0282869        14655234.4199627     
   15083069.2579567        14984096.2146403        15196041.8807791     
   15034520.3349438        15159587.3016941        14867755.2302503     
   15038314.3221414        15775260.1171607        14910099.8113851     
   15074910.4039849        15141095.6276158        15083322.6520580     
   14896415.0072865        14889598.1822536        14449463.8190511     
   14107069.4573104        15112698.6505180        15254253.7693302     
   15016187.9498898        14851090.3656493        14959871.8394112     
   15279011.1419269        15689532.5080406        15143682.1359707     
   14663815.6321831        15420361.8567732        14823431.8787333     
   15180423.1376615        15355218.1800036        15149817.9177286     
   14888656.9574349        14363953.8220710        14780905.1035277     
   15532358.7413492        14795377.6412417        14983110.0852207     
   14499547.8055179        14417416.6829750        15153923.3465749     
   15315033.0916887        15225803.9687420        15011922.6021223     
   15007540.4492517        15807811.8297046        15329116.4448808     
   14547637.8598532        14959990.2799153        15360245.0668680     
   15215622.3964231        14804550.5788112        15333955.6371451     
   15432395.3637828        15247348.2012852        15096196.3368319     
   15099486.0411871        15460030.0135258        15222539.6270007     
   15499842.1478445        14405820.9162183        14808878.0393270     
   15249392.3120954        14534748.8048284        15205562.4419868     
   15253741.4212450        14972497.9298885        14894563.1068332     
   15283835.0093621        15039525.6908669        15029885.3502709     
   15007409.2887408        15098664.3690918        14968743.1436384     
   15183755.6603467        15750389.1941989        15140623.1836288     
   15472781.6333676        14436257.5370559        15258817.1781189     
   14869577.7797121        14957805.1014841        14965140.3890035     
   15114542.4371876        15386323.5318498        14996720.7637492     
   14944032.9159938        15044051.3114062        14966125.9218538     
   15033452.8388683        15372533.5071403        14648705.3123361     
   15381468.9072030        14736023.8240033        14678548.6568684     
   14920510.6211513        15401507.4468438        15526479.4489007     
   15048500.4247900        15476657.7489815        15463893.7217535     
   14900965.0503966        14303094.9771971        14791596.3952807     
   14321677.9619875        15019044.4208784        14560249.0935716     
   15221100.5711323        14945555.8288987        14660382.5863720     
   14961507.9659918        14629866.0287489        15354500.6790602     
   14778495.3084936        15354442.2211816        14182495.7262992     
   15230367.2084685        15811090.7188843        14721333.7524496     
   14977601.7719593        15013480.0573411        14921873.1850196     
   15077077.2347568        15069739.5804298        14315488.5205852     
   15068900.3014372        14717479.0887330        15057412.7271494     
   15330468.8524626        14481380.5258583        14608074.8813006     
   14703587.6021339        15081688.6827825        14688884.3862945     
   15141440.4450736        15198969.4560201        15223437.3958987     
   14543549.7821428        14758045.5188857        15149107.0052874     
   14858488.5111164        14867773.7462930        14801519.7667011     
   44716.4592758685     
   45621.7078115232        44269.9574289006        41896.2343611544     
   44722.3389815551        43423.8916933629        45251.0701504181     
   45021.3121384266        45955.4529763168        44271.2750483296     
   44748.3591504069        46957.6696868664        44535.0860840039     
   46510.3765747510        42870.7350431241        46340.0571849254     
   45293.2647692909        43459.9015539321        44730.7416972578     
   45190.7545529604        43762.7765842110        45347.7239684986     
   45867.4979071073        43490.4954813357        45584.6037234222     
   45960.1531367545        44901.5423656521        44527.4786429451     
   44034.9555485701        44925.0549666366        41261.7395909548     
   44234.6522330232        47799.6155984837        42593.1352914907     
   45260.4952411530        45104.8238052247        45193.0780773730     
   44749.9485934980        44571.2859616785        45719.7239283791     
   42854.9730297194        45885.0838111545        46848.3764715482     
   43714.5064999747        45138.2527443078        44261.1364325876     
   43732.1546837557        46656.6522616409        47533.1424279040     
   45006.9177213447        45424.6658402824        43719.6282387817     
   45000.9934121941        44074.6812739331        46110.6616751226     
   46255.4522234894        43993.6953417533        43993.8301740342     
   44347.7631522863        43773.2395976611        46857.4100332636     
   44720.3086785878        44916.1520101829        46212.6802647606     
   45404.6086363414        44276.0231973178        43604.3489984796     
   48452.6383888753        46878.8847458559        45758.3357290250     
   44073.6760148735        45431.1824856400        44952.6598797969     
   46678.0842155528        44850.4999048980        45166.8966392256     
   46389.0786365388        46486.9056568311        45359.7319054664     
   46203.3837384439        43360.7547857307        46069.0230556738     
   45186.1426675123        43682.1070959829        43917.6452668577     
   44659.0312256696        42320.6127338390        46056.9368738838     
   44180.6450007480        45975.9997027274        45011.5609452947     
   45887.6761082640        43182.4032382905        44309.2234863665     
   45673.2508631544        46033.6237180648        46450.3526328081     
   46962.2618944438        43872.2478764608        44607.7828428197     
   42952.8408770153        44679.9207154609        45678.5808198892     
   41101.0870566413        45357.4486661416        44481.7907823657     
   45839.7487259806        45859.1011969620        41778.8198033932     
   46537.3282425690        46045.4843120898        46154.0586650514     
   43187.1897876916        44577.5557398548        44421.9807303151     
   45408.9280688162        44175.5956768050        45006.3849251887     
   45686.1783068068        45663.0921769898        42779.3176750196     
   46594.4432939820        47797.8150386232        44558.8429139537     
   44945.4329055687        45490.5511521474        44705.8589356026     
   46818.0836347223        44623.5763514197        43956.1673646362     
   45843.0313267433        44406.3634692568        47956.2824097947     
   44143.9261597779        43816.1690947055        45312.0302642709     
   45430.2462618364        45312.2683355340        45121.5591700649     
   43642.1673609778        45795.4314152174        44443.1623156194     
   44389.1803532634        44733.4752061893        43534.8020094678     
   44414.5709922373        48153.1627793568        42339.9416404783     
   45276.2849184963        45550.9161990993        43970.1066762210     
   43501.6716735362        44476.3493839241        43526.4024431591     
   45320.0799006022        45706.0533682238        46889.2769030765     
   46816.1299042271        45207.1218520300        46348.5950049291     
   43184.6315612214        45752.7757844988        46204.4866035028     
   46342.6340023525        47151.2699358193        46579.1860715747     
   43775.0257270338        44289.5248219946        46777.0140959516     
   44402.0235702192        45371.2445881061        47318.6900700864     
   43498.4729818730        45396.6684437471        45487.6665136208     
   46752.9924683201        46346.6649119695        46556.6988329165     
   43758.2139788020        45621.5516907096        43887.0075897004     
   44374.7162515310        43466.3364315638        44524.0937439108     
   45868.2197786733        44796.9186692077        45464.5987288718     
   46935.3248070776        46901.2130007661        41824.9713509067     
   43643.9535549151        45779.2553299374        43937.2225854415     
   45892.9934423981        44621.1399555073        45438.3722553758     
   45679.2773733077        44882.8598993286        43559.5447005399     
   45647.6093683125        45623.5553807209        43617.7703970364     
   45308.5021702224        45642.5356621444        46122.4033859131     
   42927.5448896563        44880.7120741510        45794.2834893921     
   43561.5941945207        44384.4880462438        44880.9560807033     
   43374.5506246517        45199.3515864857        45231.7570433903     
   46020.3791592925        46820.4680522485        45787.4646538285     
   43720.9277251622        44787.6704124263        43456.3371449553     
   46356.5064298162        45551.4435994151        47941.2667066281     
   43756.7542799812        46950.0263695860        46573.4240527517     
   44925.8036396854        48003.8889969592        44566.7074004661     
   44737.3323229338        45788.4433814225        45006.3672101717     
   47497.1991289684        44232.7429157677        45229.3065839506     
   43962.6141450342        43099.0998802025        42843.6101122259     
   43341.8840860310        44970.0666982151        43419.1772027893     
   42064.8325176396        46874.4646965064        44918.3521302640     
   44101.2696077926        45992.9203042054        47565.8160726145     
   45317.0581883223        44921.2721377332        46826.1368043429     
   46260.8932578952        45302.9822938439        44221.6069837851     
   48732.9892527433        44562.7848422889        44917.4349897638     
   44843.4140951360        43110.3922937688        46387.9330902327     
   45258.5758199141        45518.3871459275        44213.6804161765     
   43760.9370872485        46750.3034773528        45464.9899859013     
   42385.0198095533        43209.2092195851        44584.7817461095     
   46300.6041004469        44915.6326200296        44289.7505592087     
   45195.5941645972        46746.4546512561        41725.6986150837     
   45469.1359728942        45478.9088590937        46135.7259596613     
   43414.9927301159        44313.4573359303        44280.0195321619     
   44471.2933330663        44110.6962173189        45287.5148274580     
   44283.0559321832        45119.8435557777        44100.4672487309     
   45011.1945722645        45653.4996243506        45209.0731268212     
   44088.0222010493        44833.4582689115        44818.4138896747     
   43468.6269133600        49041.0272810068        46075.9305807260     
   44374.7335956246        47666.9187383203        45800.8024539762     
   46917.7855300849        46575.6230837376        44162.8220813917     
   43311.5178150327        45129.5694068698        45196.1880138745     
   44795.0081707428        46671.4576574754        45684.8019027660     
   44794.6012158365        46720.9798689342        44178.6097738300     
   46309.1729632447        44996.9354529870        44688.7280703785     
   47727.2540273522        46533.2455893327        45594.5601466219     
   43057.8231889848        43960.5292394827        45071.0951406613     
   44668.3195481293        45594.9006278502        44710.1343732057     
   47601.2237711676        47493.4123440941        42467.3607792364     
   45981.5243869940        45363.5983739975        47260.2954972333     
   45239.8176162091        45571.2535750806        44628.2061243750     
   47432.9107837696        44565.5040324553        44635.9322501357     
   43415.3882048268        45810.8201431827        46500.6897396330     
   45251.0472977294        45848.2116064336        44359.2198971450     
   45122.0535175590        45827.8479597110        46337.9329240264     
   44494.2783208021        46394.0547647282        45110.1534982204     
   45304.4155217308        44336.4467260328        44757.0429792851     
   45671.0563243723        44201.2534715874        45029.4104188913     
   42623.8123501085        45152.7358977671        45849.5811735199     
   45121.0240621701        45329.3748948426        42898.9185694786     
   45332.0575787131        43676.8130714088        45796.3375721781     
   44728.3337004675        45935.0128526753        43691.1677195007     
   44810.9742965694        43831.4335557131        43848.2463279362     
   44168.3363297790        43621.4974037303        46243.9745130525     
   47094.9418124255        44538.4787088355        46137.4482971806     
   45766.7993165563        43992.5627191168        44917.3104799435     
   45321.6239992572        46760.8541008901        43002.4960100966     
   44753.9390920943        44318.8806992020        45112.2380098878     
   45919.4223026271        44639.8124364292        48118.2953783002     
   44369.8857258192        44364.7884856252        45409.7332730743     
   45331.7541477758        45131.8877989388        43295.4785993898     
   45216.1344211058        44920.2893548839        43690.0874370259     
   47434.4691519819        46466.8072423430        46099.0460656691     
   47499.0357230105        48132.0226616834        42927.1359959851     
   45908.5082667125        43314.6648972205        46420.9944872122     
   46043.1847981327        44317.6220486216        46817.2948969378     
   45355.1253982956        43664.9400437805        45623.5780882310     
   41069.1879514938        45896.4374172197        45619.4597958066     
   43382.3795453269        47107.6385075746        42710.4745776861     
   45603.8127579612        44507.5820050805        43302.9188503617     
   43447.6870934790        46259.7908791758        46186.2975098303     
   46274.3884634542        47779.5761162194        44158.7785220436     
   45126.3872645751        49300.8817866950        44707.2309545304     
   43719.5992814099        45959.9926452931        43772.4600212316     
   42458.2788060000        43477.2309540119        45789.2402970460     
   42954.6481157319        45004.5328489876        44485.7958280853     
   45695.3177770590        45846.9389134332        45035.8476565675     
   45405.1294819703        46577.5712726609        44903.0942387735     
   45348.8709410994        47432.0106718133        46062.7477004624     
   46780.0783038583        47099.1765925403        45019.1336913682     
   44076.7858014615        44710.6432772081        42746.8900297511     
   43233.8501021344        45045.3205789701        46362.8319433534     
   45481.5379502147        43753.8310463090        45556.1556529502     
   46021.5717982730        48306.3081537014        44008.7047387342     
   45303.6173390402        46135.1006607560        43932.3803065813     
   46139.2511859135        47029.4663197332        45851.5195834775     
   45758.5822432419        43186.4009956905        44016.7273961299     
   47141.7840357689        43484.3446489947        45482.5614470399     
   43490.5389485798        43393.4125827555        45649.4909224864     
   46589.8521068547        47344.5683730219        45069.8767780783     
   45364.8235744185        46425.6837731543        46996.6747379808     
   42751.5354475469        44844.4566249899        46433.8922248169     
   45514.6225902835        43090.0056649868        45711.5298924283     
   47007.4334365795        46853.6335202956        44921.1202578207     
   45439.1809746205        46346.1832006901        45315.9693928292     
   48478.1127179917        43875.0984215069        44847.3907543858     
   45435.7318944771        44275.5681540690        46184.1106736652     
   45551.5023215028        45115.0993303555        45894.7110481684     
   45807.8661862692        45041.3088765473        47048.4455410682     
   44537.1082903211        46039.8474451052        45116.2972405896     
   46113.9727671394        47920.4071835137        44156.3926819780     
   46548.9232843730        43016.0268989086        46208.9151955356     
   45985.7614075699        44909.1142428488        44582.5936796866     
   45123.3386368874        44806.9028748034        46529.4296774398     
   44770.6953252845        44640.3670104350        45449.5362784455     
   44533.5739888281        47153.5335814411        44475.7681922251     
   47574.9543985405        45015.9290357919        43818.0272126499     
   45583.7255811889        46760.3330127253        47924.1123852009     
   44916.3107197561        48532.7875346370        46180.6355878181     
   44879.9626755149        43433.0357313771        43975.8085756143     
   43074.5056074706        44376.0463929381        43852.2752447915     
   47637.3901718323        45018.6979124238        43548.5655240075     
   44906.6348418302        44651.6648128731        46100.5341238275     
   44367.9416152545        45583.8355795686        43167.3771401155     
   46544.8813328011        48731.2917880724        45671.8833501636     
   45351.0302984404        45490.9199715543        43554.6350298130     
   45760.0007224536        45135.1457410981        44663.4948131818     
   46191.3864067894        44079.5548702049        46306.4813287692     
   46956.6006121056        42830.4419867418        44663.4421337350     
   44009.5215569135        45204.5735444128        44657.8341670967     
   45523.7420526539        46780.4845081006        46047.8500142596     
   43672.3648100612        45571.9183278472        44228.4951300215     
   44542.4996011763        44203.3848026497        43063.7682519602     
   2605301.00000000     
   46845.2318938148        41140.0757930570        36799.0552333584     
   50868.4304154196        53908.0413160217        44029.8076663857     
   44078.4689158913        54603.5567187474        46593.8823416787     
   56027.8163334396        45644.6088556772        52473.6569500574     
   49490.7803385215        40596.0451050311        53978.0373938317     
   47523.5902290400        55254.0682711054        50127.4948729934     
   51086.4470859818        49815.5454879869        55883.7356218726     
   46702.9055444360        48689.4977103198        45172.0163906499     
   43379.4745237417        46153.3144203223        42895.1813549683     
   39819.0261979395        62394.1737019220        49005.2977716545     
   46536.0924618045        36688.8426325075        44439.3917674030     
   47076.0345938835        57355.5265578815        49562.0252843298     
   37814.7268679367        45695.8570460365        56576.4262041260     
   45158.7546019060        46527.0381688167        51691.3600889253     
   46778.4174559052        45100.6376375560        46390.9710269056     
   43004.4424373443        41971.3907231228        42386.2527781806     
   48689.2449632249        47914.1885629877        47303.5367142424     
   43187.6543461916        39443.7562319233        48451.1274648804     
   48481.4125138394        44048.6447586935        32830.2419395849     
   49936.7451537277        38916.0202977801        52190.1490469648     
   45818.7070016322        64085.9140803952        44609.2080802209     
   50481.1029262293        46910.4257768219        47702.8325217499     
   40341.0678887094        54619.8514726301        46535.9883894713     
   40032.3150110795        51803.3270519643        49356.5121612269     
   51999.2060505088        41556.7665476837        49386.9310174715     
   68384.1014412469        48937.9332371265        46810.4271321000     
   40620.4723683790        45968.7644386196        58483.7152521171     
   40081.9129115838        37772.7113802793        44507.6037480726     
   42035.2465332745        45714.1143067737        45397.2437871547     
   54216.9577358895        49532.1267897512        49893.5402679766     
   52254.2576042114        47433.1662389718        47548.0918297687     
   47929.5020634432        47663.4485773746        56460.1922754261     
   56205.7205532941        42958.8587554059        55430.2181287719     
   39972.4734194938        36932.1637475117        54529.0111932292     
   41104.2600429626        47743.2423219809        63858.3673576078     
   50730.0885496544        45407.9929724259        36185.3258170459     
   53004.0690299113        58145.8072537171        36505.1846993750     
   42385.1525849440        38424.9624273493        54029.5085963335     
   51759.4977322141        53936.0367736505        53120.4962358014     
   53095.1471889309        39178.8475415198        43522.7969940240     
   44198.3751112052        50155.2375835273        48776.2940362024     
   48611.3393880922        44873.7450837201        52227.9719063422     
   47105.3086544630        47621.6412343835        43751.0276207152     
   39430.9107325121        49496.9949435607        44003.3732937547     
   35526.0870561758        38560.5389425468        54026.0890768143     
   55591.4707753156        52840.2294425139        54615.3168923981     
   47236.6776739043        49355.0551485622        44878.7851581419     
   49643.0530294583        55075.3612075377        53344.9802584977     
   40965.2194058174        54060.5370191011        44535.8222178439     
   52745.4492819278        49708.8416115122        57662.3317961331     
   47674.7181243117        49146.7915423678        51996.9610616071     
   44012.9033459800        52162.5996136211        57558.0513182741     
   42814.8821161722        55959.1285935325        45433.1784770585     
   55738.6736568784        49617.1241510172        44984.8646006174     
   48525.1526287326        48301.1741002261        58537.4314435206     
   46025.9447519708        52367.3693629155        55099.6100611715     
   59544.4799419201        52094.1943557613        49105.9505853278     
   54995.9688847879        61107.6612539482        49443.1300773954     
   42470.6108379712        37586.7341208642        48729.3871488849     
   46953.3927829542        57902.3969338559        53295.0552735176     
   48767.5965626427        54801.7550435745        43127.9614293676     
   53243.3907938256        35555.6287313263        58838.2450888755     
   42265.0085100113        51331.8050452213        42107.0861781297     
   52357.7203708810        36884.4391490048        47188.6557258740     
   43598.8887370639        54978.7672148588        52848.4214218838     
   47995.8258746392        43262.8689081375        49078.9661160786     
   47554.3213022841        48629.2100944490        33608.4799797225     
   49259.1153248349        45425.9974860682        53887.5093314304     
   57530.8438368824        38307.2268835562        44060.6279444868     
   49478.9012250613        38533.0787140601        36913.1333780136     
   46640.3283372349        41434.8086406583        56903.9567041590     
   53755.9470347989        51277.0035280573        53336.9815563180     
   46599.9780069085        58062.4304473537        44658.2410166307     
   43532.3270462492        33875.7079964086        40903.8910666146     
   56005.4556492794        59703.7700816094        35013.4564778217     
   38220.5792324353        51102.2512131509        48043.1341838133     
   47637.6683736952        45318.8178503561        42344.6535798559     
   54872.6431699548        56854.0317191790        46121.3344790799     
   40411.8519427565        38096.0195170800        38854.0377896259     
   52502.7377334467        53806.1991042547        48978.7593266904     
   49624.0226599603        41234.5586041197        50714.2398200568     
   43649.1854089482        48738.7685263484        43516.4634491754     
   50044.0437292492        53483.7830160242        53254.2143164776     
   55119.2351297164        58130.9397775467        43487.3529308338     
   43098.5981639312        48867.7290146501        34354.5448014274     
   55065.7568179316        49008.1374596030        55393.2873179647     
   38835.1709623657        35701.0177807963        53607.8521046659     
   42386.9366820844        46091.4954544060        56558.7487749594     
   40395.5125864453        45804.4490919848        50761.6224666117     
   56391.0585112339        48227.6692980398        52225.9499295830     
   47393.7822945965        49690.3316036801        43095.8625483158     
   47436.9425779191        50722.4169319505        41980.0881966825     
   53062.5130787370        49088.1542163519        51913.8072673863     
   44208.3363202394        49487.4351563831        47972.8258890036     
   47801.8053106160        42627.7897960443        52642.9529012094     
   48474.3504626585        59384.8924527074        55587.0551348930     
   44022.7753501571        51528.8883093356        56213.8233278070     
   45209.6608403133        50175.2046040241        45189.2180605790     
   48037.9305671537        49849.2946588936        55295.8904815727     
   49843.3625359016        53471.2794685649        53455.8024258716     
   47423.0266202236        54443.0325785360        46374.4086584518     
   42384.3646087070        54399.8276927849        61821.4041824587     
   39456.6017313345        51504.5651183209        42195.2800467723     
   52315.0209793197        44202.6123419138        48155.1754842331     
   51343.0448572061        51881.2177596208        49264.0661943996     
   50412.7868732265        48108.3280668203        50994.0011191545     
   57315.5627819355        50908.0373719374        47780.4258798830     
   51446.4481539709        52915.9197636972        52703.3743243657     
   41459.7116632436        38658.2331284622        52743.4124376925     
   46483.6548733516        59815.7221771722        43273.3058764091     
   48661.3833128816        62336.3243521431        48493.4700370136     
   49121.1302784977        59443.0688869620        49881.9287690875     
   48955.9377507688        60458.3837021123        60189.3418533334     
   41410.0691603108        40486.8732275121        37791.7714847297     
   45754.8660589566        41404.8209412226        51619.9367334029     
   55490.2083951193        39708.6797898030        42374.4628695775     
   52012.1853572056        56387.2078349058        53844.7504699644     
   50998.1342775298        44928.6506732172        50081.4800342461     
   44575.5035117426        54890.2313942643        41774.9318930076     
   49458.2651681369        46680.7530049421        52458.0163651262     
   46904.7910033533        45305.1695072317        46661.5590932062     
   59482.2892890995        48127.4625086516        62929.8786032925     
   54727.6258073891        47346.8754072790        46029.4683438232     
   54144.5679944160        52141.9338217443        56566.8218145199     
   49267.3519066333        55810.2605546387        43179.6556440120     
   52474.7274083417        50883.1938192568        38341.5112836050     
   53607.7480323327        43249.5179145365        60425.4968448234     
   47650.2908609638        67364.6980701499        45286.3918848285     
   53577.7157304686        55825.2469706184        49276.4805370019     
   43315.6038461138        50988.6042253046        48901.6119928423     
   53013.7031544697        54680.3621006435        45339.1119553286     
   53231.4076080323        54325.4308420284        55073.5176404925     
   56834.9418797762        44612.7762745017        41996.6951675648     
   49245.8238011386        54912.8894279479        49121.2938207356     
   38405.2035515188        53687.8242589863        53891.0775257113     
   54047.6617847375        38059.4306582247        53223.5873155667     
   39842.9182321452        47295.2703974917        52200.5414128079     
   48757.1447268949        40486.1001187513        46683.9495123188     
   46279.1378711521        50370.0874816652        53858.1906684224     
   43135.0978179294        47686.2701532961        45840.4729867456     
   45005.6047298750        61414.4962271521        46379.2554556833     
   57890.2204708724        36101.0569621122        47219.3867991182     
   46810.0851801481        40279.8138868875        45950.8491298344     
   43665.8518497352        41601.8298679561        54211.0850828022     
   46372.7583685969        50399.7183616727        49473.5340661638     
   65697.2957501675        58405.3339177469        42746.5214607408     
   55318.5187803039        53477.4792061280        48655.4511898896     
   50039.1077271606        49048.9635491668        55564.2781614000     
   48418.8947765430        47194.7811260562        56629.3692867686     
   56112.3974053728        36854.7339316164        44721.5615976403     
   44648.5474221676        45900.6267953309        46507.7550522238     
   45337.8928222827        42371.0879524868        44182.1844296557     
   47557.2501950897        53587.0673729797        49669.6212093748     
   55330.6803758113        57091.9262053809        43210.6691993034     
   50025.8162034643        54408.2724192497        52781.5326465933     
   49003.1568550859        49283.1114313738        48391.3007407708     
   51809.8984764316        44213.3466597088        48665.6948809710     
   44311.9923640991        40345.4240592273        50780.6974385383     
   45865.3908768071        61920.6891883244        57481.8109004725     
   48200.7740336476        51445.7493825909        41987.7300794340     
   55832.4576965610        46567.8047884759        49388.4326325647     
   50739.6929392604        34392.2635884716        47314.0182849425     
   53094.8795743599        51899.8764422146        51411.1230305902     
   52588.9096253301        52379.3079462803        43054.1146752295     
   47557.6813518986        49814.8467166069        48946.6455781624     
   45820.3126890586        57277.2641633207        57874.2974038939     
   53289.3312951920        58671.8482955768        51344.4721349184     
   49308.7578277677        61244.4420347155        45991.7049543505     
   45195.9827622365        50714.3884948185        48152.8858929029     
   50604.8597978714        48521.4506271662        53479.9323396961     
   45563.7892552151        42640.6947653602        41440.5623539362     
   52095.7405732830        54998.5409581654        41436.6373402272     
   50743.1273262558        55172.8621162629        40551.2345318536     
   43741.0961466334        58345.0165669238        52705.1286865538     
   56123.1019882154        41027.8858178754        46476.1467978856     
   37849.2491476043        56521.5206146288        49429.8088187468     
   49269.9537149631        63210.9928427217        53472.0228423734     
   46158.5626394105        54171.9390180456        54184.9777946470     
   50464.8676422513        47489.8261906571        41601.5919883374     
   48540.3917918072        48433.9703973798        54524.0603236645     
   35223.7717957277        60294.9306690953        54210.5795886124     
   55648.4429440005        42658.4465319076        50409.8431129448     
   53660.6911149753        56097.6191340594        39941.3557918692     
   43549.4989812259        53911.5500403979        42079.1204554533     
   52322.6479945951        59318.1226172263        61061.4531380107     
   45924.7715766315        49339.3996961548        46085.1916445097     
   40427.6114674971        42393.3891667424        53685.2521856088     
   55948.2604684520        45201.4539934672        45961.1076883919     
   53408.2116346503        65600.1665283466        38712.4399465794     
   47437.1358551093        48231.8767937960        54421.6977502315     
   44476.2928432578        52331.6874201067        44146.3389446090     
   45053.8348225717        41105.3305012469        36354.2798162459     
 ------
  0.000000000000000E+000  0.000000000000000E+000  0.000000000000000E+000
  0.000000000000000E+000
  0.000000000000000E+000  0.000000000000000E+000  0.000000000000000E+000
  0.000000000000000E+000
