           3           6           6           6
   4.00000000000000        7.91500000000000       -5.20000000000000     
   3400000000.00000        510003515.000000     
      875520         582      450875
   38243896.0000000     
   70439615.2500000        74233282.5000000        72995653.5000000     
   77814558.7500000        65516731.2500000        70885895.2500000     
   72080421.7500000        73819918.7500000        72506912.7500000     
   71728983.5000000        73779376.0000000        77935469.2500000     
   74780144.5000000        73558483.0000000        74646126.7500000     
   67430505.7500000        70721772.0000000        66785084.7500000     
   66265058.2500000        72369883.7500000        72898619.0000000     
   71107401.7500000        70324692.7500000        71988238.2500000     
   68917674.0000000        71015786.5000000        76153074.2500000     
   70323643.5000000        65717234.2500000        72130812.5000000     
   71650029.2500000        74514644.5000000        75679127.0000000     
   71458837.5000000        69087062.0000000        67378111.7500000     
   76296831.0000000        72016126.2500000        72681118.0000000     
   72053653.2500000        70598286.0000000        75809742.7500000     
   70204666.0000000        72319105.2500000        76739279.5000000     
   71492507.5000000        73005209.2500000        76034736.5000000     
   68781502.0000000        70962853.0000000        72638811.2500000     
   70368823.7500000        67885849.7500000        72377916.5000000     
   77751613.7500000        67741697.0000000        76780834.5000000     
   72037068.7500000        75475231.2500000        77123753.2500000     
   76625125.5000000        66096277.7500000        74650505.7500000     
   73131338.5000000        70480363.5000000        72614610.2500000     
   71903764.5000000        70313852.0000000        72714385.5000000     
   69627481.7500000        71166786.7500000        78885170.7500000     
   73096930.0000000        77759351.7500000        68897763.0000000     
   72872213.7500000        69552453.2500000        77936610.5000000     
   72451616.2500000        69987321.2500000        76458679.5000000     
   75531355.7500000        72217065.2500000        78151018.5000000     
   74952611.5000000        75282338.7500000        74518233.5000000     
   75766842.7500000        75100048.7500000        74230299.5000000     
   71747481.7500000        69939766.2500000        77597707.7500000     
   71372182.0000000        73017739.7500000        70284898.5000000     
   74996255.5000000        68450541.7500000        67695966.2500000     
   71578235.7500000        77305666.2500000        68691855.5000000     
   76654875.0000000        74975350.5000000        71417345.7500000     
   72045192.7500000        74732496.5000000        73146881.2500000     
   76263609.0000000        71303507.5000000        66282852.7500000     
   74476981.0000000        73204208.2500000        75058488.7500000     
   70670446.0000000        72472307.2500000        68987240.5000000     
   73033192.0000000        72947878.7500000        70701956.7500000     
   72892575.2500000        73454589.2500000        73209969.2500000     
   73906813.5000000        76423521.2500000        74647536.2500000     
   73830776.2500000        73955019.0000000        73088020.7500000     
   69013958.7500000        73317861.2500000        69776399.5000000     
   69070741.0000000        72135216.2500000        71488224.5000000     
   76510357.0000000        80181494.0000000        70245057.2500000     
   75935734.7500000        71240205.5000000        70023507.5000000     
   72011905.0000000        74256948.0000000        68391272.2500000     
   69165795.5000000        70247325.7500000        66167310.5000000     
   73306672.0000000        75994708.7500000        75479819.2500000     
   70536155.5000000        71251147.5000000        75392126.5000000     
   72081408.2500000        74792839.5000000        71609506.0000000     
   74624314.2500000        71590495.2500000        78232561.7500000     
   75337490.7500000        75804183.5000000        73315870.2500000     
   76028496.2500000        74545549.5000000        71274805.2500000     
   72389049.5000000        71047981.2500000        68430525.5000000     
   79266018.7500000        73707637.0000000        75413760.7500000     
   74991416.2500000        76872816.0000000        73874684.5000000     
   72281357.5000000        72463636.5000000        71827476.7500000     
   71530883.2500000        77480188.2500000        71283814.5000000     
   77028600.0000000        66021915.0000000        73789479.0000000     
   72368294.5000000        72872510.2500000        70979450.0000000     
   70679678.0000000        71447183.7500000        69586923.5000000     
   71344555.7500000        73237071.2500000        74938593.5000000     
   72567748.0000000        73005934.2500000        70260915.7500000     
   73089619.0000000        71275115.2500000        69581611.0000000     
   67473054.0000000        67095333.2500000        69227989.7500000     
   70294045.2500000        73023795.0000000        68801216.7500000     
   71102737.7500000        68412349.0000000        73224213.5000000     
   67340392.0000000        67478086.7500000        66941455.5000000     
   69636328.2500000        73383167.7500000        69758246.5000000     
   75561371.5000000        76862136.5000000        72757874.0000000     
   72169660.5000000        68449011.7500000        71165444.2500000     
   71261441.5000000        77403340.0000000        69919447.5000000     
   71947264.0000000        71321137.2500000        71123296.0000000     
   69606306.7500000        71120683.2500000        69968308.2500000     
   73449599.7500000        69846664.7500000        70683165.2500000     
   71507966.2500000        68211719.5000000        70600067.7500000     
   70433912.0000000        72223253.5000000        64653790.0000000     
   67902054.7500000        78212108.0000000        72776855.5000000     
   70423169.2500000        74180481.7500000        75656253.5000000     
   75527246.2500000        72229065.7500000        71362020.2500000     
   74447306.0000000        73995586.2500000        73314562.0000000     
   72843387.7500000        72225538.2500000        68953926.2500000     
   71196282.7500000        75484437.7500000        74076772.0000000     
   70413233.7500000        73136823.0000000        71425226.5000000     
   75939739.2500000        74310511.7500000        70721338.5000000     
   73428178.5000000        71036926.5000000        73236903.0000000     
   73728715.2500000        73275645.7500000        66816885.2500000     
   71160235.7500000        78223360.5000000        73616640.2500000     
   70574309.0000000        70068825.2500000        73002440.0000000     
   75707780.5000000        70533973.0000000        71007387.0000000     
   76761790.2500000        71890400.2500000        75778002.5000000     
   72565141.2500000        69595393.7500000        73133560.5000000     
   73484992.5000000        71037104.2500000        73232393.5000000     
   72957117.5000000        70226880.0000000        74000244.5000000     
   72841345.7500000        72117413.2500000        70089741.2500000     
   72257822.2500000        70540764.2500000        69951782.5000000     
   71260418.0000000        68160138.0000000        72624640.2500000     
   69930288.5000000        77550512.2500000        74767466.0000000     
   71604178.2500000        67062022.0000000        73037689.7500000     
   72160307.7500000        76169525.2500000        67331170.5000000     
   73164516.5000000        73655259.5000000        75580380.7500000     
   75943586.0000000        77233866.5000000        75566240.5000000     
   76875784.0000000        72253848.5000000        70113735.0000000     
   69534088.0000000        69699088.0000000        70642432.5000000     
   72102886.0000000        73826346.7500000        70546542.0000000     
   73038870.7500000        78148529.5000000        75481098.2500000     
   73668193.0000000        72184477.5000000        74506201.0000000     
   79379017.7500000        69426533.7500000        73544399.5000000     
   68922290.7500000        72503523.0000000        71381591.7500000     
   72996451.7500000        77349744.7500000        70456062.0000000     
   68251413.5000000        73011571.7500000        75445034.7500000     
   74939527.0000000        70547062.2500000        71634240.5000000     
   71335650.0000000        74495869.2500000        72839683.7500000     
   69723351.2500000        71876182.5000000        72288165.2500000     
   81494529.5000000        74086923.5000000        70078288.2500000     
   73140641.2500000        69754069.7500000        74366804.0000000     
   71959189.2500000        72964410.7500000        76148123.0000000     
   66988707.7500000        70957806.0000000        69373735.0000000     
   74230751.0000000        75129983.7500000        74463502.5000000     
   72951943.5000000        72008080.2500000        72787037.2500000     
   76069178.5000000        69875762.0000000        71643005.7500000     
   77103953.2500000        70788827.2500000        74435718.5000000     
   72222686.7500000        74614702.2500000        72294996.2500000     
   73630072.0000000        73777079.7500000        70819917.0000000     
   71981256.0000000        74669345.7500000        72918468.7500000     
   70349696.7500000        68852298.5000000        72977115.2500000     
   69420680.5000000        71779283.5000000        69893497.5000000     
   74533486.0000000        69187297.5000000        69342396.0000000     
   74114158.7500000        74889518.0000000        75770891.5000000     
   75522650.2500000        70143369.2500000        68257744.7500000     
   72526896.5000000        79762018.0000000        66852861.5000000     
   65905509.0000000        75268018.5000000        73098281.5000000     
   75412533.2500000        71864877.2500000        72383167.2500000     
   73918403.0000000        71080616.2500000        69096926.0000000     
   76502742.2500000        77082680.0000000        70297183.0000000     
   74235385.7500000        76000869.2500000        72581157.7500000     
   74141020.7500000        71720762.5000000        70815753.7500000     
   78224835.2500000        73744885.0000000        70145764.5000000     
   70263361.2500000        70651834.2500000        75957156.7500000     
   70276370.2500000        72236834.0000000        71116329.0000000     
   75828819.5000000        70239323.2500000        68709045.2500000     
   70963581.5000000        72596898.5000000        72592853.2500000     
   79252639.7500000        75155988.0000000        73618515.2500000     
   70974487.7500000        69755002.2500000        74460511.2500000     
   68728179.2500000        73072495.5000000        74450971.5000000     
   71015349.0000000        70166455.7500000        74181411.7500000     
   72712166.7500000        71679304.5000000        70432178.0000000     
   73446196.5000000        78794867.5000000        73566558.7500000     
   75283696.0000000        67087565.0000000        70535711.5000000     
   70368083.2500000        75940996.2500000        75779418.2500000     
   72347246.7500000        75765260.0000000        77102597.0000000     
   75449267.7500000        74575074.0000000        73888499.2500000     
   73320746.2500000        76422640.7500000        69621457.0000000     
   71412648.5000000        71931857.7500000        73157606.7500000     
   76519877.5000000        74929426.5000000        72110801.2500000     
   74262109.5000000        71594788.0000000        68810211.7500000     
   72161419.0000000        72748929.2500000        67692899.7500000     
   69599941.0000000        74618074.0000000        78194659.7500000     
   73032553.5000000        69320060.5000000        68068095.2500000     
   75081158.7500000        76002090.7500000        69740532.0000000     
   75969873.0000000        71030047.2500000        66238243.2500000     
   73720072.5000000        68278100.2500000        71949679.0000000     
   68746032.2500000        75033910.7500000        65834646.0000000     
   71135517.7500000        69784785.5000000        70240423.5000000     
   69907687.5000000        71143529.0000000        72635969.0000000     
   74063396.2500000        73325289.0000000        72917277.2500000     
   70530634.7500000        75062861.5000000        75635008.0000000     
   72547436.7500000        71177006.0000000        75761422.0000000     
   70166561.2500000        71602465.5000000        70922949.7500000     
   72646012.2500000        70508542.5000000        75391526.0000000     
   69708349.2500000        72804338.0000000        70055478.7500000     
   76970745.0000000        71761943.2500000        73276106.7500000     
   73717167.2500000        70130288.7500000        73161777.0000000     
   70282933.7500000        76830117.5000000        74588549.2500000     
   70993654.0000000        72724995.5000000        69131616.7500000     
   69215999.0000000        73123861.2500000        69028786.0000000     
   73316875.2500000        69696294.5000000        76919179.7500000     
   76539612.0000000        72207670.2500000        68886098.7500000     
   74291042.0000000        74498374.5000000        69220697.7500000     
   70983201.7500000        71435007.5000000        72460049.2500000     
   76053341.0000000        68449290.5000000        75695933.2500000     
   73147412.7500000        70573898.0000000        72419126.7500000     
   73605757.2500000        82272156.7500000        80916692.7500000     
   72821910.0000000        72904065.5000000        74231235.5000000     
   71883687.0000000        73344777.5000000        73725523.0000000     
   71616950.2500000        68768948.2500000        72771097.5000000     
   71918033.5000000        73403818.7500000        70745771.7500000     
   76569833.5000000        73062960.0000000        72965405.7500000     
   73554731.2500000        70274624.7500000        70590837.0000000     
   65806188.7500000        72662926.2500000        73025191.2500000     
   72042635.7500000        71220267.0000000        71616036.2500000     
   71209589.2500000        80155311.2500000        76597248.0000000     
   24468902.8312103     
   45750360.9409835        45990909.0622391        46286582.1394436     
   46412561.4653115        45000830.2132486        46393332.3248647     
   46082433.5207664        46411037.2394063        45688064.4270209     
   45839427.4673735        47064520.5152747        46595374.8743299     
   47262483.1902242        47151096.2854090        46695356.9701194     
   45995213.6625796        45614251.6109112        45032345.3752989     
   45073265.5034791        46971250.7761250        46685116.8740989     
   45616722.3027113        45545084.1025264        46457507.2595545     
   45461141.6797684        46194960.4358157        46551171.6406582     
   47002452.7104337        44807781.1111954        46549073.8950205     
   44685182.0269183        47922014.4590186        47629669.6734641     
   45119181.5665588        45234344.0456452        44930322.1636349     
   46939806.6424529        45961521.5364568        46004712.9542782     
   46101422.5520521        46653805.2651096        47598590.4046132     
   45449552.9129215        46382838.8485027        47019421.8674711     
   45325495.1953319        46380379.3295462        46331932.3526550     
   45439607.6467906        46009316.2516552        45839226.6145193     
   46107741.5682681        44862752.3118503        46856413.7677449     
   47140277.3542944        45059374.8820035        47643457.9054889     
   46899620.4092682        46965707.1169693        47502786.0365199     
   46249058.5102776        44437461.9480218        46039308.1070107     
   46458427.9945383        45662430.4957662        46429013.0898544     
   46238560.2600536        45743897.1320017        46703690.5105314     
   46024273.2240986        46362712.1157544        45151823.2843850     
   45670207.7962951        47515812.5208058        45600310.4902439     
   46166234.3721391        46480802.1676662        47256810.8268196     
   46085179.8421550        45104339.7972094        47492481.1286558     
   47036351.2141732        45965167.7776201        46700672.3143839     
   46834210.2827215        47077217.6033083        46721139.5313290     
   46070296.6979761        46164020.8271001        47364732.5147817     
   44910820.0304830        46248262.3758611        48265188.2082572     
   45435051.0405596        45980644.7493889        43432377.1824622     
   47153224.4454433        45481865.9796149        44973218.9917072     
   45760493.1162385        46185598.7561180        45090105.8874817     
   46593379.9282744        46468305.3949085        45735987.0167109     
   47006848.5100893        47197158.8707974        45787692.6445118     
   47114413.8605084        45797644.0413350        44871780.5691015     
   46188851.1160812        46448478.6114262        46860439.6757655     
   45314517.4523537        46465367.4402803        45411076.3432644     
   46118502.4664944        45980883.3769185        45699665.2175238     
   46205656.7543013        47195724.7023493        46549081.0089860     
   46139963.3138982        47534018.8291079        46492910.1109232     
   47167993.8413987        47221021.8891932        47135747.9859765     
   46489246.4177309        45878489.0087721        47034415.6753347     
   45753104.4487742        46584549.2883520        45765054.1165131     
   46529910.3923926        47485711.1162661        45914169.0390207     
   47061842.2846765        46719083.9756832        47377661.3062301     
   45921173.1001899        45971546.2352848        45890616.1709789     
   45612210.8847038        45144748.9265411        45360839.3822727     
   47606680.8855407        47051870.3141633        46951207.4038114     
   46747415.2537267        46162835.5867293        46984587.4367883     
   46211726.4406011        46881544.1873837        46535284.5512290     
   46240093.2851396        46461758.8035328        47747710.1756077     
   47022930.9064179        47217611.6015255        47278016.8950862     
   47857074.6283627        47827509.4448687        46381440.0217683     
   46860637.5280563        46263952.1404939        45662545.9792373     
   47255283.8392475        45945803.2081415        47615287.8436466     
   46045142.0122178        45824335.6306180        45767004.6823965     
   45883988.8723943        46933665.1604326        46775909.7782950     
   46511813.5907704        46742734.8429255        45511808.1553216     
   46871595.4880581        45421001.5774803        45993619.5728262     
   46496576.0976539        47184039.0926786        46968811.4404093     
   46195201.4449343        45521375.4979315        46128644.6535644     
   46168164.6494480        46097324.4390944        46411338.0474964     
   46840985.3658387        45555847.8376546        46326230.7748306     
   46788649.9645461        45306676.5952657        45906886.9587914     
   45318245.2122780        44871916.6819870        44733351.6166583     
   45871350.8434517        45215230.6724798        44927165.6284472     
   46077098.1543152        45543427.9762303        46035273.9951080     
   45917156.2753508        44753866.2623064        45921312.8789773     
   46340937.6384860        47238796.7012524        46017497.3593490     
   47024425.1222187        46942782.0292570        46778762.5591569     
   45575074.3176856        44457277.3074668        44659995.4097580     
   46369800.4710329        47703442.0977614        45240988.0429421     
   45943143.3047592        46900275.3213156        45886813.5542116     
   45400415.1157464        46823289.1296800        45894587.6934821     
   46065163.1380834        46014254.3462018        45335119.4023105     
   45882624.4160506        45163925.9125095        45184549.3624393     
   44908817.2603911        46116231.5005605        44312049.6938837     
   45094158.3133516        46716257.5879738        45854436.8285160     
   45089892.2061588        46124772.8209636        46568545.9017862     
   47170570.8194437        45504333.3850567        45946234.9686271     
   47080427.1551605        46009520.5661101        45513326.5726078     
   45711486.5210260        46840790.0608376        46198168.3903415     
   46345831.4118935        46865096.9802077        46457884.3875446     
   46240590.1306265        46117823.9394537        45810759.1091577     
   46445888.8665621        46212163.1419905        46075751.7666162     
   46819183.8979271        45969935.8351633        46588852.2130287     
   46276032.9577004        46080073.2083282        46559314.4106294     
   46057458.4909072        47347110.9741183        46271847.8811649     
   46593745.7519879        46282523.5103029        46266536.9010885     
   46114521.5208241        46070513.6657814        45836831.8861468     
   46327914.5911467        46529435.4552159        46411270.4598938     
   46102886.3113330        45389788.0533505        46494648.2896049     
   47029344.7659600        46504388.4214634        47209573.1749223     
   46514433.5276081        45576691.1566741        46847389.8822860     
   47481308.2352642        45951822.7644036        47018937.4634426     
   46495901.8020145        45692400.7390241        46207293.0162065     
   46567361.4736796        45231132.8361902        45637508.3621333     
   46099038.5559537        46042509.1703605        47236681.5453624     
   45988427.2168770        45121717.1133699        47127853.9440362     
   45321817.4796052        47397764.9050077        45675009.5353625     
   46583101.1111567        46007192.8645868        46862633.3703139     
   47038894.1957572        47469291.4377189        46304653.8856072     
   45619979.4401417        46546339.0234773        45235222.3856076     
   45860523.2134015        45564811.4998465        45594126.1758711     
   45670457.0330517        46090952.6586684        44902676.2713821     
   45648176.7493019        47508979.1873025        47707358.2661897     
   46387994.5039231        46859426.6138766        46306745.0913550     
   47860520.5971799        45865687.2232041        46656484.1651488     
   46732424.8986338        46106437.6563559        47298324.2594605     
   46892496.9502959        46618005.0392148        45911435.1030347     
   45025572.6894150        45723273.5721766        46291237.0022728     
   46602459.5848658        46183707.3423663        46004300.0890523     
   46407499.6995970        46729261.6589738        46286428.8509185     
   45801227.6968984        46634348.5271092        46669551.2356097     
   48412750.0093488        46703788.8880235        45979650.9464286     
   46201010.0150151        46004151.8044562        46283598.0908352     
   45998626.0522349        47234839.5117029        46465265.6428334     
   44620292.2244992        45648696.3851057        45950311.1722731     
   47958170.2818514        48097351.6219013        46426653.3748768     
   45945317.6803202        45873344.0488838        45953080.5453303     
   47143300.2472769        44908270.4078580        46563273.6853584     
   47871029.1516056        45903319.3742850        46898103.3761906     
   46770225.2283942        47092193.4914217        46137134.5887596     
   46703380.3900390        46564404.3166562        46014676.9273438     
   46170406.9373228        45992450.5211772        46058039.4050320     
   44908635.5406157        46131296.0522841        45361053.0706695     
   45556261.2658123        45505761.2567829        45384093.5291989     
   46216649.7117037        45910548.8966620        46405739.7956513     
   47406760.0901228        45507232.8890480        45934146.4993841     
   46040502.6259593        44799665.5788181        45020232.2616740     
   47470151.9020554        48203965.8157199        45466200.5625875     
   45414897.6048770        46096323.5314423        46334197.4562542     
   46650723.8336630        46125884.5327011        47004738.2249171     
   47047019.4699797        45700118.8638330        44718750.4958283     
   47575260.5735600        46399849.0264857        45785761.8356556     
   46774565.1082457        47398056.3360929        47003350.8132698     
   46242040.4059855        45835830.2595530        44714387.4206950     
   47151645.2067703        47033798.6566271        45164906.7269910     
   46375478.6362105        45666246.3495603        46404530.9368782     
   45921853.6418520        45728252.3120054        45740011.9858431     
   45910573.5075492        46759378.7393237        46194758.1287026     
   47066747.1577912        46628775.8563325        46622546.5834610     
   46190203.2162771        46489342.9087306        46833269.2877996     
   46526952.4457458        45598505.4733799        46508760.2643814     
   45355304.7001381        46103543.3518448        45428933.1391591     
   46384038.0428631        46255816.9013523        45909962.5336452     
   46566740.3746122        47057434.1524788        45981364.8803229     
   46202789.2054333        46356688.1264544        46854237.2341021     
   47005400.9409455        44785895.5107015        45809614.7757044     
   45899810.3897372        46675473.7590497        46521457.8459898     
   46240468.6320854        45787857.2066789        46648463.6979132     
   48051901.4593878        44982362.3624554        45311746.2024584     
   47301475.5528488        47151903.3728033        45567491.3543293     
   45875700.7636099        45873346.2191255        46005036.3263857     
   47973852.3550679        47354057.3489436        45964855.4533094     
   46546018.2088254        46630017.2214838        45928893.8536282     
   46182387.8114265        45649766.6829775        45345402.0129017     
   46058816.9091712        46375444.8188801        47665834.9619514     
   45716540.8650537        45797478.1280833        45704206.4028942     
   46965154.5849817        46420070.4096562        46160207.7807342     
   47910290.9173251        45824449.0593579        45496017.7473454     
   46059790.3736139        45507105.8470174        46525370.6470330     
   45827876.1072162        46806722.8004816        44835262.3629490     
   45989359.5021608        45508730.5843093        46360333.2055540     
   46297617.0444341        45335893.5996493        45749397.7620968     
   47561965.3508220        46166901.4931100        46166921.6409849     
   46992775.2788380        46459910.2697878        47036505.7552650     
   45931151.1718506        45959653.5530702        46592274.5771834     
   46391883.0862438        45891549.9662658        45507085.8176268     
   46066493.6835624        45834463.8075420        46882011.9108612     
   46798825.8468518        47138295.3277941        46607236.2393469     
   45768082.8425773        45965473.9529093        46741184.8917639     
   46817600.2603878        45963128.0384039        46043562.9115934     
   45233073.8409224        46637747.8412332        46760184.2106868     
   46833346.3827802        45930236.5134330        45578489.9497491     
   46151145.4383188        46388812.8352879        45270179.4145529     
   46572717.0947975        46105527.0257861        46883587.4208891     
   47804795.6470819        44671878.3973790        44467883.1650612     
   46715909.2384321        45911961.3465068        45550310.2414714     
   46796188.4247829        46492884.6059658        45990084.7898225     
   45316723.6609848        45499467.4410593        46857836.0604889     
   46628650.5226511        45587314.2425104        46263087.6121010     
   44796479.3155200        48304074.1746204        46695736.2812060     
   46576335.8315938        46996285.7067099        46062557.3189168     
   45632577.6989356        45979772.2395672        46968764.3938151     
   46691442.3464831        45475363.2313740        46919890.2143131     
   45709349.2780393        46234308.4093035        46036153.9168688     
   47384220.4110347        46086513.9798271        46046182.9312347     
   46072573.7041944        46751967.4507421        46564764.9018193     
   44568435.6937545        45750595.6467660        46410760.3512567     
   47249918.2339741        45977501.6068646        45400764.8763954     
   46613490.6044977        47732272.1420132        46497949.4279045     
   76126.6363337283     
   139017.422399494        144390.626841869        144119.703874388     
   148467.336418249        134502.655187287        141880.667518559     
   142624.239354215        144951.268855811        142668.247667100     
   141362.214371457        146379.047598599        149107.159018185     
   147467.991398866        145163.404681615        145564.791823128     
   137444.224757150        139952.050310393        135032.496900795     
   136100.758307443        143185.896252961        144188.048178984     
   141490.825632908        138838.654707145        143778.978528883     
   138569.687445135        142042.575085026        146118.729787029     
   141555.205558819        134834.370990412        143081.599843070     
   139244.954412998        148472.258480243        147112.244594676     
   139210.270425702        137599.677806216        136019.896862033     
   148089.294695525        141710.605421097        142562.552920811     
   142694.519064036        141380.933970032        148192.032223888     
   139067.345173268        144270.728698924        148977.493307168     
   140426.303118943        143729.278348747        147078.299848333     
   138216.881640845        140461.883296045        142979.955932053     
   141342.755269724        135848.589927799        143112.220206235     
   149891.309722936        136766.486418835        147811.901868933     
   142140.311768278        147200.105663644        149610.218573096     
   146184.074897708        134963.460746116        144000.810357690     
   143194.239705472        139830.549214030        143013.788018202     
   141323.196626414        140329.708761092        143293.467331058     
   139601.348502707        141057.356198895        147495.586414802     
   143172.409299553        151315.811601064        140955.771313574     
   143598.745369478        141373.538883061        149580.719131758     
   143053.439040816        140227.617882454        149848.866609853     
   147149.345793932        143506.420479609        148207.050632268     
   145878.626303276        146944.583371668        145272.975057187     
   145917.415875195        144800.403106810        147338.299266022     
   139359.725741658        140264.640196422        151925.931530010     
   141381.333683695        142814.682861299        138836.787610169     
   145659.756082688        138730.886739338        137108.601043227     
   140486.999764852        145840.699600106        137982.790484628     
   147522.505526586        146732.881571326        142309.576734911     
   145471.996598051        146128.568600202        142469.569239964     
   147845.700501547        140217.029409889        134389.525679512     
   143934.592375987        143442.999777754        148547.073531136     
   140929.345337915        142383.557269190        139186.178960631     
   143245.196282454        142905.580306766        142034.938812611     
   143565.203821363        145030.134563750        144305.138938406     
   144438.531520135        150328.425323254        145057.451402534     
   144216.935459430        145319.627190666        145925.018969141     
   138506.489600195        143679.389509701        140475.434636425     
   138285.160415279        142886.178826745        140844.113231913     
   147438.271083189        153021.305131487        139562.610860302     
   147015.657104103        141647.801480886        142379.750929129     
   141829.557948407        144335.778797906        138766.385975891     
   141158.376191296        139591.750462379        136267.707233968     
   146984.942841634        147123.919862462        146894.787601960     
   142447.979241208        140528.706390025        146568.751834499     
   142786.737548159        146311.066250926        143010.179831142     
   146129.894245630        143575.318836259        151009.743330034     
   147584.993963564        148121.897071503        145408.298287852     
   148718.215177061        147075.238846935        143698.748378869     
   143172.550498511        142061.884318900        139766.889775880     
   150985.452466980        143189.768632656        147130.066495435     
   144717.922797256        146698.907340227        143674.938406458     
   142157.998083525        144344.813217043        143371.387847187     
   143123.908079673        148684.709201624        140290.953225907     
   147221.623156891        136176.706693942        143823.033881958     
   142856.379486319        144546.077468520        142796.903761329     
   142031.718461766        141434.243005517        139213.585806141     
   141342.380289410        143703.690765440        146555.453365466     
   146170.914927963        141414.415966034        140081.467918093     
   143874.285018094        141406.328908839        139872.338098027     
   135765.119413047        135880.281484654        137252.930647725     
   140827.036518745        142400.491206733        137022.115966139     
   140944.525126793        137486.407960372        142959.535409910     
   139255.658642702        136448.087169036        137283.536223467     
   140093.110847994        144706.799634723        140406.290266226     
   147059.956609776        147905.821139776        144707.970353681     
   142406.421755649        135656.453449045        138904.074320773     
   141086.769357279        149164.179028044        139182.820398064     
   142356.016381108        142130.843665985        140973.584128663     
   139133.301965787        140923.588299778        140202.954120095     
   143977.173844774        139187.173641501        139047.253184708     
   142054.761596188        138017.939221008        139526.721323909     
   138340.126609739        142064.312067584        133163.063353560     
   137566.819534678        148698.016720149        143528.731781242     
   139403.345974284        143773.576216711        147153.758485628     
   146619.697231185        141268.068884737        141384.210802859     
   145688.574854895        142695.236449974        143203.179408335     
   143686.719017915        144142.874287626        140341.961108534     
   142597.955006532        147016.065144162        145460.563878853     
   139752.870826548        142874.763481017        139739.196524951     
   146209.624230312        145171.775251927        140946.661893986     
   144928.100032518        140815.647459325        145034.070768861     
   145176.727978084        144303.593584348        138947.707814938     
   141959.182054503        151677.013567658        144024.211517031     
   142143.367540223        141125.872061785        143614.698387094     
   145512.743009765        141378.201459142        141003.118202448     
   146108.480214254        142804.281504809        145146.186729657     
   142835.928322706        139296.396867906        144328.188739541     
   144323.829452834        141985.962181336        144900.501179585     
   143237.195900912        140668.743577790        146034.176355313     
   145106.113133840        143204.376044712        142475.377367775     
   143235.229964121        140349.666584516        140279.200650992     
   143070.911943276        136663.956971763        142054.123570562     
   141675.017987417        147664.866397919        146143.265541092     
   140776.431488091        135424.961501125        145732.574190972     
   140340.743866564        147994.349537846        137371.759925170     
   143782.671709929        143441.693192946        147521.733987233     
   148069.033694465        150419.000841490        145948.519394061     
   144744.011086604        143911.898801127        139665.610037813     
   139481.567464293        138408.534182322        139836.042358740     
   141002.973994956        143603.152029686        139119.598916277     
   142138.434619958        149931.846123728        148599.363024716     
   145132.827588613        142723.914845256        144659.540035952     
   150756.403934875        138656.078260108        145489.075313409     
   141077.899464864        142614.828839942        143348.017038566     
   144706.128193539        149338.178512512        141519.496713915     
   136435.844341958        143107.160969563        145979.159932430     
   145596.854518915        142301.946961761        141264.668102319     
   142576.159877489        145867.487940935        141800.824444814     
   139740.203160224        143431.238170873        143272.183519287     
   153274.064523477        144334.997883221        141207.111539498     
   144604.265324144        140628.779039223        143901.785977532     
   141918.407097066        144377.448158448        146050.011378095     
   136965.689586263        141158.817590277        138951.149380161     
   146330.074239839        148290.310101776        146630.399494025     
   142206.889455595        142498.311257191        142328.430277537     
   148015.882789232        138532.732425676        142856.476061365     
   150513.404854664        140556.047786956        145406.878594101     
   144125.845528654        146994.958407011        142289.691345733     
   144680.281966352        143664.778167597        140192.246347876     
   141906.675672224        143558.299357443        143518.956907787     
   140651.549802001        139265.777384642        143110.108424637     
   137811.390170199        140580.413560639        138259.187001468     
   144127.597991248        139360.212593977        140397.785164252     
   146429.206893054        144575.603791864        144332.243154017     
   145305.262498121        138262.804672125        135848.918975936     
   144878.270151922        151461.650429477        135828.798037683     
   136711.939834131        145349.687748842        142697.510056327     
   145482.091360110        141572.526650294        143812.802899310     
   145925.680772796        140302.861996998        137620.357453878     
   147889.099756536        148305.151408473        140720.645292870     
   145226.298976441        149553.255703986        144871.298666614     
   144319.735119556        142592.247775418        140250.938318180     
   151125.363790550        144165.152332924        139313.030038797     
   141411.184009975        140272.095716763        147119.686153275     
   141112.944423931        142071.064375298        141164.700432791     
   144689.890264665        142332.175227394        140569.777280580     
   142786.892962114        142824.370969627        143833.105890018     
   149530.372207824        145843.179907966        145427.977638118     
   143109.283609032        139794.471167510        145630.625467987     
   138691.482022424        143809.260566554        142597.322872493     
   142135.686002443        140892.135940443        143424.582435126     
   143145.554762735        144976.734053095        141164.590220434     
   142959.323769167        149055.703576773        144214.845575455     
   147212.378444211        136643.329905834        140126.560289258     
   139927.245338186        146883.836020447        146783.644902806     
   141817.872151232        144757.523822359        148077.315854051     
   148101.460356857        144831.392702140        142901.214323442     
   144755.783220613        147252.608124425        139680.514751738     
   141966.566705426        141803.140378556        142637.845435317     
   149023.574704964        148262.297037410        143189.538206902     
   144316.723245697        142809.785943130        140282.715043391     
   141765.596711671        141356.553062364        137394.228886521     
   139691.149101573        145862.049540520        151321.663580246     
   142809.826639725        140449.672471533        140264.552225409     
   145790.049385130        147540.883721369        141197.902569921     
   149191.347272714        141189.996238403        137034.305550730     
   144137.444049143        138772.651347553        143610.432568135     
   140041.313179445        146985.163346546        135248.073482592     
   141508.352955715        140884.012621566        141255.926708525     
   142251.983377885        139847.728969894        142220.495084261     
   146366.802338743        144335.010042909        142176.266537745     
   144194.449943249        145391.533109494        146970.173943372     
   142496.061802161        140750.206438052        146925.034616092     
   140838.367863774        142258.645909455        141646.073385045     
   143513.158358702        139450.208253005        146647.298411504     
   142191.413037013        143066.983597321        141061.033575722     
   147204.742828743        141844.902505700        142614.649328401     
   144340.868025909        140543.722504650        142126.880279075     
   138767.019882484        146895.023121066        145357.428807793     
   142077.099066918        142142.303372652        138852.381907849     
   139773.795009463        143528.717777633        138359.163464694     
   143872.300726627        140381.440776341        147091.492130631     
   149098.981905390        141814.174701318        137112.967544979     
   145721.947075332        143177.766290551        139316.437057488     
   142037.785115528        142643.997661645        142890.503972139     
   146210.927148227        138118.705049580        147737.083099835     
   144396.287207276        139148.291078224        143238.077355990     
   139360.294384329        154956.115124852        152431.686892771     
   143010.573323316        144586.036059712        144752.364433901     
   143588.055909860        144682.225368932        144361.283820836     
   141587.248419839        138735.971662223        145244.285752829     
   142164.328262299        144209.584787124        141169.893610844     
   147030.362079574        142709.103316700        143384.926195775     
   143512.769133871        143426.399440277        141448.161132144     
   134005.064856384        143386.873755899        145559.233992112     
   144333.668822092        142615.393787870        140770.256436490     
   140680.833957350        151618.252480996        147292.516382447     
   2594335.00000000     
   85928.3254550594        93359.0342919709        89604.1416790746     
   89512.7252849721        89755.9571951192        107542.123365521     
   104469.777999261        98358.6320098500        88660.1684483279     
   88915.7775323868        96530.0625313119        90874.0099874757     
   113089.494658552        114313.533971658        88028.0591145997     
   85768.0540619429        92879.4838480959        92693.6589803116     
   81568.3079776842        79402.8043204353        83730.2434406522     
   93116.0997313472        81886.7879015985        99381.3471112640     
   79183.6019686485        95287.8663129329        82809.6121474930     
   105371.694856791        84345.5339419627        83457.7226024495     
   85705.4991559561        93717.9909197591        95639.7423051949     
   81473.2304675747        85905.1321922337        75187.2057897098     
   104472.770078840        92148.8031473582        94318.9900596008     
   101014.576537269        100917.027309246        107954.918841391     
   91215.5902524898        83097.2792270442        93122.3254869935     
   87747.6956827171        102501.918853352        86401.7058963238     
   84987.9018342484        82324.4678157088        95457.9502403218     
   93208.4825114008        91880.5381242092        100900.134139447     
   86503.0834994604        92382.8358066249        110199.071447581     
   108884.544957634        94164.7585786785        94042.0089785469     
   95303.7559280900        78608.6209121049        99021.6285253220     
   87564.7142197504        80513.2189469092        99008.4522245661     
   93192.9645831480        92876.9377928017        91292.8082068496     
   96397.2773847653        86945.3537468383        82298.7284975889     
   95745.2456329689        105521.075823612        83658.5078681302     
   104108.461159631        102638.160688108        85079.4297344222     
   97002.9783639459        76472.6106107090        93257.9726227029     
   95990.0572124591        81774.5384565123        88364.4915159898     
   99501.5692404466        97140.8370367356        101919.578396104     
   93797.5133329253        100686.823025093        88230.4612183140     
   80670.4053387204        81730.6794018098        98306.6330119441     
   99684.9409746628        87841.0448487218        73386.8659315502     
   98146.2686971015        88784.3490430408        102863.923313755     
   85960.7179687656        95859.6322777546        88134.1757257657     
   86993.8774721893        100923.513245725        79779.2488170688     
   87592.6093219150        97924.7990551988        79775.3461045741     
   86664.5257063254        83858.8285251806        82473.5886016975     
   107575.091993929        94444.2485463361        72389.1281901024     
   104103.108868209        96155.6437283065        90902.4254513063     
   94074.6802574313        82406.2575189910        76316.1675927063     
   84154.5426262091        111765.806086414        96986.3453749803     
   94701.4187153929        98024.6155733376        98366.3259287681     
   99794.2169245149        98994.7927308345        87506.4337131626     
   101087.371417468        86556.5320762929        102864.350753695     
   94009.3934526982        86299.0088046770        91018.9307114463     
   95911.2224200658        106931.832053073        89433.2586248415     
   86566.6233757435        88039.5628242865        97002.2907431730     
   98963.4037717699        91546.5774407325        84355.7925005202     
   77489.0627877862        95148.5023081809        87970.1317105709     
   90194.2318082763        89545.0434612974        94132.8120892574     
   80267.6825779557        96523.7252695943        123457.403503335     
   91201.2431379854        76848.6648360931        107641.716871517     
   93948.0093604598        95970.8967525445        96855.9761933114     
   88178.6480638603        97856.7060143385        103432.790120723     
   109311.613210627        116345.546277242        91703.2434708777     
   112711.526245611        105575.230605563        101136.192492342     
   100550.042244326        96720.4219793282        98901.0904622708     
   99786.4672525611        87310.2573650946        90994.0276888610     
   102058.384870499        83725.4858482777        87160.5232957139     
   85633.9308425410        84469.6216149495        82016.8597337440     
   81138.0060486235        97157.1355074873        93574.5569434055     
   107012.878382547        94249.0014155288        102849.780627048     
   97971.5758520998        96541.2131384396        97773.6154068914     
   100036.593954782        82768.9124314766        103713.042046535     
   97426.0138140283        86207.2764767059        105770.291892918     
   85291.9417219323        77433.6071016708        80758.6066411010     
   87643.8649460123        98808.1129831704        89504.8269382566     
   99606.6451282806        87985.6310544785        76570.9032125403     
   98163.4220477331        82083.2244304995        83336.2924908280     
   85816.0760099732        85389.8440525141        81128.5094482196     
   105841.358429012        102051.508662771        100231.283555233     
   98293.3452051169        97444.1149662657        83216.2747894428     
   73928.7668536147        88362.1127198025        88136.1084976678     
   94915.6962156983        110461.798335857        80002.9485803971     
   88558.9952729886        97129.4634174652        95869.2032155393     
   76441.5375855129        111664.019627683        86064.0655124948     
   88212.3414817314        82794.3915687635        88667.1375777827     
   87703.6879532528        102975.224957235        92258.2277719721     
   95123.9709724998        96321.7506058199        96228.8102954099     
   96765.1173295653        88711.9444340912        100726.500602123     
   76790.3843295052        98659.9399987876        97207.3132395623     
   97844.1615813198        81757.4966119520        82562.4961091963     
   93606.0574085415        89859.6950100979        75408.6568472674     
   82922.4562916260        98534.9045241948        97808.4796385109     
   96212.2330594799        97387.1911168785        91121.0331040463     
   95462.5034048990        90170.9456237245        81128.6952916718     
   103575.703735411        108813.664264991        85397.2220375637     
   102244.897359057        101542.130344829        110461.947010619     
   81509.6557841921        81485.2359545823        88156.3654339499     
   95042.3671126698        96488.4150136896        83404.3855316883     
   108861.667628676        86974.0851445375        97206.9043839676     
   97406.8347697686        105567.796867478        91241.1437271576     
   100700.724115312        97351.9923670452        88365.6065767026     
   100612.801578110        102199.012610726        93543.4467495191     
   95449.5687006308        99683.2312149032        88926.5006995747     
   96331.8604896157        94060.3703116173        88984.7812061625     
   95182.1585573616        95121.9638632168        88415.4683749089     
   97862.8574326040        93357.0643513783        77534.4271744510     
   89370.6479658191        95085.3712874926        92372.2427298535     
   91114.9374388164        78922.8264366203        108312.983420609     
   87564.4540389174        95616.3817832623        98707.9619468178     
   81817.5983843707        89524.0803198972        86158.2138053437     
   88775.6701538264        85798.8297376156        79605.6710327798     
   107044.062913814        108085.455282167        91165.6912855930     
   75141.3953787599        88502.8891347907        89606.0558666315     
   95967.4772330254        75183.0614807274        91384.8936373798     
   86043.2882145468        93507.2072763538        83923.1303596175     
   83380.0400394593        92120.3133461468        86528.7113115091     
   101455.267115303        104227.382384648        92600.9788507346     
   94226.6258638924        93544.8034067196        92659.3894477389     
   94089.1202936618        97688.1645876023        85170.8275441795     
   91178.9419237298        88626.6051208733        81619.3963426746     
   92248.2293942475        96195.0053714675        109921.978860456     
   73820.1041871546        80147.9808104390        85350.2593972105     
   88788.7163641659        96762.5155212355        85971.6083950604     
   79163.4751227828        91117.7994279792        98832.5885658159     
   80899.5874838865        92859.7101047893        81296.9022001942     
   99774.8706211483        93466.3217168853        83949.7988949980     
   89643.3546474740        94028.9813525527        82697.8087266918     
   78648.0011396112        84530.0579055821        87779.3262382696     
   103726.218347291        114575.517486125        86840.6309615633     
   87860.5398268502        87246.2714645264        88439.1448307102     
   93939.6835738044        98090.3855710462        105456.550977033     
   92413.1097049768        84623.7044211101        77334.4596199596     
   84462.1507081739        82654.0425937153        81599.7155210941     
   91387.9786386851        103788.011295124        97892.9454875038     
   99890.9670256936        95209.9235691098        87597.5527577417     
   83530.9077538981        79770.0123974980        75618.5670264477     
   83016.9205183434        90278.6233198883        89904.8921376558     
   93993.2994097438        98758.4556127614        80867.7710848819     
   90780.2891345668        77183.3503090331        76591.1229801320     
   88828.8027967902        85949.3443494953        69498.6678104414     
   92924.3464574400        97373.0670145166        82024.5164839718     
   96855.4558316455        97162.4877989087        101063.564871250     
   96588.6961404587        87886.4278197318        107066.159700272     
   88800.6846824830        88617.1085204695        91215.3672403472     
   104415.047102609        94774.3436860086        97264.5530228182     
   106847.812228365        93881.4402359070        97020.5034014817     
   98232.8903301391        83507.0082859542        85377.8757341970     
   95044.1883785006        100270.087668038        85639.8592486640     
   87931.8107907418        87067.5272322682        96080.6930640627     
   82271.2236666737        92072.9418501989        89163.8413722893     
   80613.1655554645        108509.066846951        90874.1772465826     
   94860.5192947610        96870.1746330541        106438.194675526     
   69042.7194849869        98821.7167238663        92232.9344781372     
   90492.9194045389        98707.7575190205        89311.4754106610     
   90159.4419140377        89156.3518811685        90553.1140986836     
   99560.7975486403        83041.5819444410        93494.8115180968     
   90358.1271487093        89010.6506146990        90261.0425293169     
   89444.3720632789        80275.8782741946        102437.617018915     
   104064.973791832        90489.2025354963        89077.6843478821     
   81688.7345346641        103609.304231556        87029.5594149982     
   97501.6520990451        91353.5976000412        69956.2515582748     
   103883.497660828        92435.0949853637        84411.8243013373     
   105402.842219368        105710.877741272        106238.673145320     
   100384.139794610        86011.8620867917        92450.8730944495     
   97687.4212137937        81294.1331327575        90965.0175259835     
   83697.9624330173        76794.2127046191        82382.5996475349     
   107732.817331751        81759.2063717116        95579.8821292640     
   98628.1235997830        97215.6947792534        93566.1939880597     
   79949.7973530881        83011.3080460891        85894.8736336761     
   108099.393541077        90018.1265530384        91734.4837551806     
   110205.520215370        82962.8029050833        95271.9395290854     
   90128.0715393182        92095.7262574300        86931.9358495945     
   91023.2236951905        102885.518322892        77062.0131191378     
   95391.0465975552        80907.2256497690        92946.8706838380     
   100562.252159131        89457.2881832019        90627.6559073328     
   95382.2933709599        81687.6194739513        99344.6616138136     
   98442.6704189029        97975.6086550110        95210.6297742279     
   95799.8092705141        102688.394173219        83797.4444329423     
   95111.1106056125        90283.7711835123        81627.5548702231     
   93931.0418532804        87137.9433162801        91162.2160130382     
   82568.9077082948        118677.398408492        87385.5611318975     
   88627.0697295036        94949.6312300571        107247.580078241     
   82521.7963931799        91467.7054796487        87236.0500746593     
   85995.8237968729        94853.4200748897        99944.7315363947     
   92445.9668273133        90921.1213025905        93645.4376360477     
   104748.877695669        91114.1011432818        89009.5727226766     
   110971.771352846        97367.5846326788        89761.7740951709     
   91136.3837731922        84264.5991185603        92275.3439539132     
   88973.2960808209        92225.7423365398        94633.6973614369     
   95306.1904773128        91127.7978057038        102954.856514882     
   94059.6083534636        95876.6369536244        96720.0874611143     
   94265.9503383630        101867.300633020        91546.6703624585     
   89342.4555141310        102412.007791211        87553.5450282774     
   95673.7516569346        97480.9677228230        87736.5450755894     
   87770.6473490551        88747.2361056506        95509.6704730495     
   85908.1986091938        100558.237940565        100865.325660863     
   83922.1825580116        92553.8117825841        81285.3055687813     
   110783.939375778        92816.7430986570        78147.5618917168     
   90632.6550961951        89576.3209142908        89152.6535964711     
   87187.0431563327        88280.2672634847        91182.6587927724     
   83526.7262762252        92210.5589265008        96726.3503854511     
   89996.6988030078        89993.2606991434        85693.8096028172     
 ------
  0.000000000000000E+000  0.000000000000000E+000  0.000000000000000E+000
  0.000000000000000E+000
  0.000000000000000E+000  0.000000000000000E+000  0.000000000000000E+000
  0.000000000000000E+000
