           3           6           6           6
   4.00000000000000        7.91500000000000       -5.20000000000000     
   1950000000.00000        192238714.000000     
      218880         878       62074
   8641873.25000000     
   24637594.7500000        28502724.0000000        26573180.7500000     
   26065322.2500000        24750390.0000000        24816142.5000000     
   27183063.2500000        25817921.2500000        24216710.0000000     
   24262971.7500000        24615922.7500000        26806122.5000000     
   28244206.0000000        26783422.2500000        26416336.7500000     
   26116109.7500000        28431738.5000000        28466099.2500000     
   25830860.7500000        25253139.5000000        28038560.7500000     
   27590602.2500000        27971334.7500000        26772912.0000000     
   26094727.2500000        28459211.2500000        25238491.7500000     
   26235965.2500000        26268858.2500000        24696636.0000000     
   28633415.2500000        25338897.5000000        27836403.2500000     
   27981840.5000000        25577424.2500000        25999778.2500000     
   25956210.7500000        26739031.7500000        26388324.5000000     
   26935312.0000000        25292527.5000000        25455461.2500000     
   21884399.0000000        26575794.0000000        24854784.5000000     
   26087948.2500000        26084887.0000000        26593258.0000000     
   27416078.0000000        25861576.0000000        23782640.5000000     
   24658567.0000000        27987228.2500000        26815413.7500000     
   25329281.0000000        25345787.2500000        24530766.7500000     
   25254269.5000000        27081433.2500000        23833754.5000000     
   24079214.0000000        27213419.7500000        22431856.5000000     
   29198407.2500000        27275854.7500000        29197609.7500000     
   25979803.0000000        25535052.5000000        26571761.2500000     
   27591895.0000000        27497149.2500000        27388650.5000000     
   25091805.5000000        24350619.5000000        27196357.0000000     
   26170081.2500000        28482411.0000000        27812550.5000000     
   25297975.5000000        26090284.7500000        25134852.7500000     
   25010420.0000000        24170268.0000000        24172705.2500000     
   25589814.7500000        26187040.5000000        25726401.2500000     
   23495744.0000000        25616347.2500000        28719426.0000000     
   23725009.0000000        24615635.0000000        27921365.2500000     
   26993418.5000000        25398639.7500000        24776324.7500000     
   25287381.5000000        27944729.7500000        27975425.7500000     
   27177056.7500000        27628475.0000000        27296542.0000000     
   28097686.7500000        23561255.0000000        25449772.5000000     
   26211374.7500000        26531389.7500000        24759617.7500000     
   26750057.7500000        26621078.2500000        26723963.5000000     
   27244360.7500000        24819887.5000000        25390822.7500000     
   25517400.5000000        26225263.2500000        28348558.5000000     
   27675483.2500000        23863695.0000000        24096929.7500000     
   25403202.5000000        26884224.0000000        25459000.0000000     
   25599985.7500000        27009451.0000000        24310681.2500000     
   26757517.0000000        25143134.7500000        26286345.2500000     
   26074905.5000000        25339942.7500000        25834812.7500000     
   26844268.7500000        24907931.7500000        25915731.5000000     
   25364296.5000000        23927585.2500000        24324112.2500000     
   26788957.2500000        31009877.2500000        24684283.7500000     
   26987879.0000000        26160535.2500000        26719574.7500000     
   23635227.0000000        26351291.2500000        25158272.2500000     
   26196756.0000000        27434140.2500000        27439603.0000000     
   24304700.5000000        23596341.2500000        25342768.0000000     
   27884731.5000000        26617051.2500000        27277811.5000000     
   25282194.2500000        27767823.0000000        28216204.5000000     
   25065848.0000000        25787941.7500000        26969474.7500000     
   26036706.0000000        27029486.5000000        28206817.2500000     
   24640191.2500000        25396799.0000000        27206016.7500000     
   27269636.7500000        25631828.2500000        24300899.5000000     
   26353097.2500000        25697485.7500000        25779418.7500000     
   26400516.0000000        26476596.5000000        27146557.5000000     
   26265911.0000000        25849955.0000000        26528630.0000000     
   23530213.2500000        26476767.0000000        25421823.5000000     
   26342429.5000000        27338414.5000000        27739307.7500000     
   25795061.7500000        24894764.5000000        24949704.5000000     
   27135811.0000000        28616583.0000000        29371630.0000000     
   26973401.7500000        26913403.0000000        25170602.7500000     
   27298873.0000000        27378014.5000000        25758370.5000000     
   27210235.0000000        24462065.5000000        24861823.7500000     
   24862798.5000000        28325019.2500000        24795445.7500000     
   26948362.7500000        25297716.5000000        26457497.2500000     
   26333984.7500000        28809790.7500000        22829855.0000000     
   24522653.2500000        25033084.5000000        25541148.7500000     
   25323503.5000000        25727981.5000000        25493537.2500000     
   24420024.5000000        28007897.0000000        25845678.0000000     
   28340221.0000000        25839665.0000000        26431757.5000000     
   24137162.0000000        25738771.2500000        27004668.7500000     
   28469184.5000000        26254474.7500000        28336741.0000000     
   26668665.5000000        26335014.5000000        25467088.5000000     
   24432858.2500000        26594369.7500000        27421674.5000000     
   24348044.7500000        24535986.5000000        29714762.0000000     
   29527764.7500000        24739535.0000000        25449397.0000000     
   25132749.2500000        25267819.7500000        24156253.0000000     
   26360131.0000000        26733698.7500000        27285885.2500000     
   24790371.2500000        28254099.5000000        26794711.7500000     
   25759542.2500000        24918407.2500000        27997927.5000000     
   25072194.5000000        25522586.2500000        27953690.5000000     
   26329183.7500000        25982524.0000000        26473961.0000000     
   26656129.7500000        23759648.2500000        28238328.2500000     
   28511325.7500000        31443131.7500000        26008925.2500000     
   24695571.7500000        23931819.7500000        26335257.0000000     
   27935041.5000000        25933820.5000000        29025068.0000000     
   25368108.0000000        25671409.5000000        25308225.2500000     
   23575396.7500000        25321250.7500000        26538957.2500000     
   21738522.5000000        25785562.7500000        28891092.5000000     
   29434999.7500000        27937978.5000000        26549751.2500000     
   24955116.5000000        25657302.7500000        24521786.7500000     
   24104689.5000000        25799645.5000000        25794523.0000000     
   25792255.0000000        27603485.5000000        29489680.0000000     
   26224006.5000000        24639979.2500000        26125204.2500000     
   25491422.7500000        26777809.7500000        24585255.7500000     
   25203415.0000000        25724843.7500000        25532233.2500000     
   25391632.0000000        24043715.0000000        26588990.7500000     
   25585055.2500000        25627566.5000000        27594762.0000000     
   29729200.0000000        24985716.0000000        24338869.0000000     
   25257382.5000000        27098634.5000000        26522336.0000000     
   25774770.0000000        24929460.7500000        26004586.0000000     
   25918513.2500000        25364556.0000000        28335267.0000000     
   24077603.0000000        23677157.5000000        24464174.0000000     
   25875892.5000000        25869794.2500000        27589845.0000000     
   25252512.2500000        23135203.0000000        24113093.0000000     
   27044240.5000000        26123149.7500000        22156656.5000000     
   23995798.5000000        25361739.2500000        24513138.0000000     
   26712352.0000000        26585924.2500000        25675047.5000000     
   26244325.0000000        26024172.0000000        27356464.7500000     
   25971428.2500000        24433984.5000000        25735749.0000000     
   27184515.0000000        25016877.5000000        23753370.2500000     
   24404935.0000000        24686905.0000000        24746317.5000000     
   26238430.0000000        26923896.2500000        25661231.7500000     
   25513715.5000000        26944917.7500000        24655909.5000000     
   27631535.7500000        24946005.5000000        26576692.7500000     
   25435408.0000000        24743515.0000000        27024473.5000000     
   23328021.7500000        25239302.7500000        24402251.2500000     
   27251616.2500000        27487622.5000000        24733840.7500000     
   28371924.5000000        25951845.5000000        26389712.0000000     
   26284876.5000000        28171041.2500000        26887648.7500000     
   27317139.0000000        25482274.5000000        26600558.7500000     
   27154231.5000000        23844282.7500000        24125006.5000000     
   25862332.5000000        24776247.0000000        26392693.0000000     
   24761330.7500000        24661276.0000000        25056379.7500000     
   27274748.5000000        26549480.7500000        28654658.5000000     
   24128450.0000000        27679580.0000000        28505415.2500000     
   25213112.7500000        24548122.5000000        25560110.2500000     
   26380739.0000000        24814597.7500000        24131526.2500000     
   26486796.2500000        28231707.5000000        24347429.2500000     
   23844154.5000000        25019953.2500000        27015546.0000000     
   26569576.0000000        24145789.0000000        25675692.0000000     
   26312164.0000000        27904130.7500000        26677294.7500000     
   23621550.7500000        26271661.7500000        24782030.7500000     
   27724169.7500000        28226685.5000000        24951922.7500000     
   23683755.5000000        25814916.2500000        26142699.0000000     
   27782354.2500000        25099760.0000000        24738913.0000000     
   24147488.7500000        23945129.0000000        26077213.5000000     
   27944951.2500000        26261990.2500000        24910209.7500000     
   26758757.2500000        25309807.5000000        23967340.2500000     
   28633068.7500000        24766430.7500000        27395490.0000000     
   24827695.5000000        27170690.5000000        23978039.0000000     
   25139798.0000000        27658801.2500000        26090277.2500000     
   24375965.7500000        27423695.0000000        25339366.0000000     
   26078528.2500000        29722166.0000000        24105238.2500000     
   25347823.5000000        29811402.7500000        26524682.5000000     
   27525359.7500000        25939292.2500000        25197578.7500000     
   25539811.2500000        24466634.5000000        28389392.7500000     
   27208024.0000000        25650797.2500000        25496200.2500000     
   27126674.5000000        23375267.0000000        28009493.0000000     
   27005296.7500000        28051051.0000000        22986820.7500000     
   24274182.7500000        24021512.5000000        27616403.0000000     
   26392970.2500000        28671297.0000000        28734418.5000000     
   28321570.0000000        24610390.2500000        25038842.0000000     
   26834420.0000000        26126439.0000000        27741054.0000000     
   23121952.5000000        24556046.5000000        23997978.5000000     
   23644305.2500000        27013760.2500000        29893422.2500000     
   28705552.0000000        26779971.2500000        29906945.2500000     
   26187383.0000000        25846952.2500000        26177991.5000000     
   29205039.5000000        24616061.7500000        25966939.0000000     
   23629074.5000000        27358739.0000000        26022089.5000000     
   26565590.2500000        26225934.2500000        23519088.0000000     
   25374326.5000000        27977330.7500000        26499047.5000000     
   25955539.5000000        29018990.0000000        25445620.0000000     
   26848794.7500000        23757846.0000000        23215162.0000000     
   26191288.0000000        28001813.0000000        27486516.5000000     
   23275014.7500000        26526949.7500000        25173935.5000000     
   23354659.5000000        26214565.5000000        24655282.0000000     
   24687501.5000000        27411268.2500000        24072035.7500000     
   26219595.2500000        25348311.7500000        26579227.7500000     
   23961898.5000000        26313558.2500000        25987569.5000000     
   28524372.7500000        26389278.7500000        24529835.2500000     
   26521755.5000000        30555325.5000000        26996991.2500000     
   27948072.0000000        28214277.2500000        25972629.0000000     
   28672167.0000000        27201441.2500000        27606734.7500000     
   24997238.0000000        26686683.0000000        26733386.0000000     
   27222754.0000000        25829892.5000000        30345415.7500000     
   27623560.0000000        25746123.0000000        27479980.5000000     
   27049896.7500000        25880856.7500000        26177973.2500000     
   24874585.0000000        27458828.2500000        26585423.5000000     
   27132773.0000000        28398589.5000000        24439302.5000000     
   25297781.2500000        24293736.5000000        28346908.7500000     
   25663018.0000000        26397067.5000000        25845476.7500000     
   23130770.0000000        25130426.2500000        24182110.5000000     
   26638410.7500000        27857302.2500000        23534527.7500000     
   24584761.7500000        28396956.0000000        30074425.5000000     
   25829389.2500000        27836584.0000000        26972932.0000000     
   24503876.7500000        23665299.2500000        24493074.0000000     
   25480471.5000000        26195296.5000000        29228918.0000000     
   25942608.7500000        23496714.0000000        23977997.7500000     
   23765171.2500000        26120076.7500000        31723534.5000000     
   25888425.2500000        25415617.0000000        27399930.5000000     
   26084600.7500000        25385278.5000000        24057635.0000000     
   24503776.2500000        26967343.7500000        23623074.0000000     
   26546834.5000000        25098092.7500000        26938088.5000000     
   25473218.0000000        26608256.5000000        26734726.2500000     
   24928195.2500000        27295504.2500000        25013663.5000000     
   27198003.5000000        23618590.0000000        26298194.7500000     
   23948593.2500000        24372055.7500000        26951800.2500000     
   26157989.5000000        23544374.5000000        24758275.2500000     
   26992803.7500000        26397385.0000000        28020629.5000000     
   26610478.7500000        26205936.0000000        26400181.2500000     
   25787825.0000000        25476591.2500000        28682178.5000000     
   24252898.7500000        26297506.2500000        26275526.5000000     
   25885358.7500000        26103839.5000000        26178785.0000000     
   27078754.7500000        23853110.5000000        23927087.7500000     
   28483616.2500000        25630827.0000000        24066507.5000000     
   25055251.0000000        24629744.5000000        22262311.5000000     
   24064272.2500000        24342743.0000000        25619806.5000000     
   27023613.7500000        24870423.7500000        26021941.2500000     
   26178243.0000000        25763929.5000000        25881823.0000000     
   25461317.7500000        27120794.5000000        26516661.7500000     
   26332958.0000000        23731377.0000000        24395839.0000000     
   24684900.5000000        26742488.0000000        24298035.0000000     
   25381352.0000000        26380856.2500000        26771691.7500000     
   28266909.2500000        27605509.0000000        29664250.2500000     
   24039448.2500000        23448899.2500000        27005347.5000000     
   26791665.7500000        27620728.5000000        25449039.2500000     
   26156089.2500000        26982772.7500000        25854165.2500000     
   27863122.2500000        27910780.2500000        27326770.0000000     
   33012654.0000000        24384199.2500000        27092303.0000000     
   26728399.5000000        25068133.2500000        27583145.7500000     
   27070310.7500000        25689146.5000000        28043359.2500000     
   24965218.2500000        27688332.0000000        26288624.5000000     
   24584462.7500000        24777369.2500000        28304587.7500000     
   26631071.7500000        24111451.2500000        25303891.7500000     
   27532663.0000000        26526355.7500000        27353671.7500000     
   26696949.5000000        26403385.2500000        26072567.2500000     
   26730259.0000000        27178591.0000000        24460397.2500000     
   25430553.7500000        24548958.5000000        26529992.0000000     
   28074347.5000000        26553381.7500000        25087423.7500000     
   23291368.5000000        25244810.7500000        24629458.0000000     
   25465517.7500000        28817913.7500000        26298202.0000000     
   24729314.5000000        23947355.0000000        26004326.5000000     
   25639000.0000000        29341486.5000000        24584896.0000000     
   24091856.0000000        26056430.2500000        26153637.0000000     
   25534918.2500000        23450846.2500000        27876249.7500000     
   27703739.7500000        25218307.7500000        24188851.2500000     
   26996014.0000000        27003015.5000000        26386394.7500000     
   27702276.2500000        27333987.5000000        27773811.2500000     
   30895783.2500000        26900689.0000000        27163321.5000000     
   28570490.5000000        25936906.0000000        25434922.7500000     
   25990216.5000000        23274293.2500000        24679734.0000000     
   26832140.0000000        27354573.7500000        29040634.7500000     
   30091324.2500000        21981925.2500000        25423343.0000000     
   28167823.7500000        26091394.0000000        24432053.5000000     
   23842977.0000000        26210009.0000000        28740618.7500000     
   26155385.5000000        24977513.5000000        24078499.0000000     
   26558347.5000000        24499667.7500000        25927556.0000000     
   25365122.0000000        25858382.2500000        28016174.2500000     
   24996850.7500000        26966618.0000000        24120253.0000000     
   25890243.7500000        27138492.0000000        25630617.7500000     
   24605331.0000000        24511677.2500000        26616319.5000000     
   25885549.5000000        24273585.7500000        25237869.5000000     
   24735441.2500000        25718904.7500000        24482194.0000000     
   22895660.5000000        26515367.7500000        23663959.5000000     
   27405011.5000000        26736588.7500000        26360782.5000000     
   23975315.5000000        23773663.7500000        26022047.2500000     
   25605657.0000000        25393418.5000000        27793398.0000000     
   27363909.2500000        26026191.2500000        25565387.5000000     
   28588123.2500000        25897720.5000000        25866351.7500000     
   27279389.2500000        25487234.2500000        25407382.0000000     
   27741929.2500000        25403287.5000000        27847551.7500000     
   31918582.0000000        26619677.7500000        24348490.7500000     
   27801253.7500000        22436030.0000000        27037533.5000000     
   26118198.0000000        26961008.5000000        25612078.2500000     
   27534187.5000000        25984158.7500000        25704089.5000000     
   25130788.7500000        25552539.5000000        27775866.7500000     
   26256941.0000000        27077768.2500000        25956205.5000000     
   28068386.0000000        26669206.7500000        26838145.7500000     
   25035337.0000000        28375776.2500000        25724415.0000000     
   27097637.0000000        23930855.5000000        26885147.5000000     
   27126765.7500000        26129479.7500000        28735032.5000000     
   24320200.7500000        25144077.0000000        27017351.7500000     
   27723926.5000000        25405268.2500000        27700160.5000000     
   26404270.7500000        28195516.7500000        23397738.0000000     
   24774764.5000000        24917474.7500000        27675506.7500000     
   24415833.0000000        26827841.7500000        23570121.2500000     
   25595935.0000000        27962455.0000000        26571076.7500000     
   24502133.0000000        28332282.5000000        26441622.7500000     
   24277921.2500000        28612802.5000000        24427310.0000000     
   26317621.2500000        26158139.7500000        25182636.2500000     
   28878459.2500000        25658198.0000000        29219304.2500000     
   24714414.5000000        24094851.7500000        26070698.0000000     
   25018453.2500000        23289101.2500000        22713147.7500000     
   28199024.2500000        27730187.7500000        24478187.0000000     
   26956558.2500000        25575754.0000000        26282006.5000000     
   24666764.0000000        27787533.5000000        27316361.0000000     
   27406374.5000000        28323849.0000000        24789773.0000000     
   26513136.2500000        26056222.7500000     
   4330865.65815362     
   13407771.4662426        13899546.7617648        13172696.0755628     
   13683786.1070518        13182553.9755804        13152566.0184486     
   13303827.7596384        13382333.8427721        13365058.7070305     
   12971541.4651028        12734070.3070165        13663141.6861178     
   13862894.9731297        13788266.9859895        13972374.3718169     
   13788912.2032914        13971162.0046898        13097738.9869178     
   13008395.9195532        13382018.3694613        14280180.6912809     
   13977938.3244066        13209226.8479383        13248452.8264931     
   13391964.4239216        13921303.7858443        13247151.6125347     
   13343232.0132074        13365059.2221828        12967865.8267442     
   14180897.5230651        13223271.2792532        13805170.3821744     
   13337760.5887315        13591312.8705064        13073561.2951533     
   13437872.4941858        13692543.8315281        12651007.4174816     
   13642681.9886137        13117457.9274218        13110862.4105699     
   12637189.4284661        13149443.2278491        13332502.7745420     
   13236792.7675949        13451440.2089697        13596842.3221655     
   13986883.5591306        13321646.5482602        13451477.8816974     
   12990431.9432571        13983864.7056348        13363877.8599822     
   13496698.1893682        13108760.6313765        13522638.0958426     
   12791776.8687371        13709158.1423246        12584210.5751360     
   12833935.7537442        13742125.4884007        12593393.1834290     
   13819830.2384994        13392065.0840200        14358145.4562386     
   14118360.0242256        13769565.4576409        13637124.0855807     
   14314524.1679030        13530443.9348032        13812769.8550778     
   12781974.4817883        13209311.5841810        13743040.1845050     
   13717528.3526247        14275282.6646639        13575628.6052244     
   13872903.6843318        12670279.1619762        13298850.5782808     
   13276613.3180961        13191635.4238574        12927396.6307312     
   13537305.8205580        13541122.1524363        13035191.9837792     
   12672456.3614984        12904014.4644504        14357548.9701480     
   13111618.4149759        13561376.4089519        13871208.4349654     
   14121687.6113471        13156669.6419801        13387260.4657642     
   12861699.6791553        14125846.4204094        13946282.3573594     
   13848000.3506544        13717571.9780017        13468262.6236170     
   13625161.8325960        13149479.4217246        13153929.4116631     
   13547800.1942653        13994856.5961355        13026006.0693421     
   12970522.0373741        13692295.5151564        14007624.0761849     
   13662250.2328639        13057245.3995707        13201788.5982221     
   13904673.4382555        14003037.6308027        14017467.1386782     
   14120280.0811510        13097169.1868012        13441854.9023380     
   13027706.3584144        13655508.4857213        13440444.1584022     
   13402945.4040319        12930720.5934349        13387877.6691484     
   13699827.4084347        13512869.1525773        13738988.1844479     
   13264690.6276332        13577537.1350423        13019046.5455262     
   13509881.5332175        13207602.6342675        13720516.7176208     
   13803841.1478074        13297192.3982047        13051536.7998045     
   13165913.1995702        13642037.5845471        13312524.6893984     
   14078919.1931088        13611137.5767981        13323345.7372255     
   13623299.0192687        13735052.7346698        13130683.9086032     
   13365238.5423709        14029531.3944516        13707075.8794378     
   13419672.4552259        12678581.5956079        13483252.0123097     
   13877766.6324923        12689962.8942317        13464058.9316168     
   13662788.7748635        13988432.4960035        13704408.9853597     
   13366803.6104855        13462099.1806455        13981113.9366608     
   14181498.9067313        13081786.9334544        13933716.9081605     
   13313300.0431673        13933729.9250155        13665269.1071497     
   13740653.5767292        13380869.8440545        12654689.0938101     
   13411548.2608081        13200111.4722799        13286255.2363263     
   13697212.7948555        12976328.4952899        13395428.3443366     
   13266850.4528639        13437637.1458972        13675691.5467236     
   13028397.7280387        13304713.5181935        13190842.4052910     
   13423361.7961212        14128975.1377796        13987984.4584906     
   13485548.0882539        12663373.6241014        13008479.9451697     
   14232847.1007668        13535853.0741439        13462274.8873298     
   13790871.7429304        13547027.6472865        13893272.3683660     
   13921762.0760946        13351803.4606734        13142261.7613659     
   14184499.1438014        13322871.0981797        13462461.9122022     
   12881011.5134766        14248905.2959415        12818280.3083876     
   13695726.5919931        12990887.0422646        13892079.0754652     
   13944798.4221785        14238912.2539144        13356138.5605893     
   13029126.7950197        13277990.5888160        13621160.4610860     
   13329930.1905884        13747494.8219516        13747726.0828048     
   12888185.8687838        14275667.2443386        13007903.9705348     
   13790444.9271066        13209655.6167452        13862768.7922780     
   13648728.9940493        13835036.0215361        13336175.6703412     
   13002933.8609982        13498254.6691515        14493646.0789561     
   13746851.2891109        13699940.6619592        13590702.6027332     
   13467040.2272955        13812364.9652315        13922676.9476424     
   12743217.9529033        13085504.7822095        13958689.4172601     
   13985156.4547510        13108959.3976411        13357394.1221219     
   13378940.3874692        13798646.1548954        13250005.3539590     
   13431332.9385083        13418379.6250404        13270864.3548253     
   13249804.4270639        14070341.1328827        13719869.9197300     
   13431549.8470291        13705328.3069960        14288134.3708924     
   13109627.3482722        13516688.5329222        12830724.3436244     
   13571449.4366956        13274069.9356126        13427464.1324844     
   13450981.8351334        12906560.7093797        13529552.6133818     
   14106116.2903430        14101709.5095389        13880856.1382047     
   13449320.0424455        13329378.6316755        13166352.3885075     
   13720179.5407447        13744288.9276988        14436990.1979332     
   13795342.3908222        13084986.2985034        13586999.8770464     
   12961060.8838147        13252311.8417513        13621705.8296270     
   12644134.0451818        13779858.4668190        13573234.8152478     
   13751707.3808494        13462342.6500197        13762104.7774209     
   13177985.8644452        13826572.4972516        12491696.3002954     
   12379671.0023007        13816021.6742694        13286903.3358077     
   13011360.9175911        13524464.9265749        14079550.0624283     
   13659353.6926881        12953926.3731425        13358865.7308583     
   13747219.1724314        13498273.2565057        13462856.3247417     
   12186640.2661506        13383578.9486043        13760448.4880099     
   14105842.1349365        12849482.4501170        13734286.1562333     
   13769276.8710401        14066234.3143104        13573599.0821200     
   14163203.4744250        13273653.0023131        13210008.3361519     
   14136580.2666144        13905182.2987614        13747834.2646800     
   13819980.5831086        13052858.9500682        13464991.1964306     
   13915619.1607757        13942868.2889723        13999851.6179742     
   13322345.8036420        13184983.5002206        13042621.8898824     
   13826497.6561264        13605661.7403527        14196780.3860638     
   12902508.0173564        13395693.6739205        12831543.4356849     
   13794397.8591775        13826642.2740608        12638863.3586822     
   13338450.5418026        13015253.0935109        12909982.4276043     
   13690631.5173193        13364262.3601754        13966631.7871365     
   13570023.1078526        13542868.3132796        13546953.2778152     
   13259171.7032936        13313409.9092528        13113743.8651609     
   14514461.3278750        13840795.2085324        13317089.2706409     
   13589402.8662268        13676984.1970787        12736504.5816827     
   13652398.0847035        13420021.6347976        13721736.7623868     
   13580108.8875167        12917482.3176833        13076669.0620921     
   13302713.7649551        13743575.1605964        12825739.8932484     
   13506434.8998333        13349725.6885997        13098024.3424237     
   13067180.0392554        13803645.0475089        13173648.7312001     
   14312536.3847256        13473571.4110196        13214862.2322015     
   13974062.0310463        13512878.6487329        13611554.8976053     
   13313749.3271227        13819612.9333951        13311710.2101375     
   13332916.8317720        13520595.4298077        13574125.2867655     
   13943429.2288959        12982593.8332760        13501534.2547147     
   14199145.9496496        13482181.4110794        13509465.7259147     
   12680713.3065531        13701250.8850625        13130795.1643630     
   13737345.9266880        13782118.6136907        13977409.9235732     
   13010748.5981884        13293153.8854513        13581503.5157423     
   13379370.8706026        12900733.9636791        13962513.6964163     
   13182904.5710842        13352802.3498925        12910096.4512644     
   13009575.3230663        13982948.5513307        13230796.9344004     
   12986484.8072884        13370268.2499250        13714832.7563717     
   13483611.0599077        12751181.9068835        13667801.2287030     
   13103956.6237956        13565482.4633198        13458599.7922465     
   12423918.2364910        13100979.2859020        12945939.5071778     
   14177412.8735067        13464086.6954293        13030160.8957453     
   12733526.4849086        13571552.3194366        13384906.1817448     
   13795001.4306369        12688883.8132646        13121272.7450161     
   13604212.3283107        13280087.9521927        13680197.3601004     
   14000974.9478216        13669102.9991923        13057544.1431818     
   13911487.3730790        13040199.8008709        12543036.5183262     
   14181823.8294046        13309946.3547440        14066530.6486035     
   13242165.4753843        13694319.5501171        12844834.6093339     
   13624679.4682162        14236445.7437770        13423677.8339403     
   13187886.5711426        13973819.9360107        13808721.5737934     
   13878074.7893479        14349262.8904232        12546535.7114966     
   13321119.8662452        13769437.6734163        13666838.6304624     
   12830901.3030845        13530618.4952787        13266484.8075935     
   13282886.0692622        13498683.7930664        13700619.2493485     
   13779223.0415861        13315515.2855597        13286951.3764389     
   13589317.9283556        13167435.5847032        13893800.9009395     
   13973365.4418126        13662300.9141053        12790922.4424271     
   13185494.5633296        12881569.4170880        13789193.8840560     
   13230771.7522482        13967283.5304540        13636436.1232296     
   14002216.1371031        13365936.5196266        13173440.3173549     
   13384282.2610446        13119214.7137265        13531083.2645917     
   13135476.5145101        13391053.4367462        13058140.6495555     
   13630475.5684406        13777474.8784465        13567981.8382873     
   13534419.8941947        13480378.1814716        13611163.4671784     
   13444297.2231780        13755307.3119381        14240026.7549903     
   13902906.5663759        13240228.4431554        13573158.3989630     
   12780320.2034074        13789459.1166440        13080118.7613501     
   13623084.5684256        13857973.0029792        13287627.8466531     
   13245247.7095708        13710540.7290072        13906410.3870868     
   13618591.0653852        13968922.6883238        13070024.4271550     
   13183035.6814742        13000474.0472168        13488009.5106560     
   13589794.1915926        12784841.3284996        13291858.2361345     
   12794642.8796405        13633403.4247232        13062577.2202099     
   13194529.3465819        13631047.6952615        13624559.8503263     
   13783335.4801093        14055476.5740001        13008615.1916148     
   14125497.0828244        13668093.7611019        14022176.2933863     
   12809832.7396364        13555538.7510637        12577307.1008171     
   13835252.5869470        13801106.4810402        12930106.8965465     
   13757302.4759273        13944660.4668728        13541058.3556451     
   14134185.1387882        13764478.3106929        13069830.4583923     
   14045052.6465152        14006460.0935977        13584510.8314824     
   13661492.5629120        14370573.2575469        13383737.5439375     
   14349517.5130261        13307882.8953622        14043587.7057751     
   13721956.0274681        13351934.9462906        13801726.9476765     
   13340729.1064416        13677207.1347968        13634351.7437080     
   13297710.7408009        12893152.2173239        13495649.2636824     
   13427622.1685844        13880525.6910711        12920753.1006481     
   13391192.9418173        12917833.8340943        13703016.8876605     
   13144819.3005621        13055751.3993916        13482259.9069070     
   12995007.9071663        13587488.1348741        13028497.6320156     
   13273601.8162357        14249788.7336886        12856011.1529980     
   12897963.0984413        13906035.3914032        14368598.3459420     
   13191350.7232253        13761840.0284238        13263648.0362790     
   13172452.5848370        12635976.5501326        13605308.3113123     
   13422092.9888171        13803378.7885116        13602265.1579359     
   12955512.0942835        13027954.9491678        13225253.3936348     
   12831202.7325716        13921318.5455259        14699010.3490982     
   13092110.6510818        12860544.6933555        13998147.2677396     
   13230858.3174742        13271425.0464330        12758744.9518152     
   13735829.1780416        13907368.6364620        12785236.2965355     
   13544448.5484671        12887314.9137870        13939674.3302877     
   14014177.4058481        14173723.1821528        13162704.6931904     
   12940554.9314249        13848711.2185521        13556680.2883339     
   14135595.2861726        12967227.3198058        13551030.5392592     
   12700652.1646030        12532200.0696605        13498986.7373967     
   13352057.1382575        12876263.6270100        13825030.7679841     
   13754105.3410847        13398873.1991804        13496312.3759333     
   13436989.6794045        13386228.8347977        13050239.4082960     
   13987736.9331305        13104731.3108100        13666705.7803275     
   12822163.9960092        13646646.4088936        13036391.7093823     
   13264323.6810949        13140627.9124295        13518274.2150689     
   13386820.8419833        13294709.5431737        12537156.6046343     
   13628006.7332973        12799388.2819977        12783965.9187144     
   13616929.9887978        12686304.5045601        12632650.3494598     
   13850428.2535991        12975429.9181422        13450641.9693854     
   13652317.7852044        12982398.1623363        13040760.9386958     
   12641469.8934419        13756251.3594984        12965252.7512239     
   13284801.0883586        13511381.7474017        12890539.6476437     
   13198762.0790725        12817938.2710787        12952748.7801966     
   12742572.1263296        13395243.5800833        12872541.6727010     
   13091458.5474394        13911380.7341397        13269287.8701649     
   14270012.5741051        13412051.2408208        13509945.5756498     
   13408184.0255916        12916419.6746013        13731255.7595037     
   13690903.2137035        13939395.6323570        13542283.6670204     
   13897704.6314079        13321428.3053003        12991282.1201379     
   13463459.0076414        13269097.0348162        13967334.1100362     
   14436209.9690289        13816520.8405109        13534849.6411100     
   13661250.6490517        13307343.9990585        13234320.8455826     
   13526201.6026270        13203757.2119194        14025016.5117256     
   13396817.4617890        13931427.1078949        13223807.8568365     
   13473627.4853732        13114641.7130130        13770152.7434800     
   13616694.3790884        12848352.4837559        14024758.2744836     
   13557425.8053217        13271231.4543355        14160926.0363061     
   13886510.5614450        12886540.7508446        12776490.5592896     
   13482900.5358669        13621539.8119159        12759223.4812720     
   12945002.1042282        12655999.4053111        13663679.8351281     
   14031471.2534398        13560906.7660033        12993601.9775117     
   13186376.7602843        13480881.9647558        13176657.5710756     
   13282669.1729833        13909498.1747495        13591941.9768450     
   13360968.7313622        13470371.6525806        13162333.8281624     
   13635328.2337557        13777146.0049702        12792942.5155596     
   12246461.4746875        13081837.0725724        13363505.1880515     
   13363832.9189359        12982847.8620769        13356620.2205183     
   13699693.7536829        13498205.4300959        13381983.4195795     
   14283997.6473551        13271542.6065521        13779805.2374439     
   13315792.5733034        13299000.1435770        13982525.8862158     
   13678570.7864563        12898165.8906024        13852837.3469398     
   13622309.8200934        13193875.8169703        13507142.9401416     
   13207610.0350551        12893055.6975718        13414736.3420437     
   13736516.5666229        14104456.6795052        14002974.2863657     
   14396138.7080550        12025133.2063594        12853388.1190006     
   13692235.7450566        13182712.8129137        13232496.8259769     
   13650107.0109876        13333794.0750977        13504483.7837015     
   13620270.2973315        13396013.9716457        12934895.1181298     
   13732705.6665454        13222963.8882192        13523905.4504110     
   13124969.4130539        13901442.9039574        13457409.6609145     
   13551347.8923666        13752144.3212013        13446379.8378694     
   13577095.6009653        13664631.3558467        12844671.4745563     
   12868172.9370341        12693964.4483897        13353348.8491328     
   13706195.9393482        13045973.5038524        13011637.8232413     
   12921379.2517527        13999306.9058925        13746156.6546109     
   12799868.4073662        13963742.1251214        13109696.5628513     
   12862618.3678064        13638931.0214537        13213912.9741734     
   12966091.4778687        12785145.8358574        13255520.6922709     
   13322807.1802341        13102352.6114299        13555969.5937844     
   12930312.7161998        13487508.5440720        13637001.4518084     
   14266885.8803865        13233728.6145865        13600257.4435752     
   13766493.0548252        13381341.7224817        13038326.8102807     
   13839306.7408702        13372201.9331860        13335644.7866601     
   14018049.0787719        13555237.2541943        13237127.0876207     
   13925979.8528417        12973164.2893425        13923805.5684623     
   13597084.2874640        13206706.5198426        12912618.6510001     
   14003659.3620462        13447876.4105301        13547135.9955088     
   13373003.2533936        13246243.5162898        14060574.9105761     
   13592578.4755096        12863867.1693500        14004348.8292340     
   13687736.5766751        13532349.2247376        13572536.2467635     
   13825756.5700931        14062211.3525412        13868530.5185037     
   14217484.0271874        12688149.3408183        13264327.5102187     
   14205601.0353497        13577531.1298943        13966956.1930126     
   13091939.9137614        13480467.6241821        12966161.0306553     
   13022880.1585622        13319430.7334152        13598512.9247769     
   13622134.2669581        13783240.0557598        13058777.9235059     
   13082073.3988953        13371722.3379182        13325978.6383037     
   12528287.8540097        12891602.1872253        13337185.0408794     
   13420766.1642387        13700905.7855590        13834745.4636629     
   13167816.6671179        14125557.5860584        13435620.4155456     
   13050443.4413509        13656642.5595437        12803989.9038828     
   13800705.7168231        13597778.5071286        13371676.5172795     
   14482288.3942954        13130394.7393286        13807786.0763877     
   13396964.9865727        13077377.2048365        13374603.2766037     
   13453068.7823554        12817833.1790088        13208913.5030162     
   14446803.8145186        12820793.7749969        13041502.1253329     
   13437967.2903932        13284832.8684623        13177289.8667822     
   13289154.6556856        13604398.2521254        14074000.0436441     
   13714647.0419030        13780244.3309998        13076259.8148962     
   13338860.9017508        13414825.3845458     
   14925.4222788285     
   44696.1395833737        49322.0848412548        45332.2213072981     
   45992.4579721850        44028.1113087559        43996.3592286661     
   46924.2302869716        45539.0161483264        44192.0785961095     
   44074.5797370007        43429.8646251642        46588.2609030155     
   48103.5090118668        47493.5145132983        47714.0539499335     
   46731.5542677172        49545.3593379152        47425.1925268789     
   45314.1288923821        45066.1561715375        48797.8651223249     
   47616.4062384292        46972.3301996157        45887.2460198144     
   46258.7817045638        49212.6524604395        44070.7161068423     
   46140.4708807143        45777.4816479925        44034.2941991233     
   48358.7725496426        45075.6667640881        47989.8078233083     
   47742.8067743173        45906.5093027369        45558.9794944659     
   45725.5119950084        47085.0272941776        45030.9389632018     
   46701.6853582702        44695.7056990793        44903.3544199965     
   41170.5107261917        46467.2008405817        44403.6935671712     
   46371.0587256645        45619.9500711414        46657.0181304699     
   48630.8036504617        44932.0021168694        43791.0565372363     
   42974.2428580342        48917.1017952548        46677.8829112501     
   44773.1421155038        43853.1377769043        44116.1975243286     
   44086.0974881674        47659.6765844041        42700.4371799797     
   43228.2162429842        46998.6516148413        41810.0005663713     
   48393.5754881407        47121.2888905216        50096.5097456319     
   47071.1867298738        45840.9582392099        47179.9218707381     
   49087.2833152258        48336.0607244820        47989.7656312057     
   45068.9093553915        42930.5116276004        47795.1014418578     
   46627.6352557661        49379.9473913672        47560.3561381379     
   45699.7866144448        44331.8373581501        44249.6109333940     
   44997.2474384042        42970.7559752954        43145.7940052092     
   45697.4403905504        46256.3070584438        45188.3360368719     
   42528.0698620195        45163.3945795630        49682.8326255237     
   43708.5190780412        45134.2059160622        48909.8637738456     
   47889.7948600686        45613.5327333727        45239.2961728524     
   44357.0017470309        49223.8170689917        48946.9901093558     
   47734.7618174508        48024.4696237759        47232.7122104802     
   48215.6912813622        42597.9632117815        45047.5897534705     
   46394.0135551167        47394.5738589038        43388.1376075686     
   45049.6901867774        46473.0516104637        47551.0503484280     
   48073.9263538982        44176.5354050839        45199.3671637952     
   45807.2397007771        46710.8724639439        49171.6404077596     
   49027.9447045497        43613.2517618963        44680.3700898768     
   44603.2487458318        46566.4132238233        44997.5753864444     
   45730.2610773866        46391.8861423741        44168.3187555653     
   47174.4404852963        44892.8318586928        47004.4643425278     
   45604.8623286072        45975.6638788252        44591.3866609526     
   47082.3883694682        44732.4125625883        46497.5902145941     
   45521.0065109475        43059.3775265647        43193.3751740290     
   46399.8251150600        50614.9837930559        44669.3145584390     
   47778.8863039795        45951.9561810465        46184.5845518401     
   43814.6713962110        46044.3911002556        44266.1865131699     
   46141.5633907003        47904.0459652054        47903.9762034548     
   44163.6629020898        41384.3306823857        44818.4019337628     
   48454.2259026764        44604.5973448671        47160.0370317324     
   44683.6715298530        48314.6998575123        47923.2811890909     
   44983.3718778591        46325.7461037657        47717.5788513804     
   46898.7875359705        46342.9593482434        48052.5320842832     
   45716.5563054354        46275.2741327698        46326.7085975637     
   46615.3835741146        44892.5616071682        43749.7624729401     
   46347.8332615179        45005.2472981311        45345.8770410282     
   46762.7379709201        45622.9523066874        46351.4116759688     
   46803.5144054644        45191.3811283847        46139.4631892233     
   42131.2486289142        45137.1804604316        44657.0044857061     
   46824.0411280198        48887.9959708792        47934.0209102251     
   45403.2494180336        43694.3198679024        44562.3405229421     
   48304.3440978218        48074.6910525399        48562.4204875161     
   47903.8957706833        46519.1012881468        45826.9565099692     
   47513.2543498311        46932.9898630979        44820.3055725386     
   47760.1438336134        44156.6045706273        44496.9973205071     
   44302.4897422091        49082.0710982071        43745.8505099198     
   46934.0300488129        44325.7014528266        47093.7421419226     
   47308.8186652614        49323.8363523584        43118.3534478481     
   43474.2478971060        45661.1703641230        45106.5013694225     
   45236.2050344519        45755.2879273149        46058.4876398185     
   43371.8820703079        48638.5153141228        44664.2369409575     
   48492.9992779011        45255.9268016381        47198.3958262169     
   43836.2902770514        45639.6390995581        46813.9405213849     
   47940.6051186868        46558.7936268633        49713.0301673721     
   46088.9657025167        46949.8729398124        45918.4571613340     
   44692.4197692241        47128.3602978606        47235.5525512967     
   43368.4553989721        44839.3990245542        50236.3896694794     
   50393.4427989162        43913.4527715960        44655.5973978975     
   45075.0922965791        45668.2541961352        43712.3789311893     
   46034.1809629771        47200.6336602349        46670.5550590719     
   44646.2586416453        48226.7110765375        46979.0433947167     
   45341.7977696872        44701.3019075987        48650.0509330344     
   44517.1733737622        45951.2738954363        46529.1871122366     
   45761.7012916363        45159.3225971057        45298.5598142542     
   45788.4314614405        42739.7692835043        47356.2550823299     
   49140.1074565109        52635.7031204165        46656.7962037561     
   45038.7619147761        43621.9396058150        44707.8677709211     
   47785.9855548396        45965.8631921081        50035.4766555385     
   46222.4175092463        45535.7348204487        44997.7054756032     
   42714.0039969892        44424.6422110934        45292.7213297565     
   41004.3214664150        46469.6917711264        48334.4207985637     
   49038.7855426129        47387.0324597204        47170.5357766644     
   44514.4367418550        46047.7477370562        43172.3865590057     
   42283.6028141387        45561.2892514961        45033.8349635364     
   44555.9396778280        46426.5933391148        50112.0483733641     
   46466.8603146155        43213.6864957053        45605.5676996090     
   46109.1190562167        46657.8906022160        44333.3081261525     
   43887.8240535327        45627.0932925824        45500.4699840716     
   46426.3532413171        43582.6887874757        46663.1983413935     
   46149.4944155681        46625.0259227434        47066.3086564765     
   50071.3152190224        45061.8256134313        43972.3125207815     
   45813.0980965618        47513.2140982481        46482.8217554318     
   45882.4157984040        44406.5783848547        45899.6016395456     
   46389.0822975173        45985.6467421118        48629.8458894483     
   44084.0502635719        43585.3141869282        44159.8189892496     
   45929.3114612805        45290.1875179000        47916.2147304612     
   43677.7909241447        42857.4973888280        42825.9783197316     
   47622.1251325773        46357.0592917771        41734.1597908115     
   43872.8601590610        44604.9090940677        43922.4555374246     
   46535.5370325458        46069.8514335172        46043.7328213753     
   45683.9107330375        45951.1118597832        46889.3118532758     
   45119.3899736676        43376.4375475828        45294.3300825372     
   47989.2972673874        45677.9765219316        43468.2670350650     
   44742.5575535815        45612.9877367348        42839.3565176709     
   46615.1047621428        47731.6429020159        45586.8958395141     
   46550.0506509894        45071.8803740502        43286.2722871922     
   46704.3415248722        44672.4782185636        45237.7609517097     
   44713.1191415973        44144.6555283911        46402.6274192951     
   42441.6813095366        45070.4437422651        44058.8099740770     
   48496.6040316928        47088.2935624032        45298.2371990606     
   48178.3255908070        45303.0274904057        46530.4037067252     
   45980.6582028709        47311.8553496866        46093.5324900672     
   46349.6748652338        45430.3490779147        46932.4600415921     
   47688.2775000311        43146.5595970796        43854.4361456698     
   46144.9432473294        44728.7325431547        46701.1424470364     
   43323.6339791627        45071.3909362906        44080.2734660632     
   46851.7184512742        46342.8446678067        49569.5750278344     
   43361.0390253247        46474.1218696066        48251.0811118789     
   44484.6593239094        44255.5945074226        46335.8137730887     
   46774.7365690795        44217.9839587774        43171.9364056040     
   44966.3825115684        48667.5337280551        44199.0456735572     
   43000.0941457047        44854.3993524565        47447.3833272422     
   46448.2968644842        43281.7638172267        45670.2140110049     
   45225.9146511765        48255.3976183589        46108.4828218463     
   42055.0025544845        45719.4187097410        43790.5988412191     
   48316.4608687998        48593.7321773003        44053.7844674841     
   43250.4101198321        45166.4256226935        45127.5232417890     
   47855.8239322553        44542.7346177083        44143.6385372089     
   44526.9246715639        44464.3074988978        46100.9765053263     
   47634.0047046525        46114.6790076840        43959.2889959333     
   47455.9059825463        44353.9680957560        41971.9583514894     
   49360.9459573055        44362.9179742594        47783.2169750476     
   44352.7671277003        46588.2462369769        43076.7422402385     
   46036.8908162422        48018.8461034299        45061.6326119537     
   43467.8555141914        49006.3704267095        45622.5835620242     
   46228.4684527687        50475.7937409183        43299.5102067912     
   45374.0762759780        49622.1157116206        47049.1156347575     
   47029.6139819959        45414.4381905018        44951.7856200456     
   44464.9739421645        44825.3464070225        48482.5430585133     
   47453.7809896475        45832.5041943558        45232.5272589249     
   47916.6919888743        43053.5427796615        48933.0717792548     
   47852.3502469321        47745.7189375713        42009.9311438687     
   44510.2691844021        43281.4490181852        47488.1204243484     
   45414.5437594920        48743.1464859151        49157.9862020276     
   49008.0143177785        44416.1051297810        43822.4773949848     
   46708.4546757633        44777.4206744710        47875.0554187227     
   42959.1818336606        43728.1420347041        42959.1103214684     
   43662.2441114690        47394.9291695980        50064.6759014471     
   48393.7223816344        46461.8020080480        49720.8682233841     
   46295.3350008722        45847.3789376297        47338.6494936359     
   49368.6577087550        44809.6604874781        46199.2205448043     
   42611.9880482743        46653.2963469853        45954.2238050759     
   46656.4361026765        46593.1135980760        42265.1144254888     
   44757.2191371060        47487.3972565731        46472.1998421679     
   46394.2575933160        49034.6416186548        45303.2995942805     
   46453.5582487911        43241.5772430145        44001.4520702556     
   46753.3192410936        46750.9433651392        46992.1178803732     
   42867.3221878579        46172.5980145322        45032.5496320044     
   43331.9318176729        46027.6803507560        45245.8738462797     
   44742.2207968278        48510.1035223095        44681.9168668671     
   47106.3281215216        45832.0649789584        47127.6006306812     
   43366.6261337784        46483.0747997157        43539.8731111470     
   48973.3961094184        47082.3901000206        44374.0416206768     
   46128.5871096553        49862.8638543332        46619.7219433002     
   48828.3308791654        48288.4228459082        44845.8647998373     
   49487.0377330429        47516.7362816498        46980.8056667484     
   46227.1680918717        46446.4019572332        45775.5580663484     
   47366.1847049803        45359.9837984832        50499.0376050011     
   47829.9984310938        44826.2282886928        47376.3416279386     
   46147.7125270976        46011.3121184061        46014.5440886435     
   44172.5711709776        46571.6590440948        46069.7695450459     
   47449.4455017782        49019.2556415975        43509.4727715934     
   45217.6824599177        44271.6758838101        47376.7194115385     
   45951.1580128082        45269.2024074296        45808.0276515046     
   42947.6968610590        45355.6308655054        43162.9481023663     
   45780.5459254307        48722.4398364912        42316.4221461472     
   43411.7301322467        48112.0576080265        50436.4729208865     
   44976.6031139189        47617.1487772668        46166.3619950477     
   44282.2008676056        41924.9266744313        45094.0139538310     
   45674.3827592419        46625.9829247491        48688.6683738443     
   44601.4476175111        43012.1369421957        43955.6783748730     
   43041.1963475376        46644.5732257440        53585.8442155764     
   45036.5054732783        44306.1564198774        48250.2680554155     
   46605.4181418894        45178.3782089577        42518.1233477307     
   44792.7162570348        47331.6148206642        42117.3936609311     
   46694.2208121234        44805.1628921272        46271.3478522514     
   46048.3685416489        47611.3535833948        46099.1712719938     
   43949.2006998661        47898.2026843409        45897.3444979021     
   48271.2242802030        43433.8441759291        46071.2889526079     
   42127.8387256098        42734.0192186121        46475.5356086966     
   47284.7505157903        42590.8985245876        45387.7232585675     
   47212.9724532539        46508.7204432912        47490.5921399095     
   46818.8866924133        45835.0716454786        45440.2718503694     
   46550.4407251670        45054.1884358940        48104.9157172334     
   43392.5199874355        46496.7682049540        45833.8099740089     
   45113.7982840081        45774.6366044499        45669.3420348544     
   46348.9664823821        43846.2018886479        42211.8184868625     
   48800.3054946518        44372.4884363466        42867.1160707115     
   44940.3658114122        43084.3258770661        41146.5493511923     
   44965.6182790157        43493.2375619638        45148.2913503579     
   47875.0063227362        43530.7646365654        44602.1774281509     
   44550.6654049744        45276.8804297672        44633.4607539622     
   44881.4454239560        46025.1903734542        45180.2602358998     
   45937.2753611294        43080.2909042473        43674.5936006599     
   43697.5412561722        46184.1701551070        43459.2974042011     
   44272.2187120141        46988.7869725263        46566.3926453641     
   48838.7998312120        47091.2000763707        49566.3225265813     
   43960.6682772674        42342.8588393771        46916.1591444448     
   46653.8459415416        47965.1005729452        45913.2558531651     
   46754.5900572083        45580.3299811080        45017.3855380633     
   47522.7563239786        46712.4540181547        47150.2117951811     
   54734.7699408170        45133.8956157360        46977.5728285328     
   46319.3017073720        44501.6932906638        46227.4050220245     
   46880.6625247995        44679.6574862727        48026.6728713747     
   44447.2929124797        47355.1269988698        45176.1369674044     
   43840.7470030695        44775.9395988262        47785.1014688197     
   46212.4878624882        42961.5864852927        46016.4582370170     
   46787.2558511532        45910.5883828267        48412.6416941086     
   46385.0559346766        45555.1115286479        45184.6684465192     
   46359.4051735031        46345.6452666782        43852.4854110413     
   45172.1608371657        43655.0683396972        47181.3143369096     
   48843.1193827683        46107.7961458559        44189.0801697134     
   43275.9210215909        45237.9217800705        44711.6301342953     
   45549.4333230174        48621.0270747910        46530.7965272795     
   44722.9332441450        43675.7611343093        45366.5300125711     
   45500.9651038887        49942.1219940969        43487.6521862068     
   42651.6158353948        45326.7228717257        45543.2364746407     
   45084.1714193225        43022.4426631905        47140.4920441991     
   47751.6769871365        46205.8650735376        44253.4549467942     
   47162.1518665604        46448.1719678405        46635.7482083254     
   46626.9709459191        47210.0335459104        48326.2432973382     
   50464.2311263897        45493.8991281648        47840.6537067117     
   48027.8416095869        45295.6887013621        45746.2678468396     
   44963.2173429716        42631.0528994610        45548.5552826912     
   47040.6880932038        47744.4338637511        49272.3962211655     
   51035.6453974639        40010.8408319959        44734.6899595346     
   48375.8158110088        45852.5343810774        43607.2026577395     
   44300.9844761978        46101.9670326976        47757.8291114759     
   45176.6102420567        44714.8011098308        42701.0013121004     
   46639.9647350274        44101.4126969856        45741.0542882888     
   44671.0600249579        46495.7585282995        47949.9239809933     
   44711.9019395494        46362.1502073825        43766.9109679336     
   46496.6339746312        47244.6463397779        43782.1297098965     
   44425.1781294761        44094.0186078581        46091.1482418443     
   46197.1259808067        43998.2678881453        44483.6483737981     
   44212.2636398808        46775.5115398904        44533.5181954267     
   41512.9976694597        46276.0582081288        43174.6427123251     
   46537.3369683368        46021.0835928405        45613.2499872986     
   43373.4693245518        42668.7604272396        45842.2213709072     
   45175.0695454223        44632.0980852205        47697.7699007671     
   46167.4974496369        45917.4655452639        44998.1249754450     
   49007.8608208558        45518.7766991478        45941.1793271228     
   48031.2922255439        44649.9551501678        44272.1693452401     
   48545.2368626941        45166.6322400526        48413.8475981153     
   52357.6953117935        46405.4647606405        44590.2024368796     
   48657.8092567806        42329.1776131961        46773.9868157174     
   47230.9518959798        46948.3982113820        44206.0832992764     
   47542.1682172421        45697.2427682378        45936.2424777990     
   45314.1794900561        45493.1706009267        48576.2754254796     
   46920.8733658936        45528.4069265519        45901.9327794202     
   47925.1551932440        46192.2010710253        46588.4806224177     
   45209.4259706662        48885.3280514887        45769.4706139967     
   47840.2335248597        41899.0564209686        46581.6540745340     
   47425.8445906595        45391.2066140538        48588.3921539059     
   43288.1400019465        45114.1559793920        45699.4944152467     
   46691.1465420795        45146.8533410123        48128.3185903827     
   46214.7927372758        47515.9263558623        42715.8527859022     
   43711.3397583768        45511.0168531093        47047.1288200181     
   43427.7833791853        44960.5851783866        44088.2730372198     
   46012.2381499725        48985.1285520546        47422.9909944788     
   44370.2051102773        48451.6095467661        45977.4464953514     
   43918.0368161338        48925.2058736383        43479.0085551492     
   46437.9064751581        46094.4817513015        45307.1952213812     
   49949.4417941245        45568.2561762598        49598.5734175229     
   44619.9859301477        43053.3864967514        45749.2779437008     
   45319.4988638290        42414.7057681933        41767.9641624203     
   50169.6078109979        46074.6030031682        43614.4305063930     
   46576.6354980449        45721.0464552968        45789.3069107876     
   44817.4543510876        47545.8300026185        48004.1359815821     
   47381.7258712545        47478.4464766139        44077.4295395322     
   46340.4144700532        45706.5319765255     
   776296.000000000     
   58044.8199218299        30171.3685193605        36421.2652301314     
   33979.1150100425        32692.2791944620        48550.1151212226     
   32059.8725112104        36835.4359475473        38046.0945320999     
   36897.3218171064        32638.3474246540        41632.9474955807     
   34525.7921088267        32434.0868864184        32789.6611633779     
   39865.6134345193        38846.9868890521        32092.0605971192     
   37223.7744251172        40181.3057066517        46330.6053567849     
   37107.0647371798        40568.1574366045        34089.2830084649     
   33160.1958382337        44108.7725491955        42303.8051890779     
   34035.6114194899        39728.8140694067        30550.7679268830     
   40239.0100985379        27016.9175159495        49637.8754308820     
   33924.1611012478        42743.3249533642        35448.3375895429     
   31079.8270664053        31827.1965091442        35975.5382945440     
   30085.3973384054        32053.0520565173        31400.3326839479     
   30265.1079566147        32755.0571125913        29246.9831884683     
   26349.7023541141        35956.8610276049        34585.2248448177     
   38863.5827093273        41979.8242989804        42178.3980275809     
   37274.8999587980        39358.6882501456        34043.8071157288     
   35274.9270643608        40902.8429095446        47315.2411348576     
   29871.8446275634        33457.1365060463        37726.7783126509     
   20828.7394156309        40827.1488714923        39247.2751005939     
   37463.7540748520        45615.1452347766        48085.7666717318     
   41632.9103268903        37488.0438140453        22395.6041448802     
   42991.1843654694        33413.1845296176        29556.8213918586     
   25854.9685002001        33326.2469627114        38923.6287287103     
   42407.4314979853        31358.7223350161        42882.3544399023     
   40972.4598667123        30070.4926935446        40982.4396600917     
   50928.6697119929        30530.8269244695        29053.3714800397     
   40255.7174248844        41582.2679861850        38796.1029518591     
   35812.8509365498        33883.2755417793        37351.0214367903     
   32744.2967767130        52922.1009169150        45077.4629590755     
   35982.3959179275        34557.5899234861        39070.7981584517     
   35310.6275915149        43125.4562596329        47040.9361995144     
   44206.2846085279        32447.2260184840        26008.8654629086     
   41015.7985597489        43338.4700244638        37924.0139683960     
   43991.5239152470        50340.8840415976        30730.0882738428     
   26950.3112227063        35358.1291778792        36420.4846876325     
   36551.3184779317        42090.8843459731        35438.8595734843     
   34862.4661067046        37403.9124832663        35471.8282018921     
   65442.6716364049        32529.8148486103        30911.8060013350     
   33898.6633796156        35739.4241886134        37244.4959700296     
   50977.6394616290        30290.8101060442        42584.8562417333     
   36929.6028247413        45437.1257919817        45951.8749856901     
   31407.5805785810        33638.7984805029        39899.9758888180     
   46521.1134795629        36530.8013608166        39723.6104527471     
   45077.4072060398        39324.0841993590        35595.2282541061     
   47255.5668023788        27426.4235627170        41127.4347214431     
   45868.4126913387        39701.5136662889        40107.3585970494     
   31631.8192879205        39493.4805059751        38743.1561523474     
   34626.8537780948        49829.0525900876        41097.9041968998     
   38626.9854104212        28423.8825389866        41052.4468885089     
   30862.1486309260        37716.9286096881        32326.8737988849     
   48773.1272637781        32981.8047085346        43122.9659573744     
   35078.3790293887        39387.8099190943        51891.9334930706     
   38617.7304065051        39340.9402004672        33362.4492671863     
   30860.5132085473        38901.6248639782        50353.6514867589     
   34863.8599325955        38691.9005282500        23705.1500303109     
   57891.7592546560        41757.2210120197        29053.4458174206     
   27440.6034181144        40937.0752734269        41646.2910554436     
   33978.5203109957        41780.1912627029        43450.4035356814     
   30098.3506270189        27949.4985430807        46017.1989591136     
   41311.4011547062        39274.7799315091        35866.3738507631     
   31220.0087823466        23106.1765840974        35706.9201688359     
   38451.5863603013        44072.5330760302        25948.3734192404     
   27589.8914632101        42646.9837077803        43103.8612504955     
   45488.1769882817        32909.2142561328        38239.2602162433     
   44894.9461047390        40616.4395654678        41224.2219913122     
   33878.0347564292        45989.9171403410        29248.3398456688     
   41065.3815927771        35612.5488638446        35194.5683556600     
   45892.7210148773        43784.3084661225        37499.2130055183     
   46656.5004344392        38405.8502867322        46209.7141911746     
   26974.6938836257        40197.8086052008        52524.0242424536     
   34370.0181272517        40669.1819371822        27648.9525122969     
   40186.8624258704        30365.0917338604        39495.7477960911     
   49074.7883552747        41814.4793796208        33189.8936218840     
   38319.7304310154        31013.5367070307        38570.0615610339     
   39633.6064688808        39285.5216830422        28864.7961291639     
   35245.6381363052        48458.5128836680        37287.2585483646     
   36850.5078515150        41329.1306200393        40991.2858084131     
   30320.0618654094        34326.9210307029        42993.7304207635     
   37693.9583590049        30247.0253887225        34078.1881543727     
   30440.6742658415        49190.1413860115        42031.5073630177     
   35218.5793296752        29059.5228983052        42141.5638553688     
   33789.4060141087        41179.7310688724        36478.5235977325     
   39162.0844621377        38467.8104936722        41397.0006487570     
   34049.3452506022        36924.4921298078        34471.1169652102     
   43800.1794969344        38543.3001039272        38747.6163951985     
   23218.2959387672        36463.3587720388        37118.2710973432     
   27443.2981481703        35093.2650899042        26370.8141702760     
   39133.6689983071        38139.1649329264        34784.0587542511     
   38213.2235486000        29723.1884502050        42332.2020685633     
   29617.5736163598        32617.7002171224        55435.0574922653     
   26587.0616111739        28321.7058090058        24878.8071835445     
   34680.8784696288        29300.1344157773        37790.8199662548     
   29627.7020845008        38699.3342663352        45512.5038961655     
   34387.0599718120        32102.3005713316        38770.2707120131     
   40753.0716714734        37496.1094198678        48265.2356934533     
   40821.3691401310        36578.7861401564        37847.2234539761     
   29526.2129752929        37864.2467141912        40802.6732888468     
   26772.6634668157        36287.7552941216        28963.7205987324     
   39299.7572914753        30247.0625574129        31554.5269961798     
   40770.6896307353        38273.6970079229        35469.3007309431     
   42548.8026120202        40094.6097362333        32108.0617183476     
   29843.8008506370        28259.4482525424        47181.0993311105     
   40648.8320791740        33066.8838409195        47132.6127744499     
   36921.0540259434        56081.9971334734        35074.1789673705     
   48563.0312411456        33778.1996539453        26421.9954569925     
   34974.8084735169        31646.5566736743        36770.2048958498     
   36802.8390060438        41293.5601833017        30707.9357343489     
   24721.6207917334        42513.7525369486        29246.3513207310     
   33079.9672199494        34265.1280828698        52378.3787290197     
   36888.1969036069        33706.5384188041        36476.1262172001     
   32783.3239016602        47836.6435241522        33678.8477444368     
   32321.0011457976        36585.1791549097        40773.8861381119     
   46996.0364214799        34459.5760868330        35735.1683735596     
   41686.6562532461        35376.5834326757        29589.4369177074     
   34600.2595800950        28805.3819775181        39265.7851084260     
   34748.1723836449        29196.1178356204        29171.9581868436     
   26111.5253858649        40501.5325590161        27484.3881354362     
   39201.3531835727        33353.1199258894        33292.9066473994     
   30441.3618866143        28843.3126260977        26501.0718458736     
   33160.9206276970        35966.5434714609        38771.9061343918     
   43585.6604001413        42932.1976537634        41202.1623735444     
   41369.1798839733        39462.4818181599        45910.6363236626     
   36509.5408698930        31522.2274041997        32390.1163256446     
   33181.2147326696        28384.2792993378        38078.3383710444     
   28349.1734712305        40267.5556527850        38620.3693835254     
   35967.1567548529        37694.3672145996        44986.2324084251     
   47660.1108289743        43549.7368608447        41203.0730064599     
   32895.7220215082        27816.3417096299        44481.9276167264     
   32556.6134744074        33335.1860327589        36856.6778541257     
   27017.9024862458        35094.9005122830        41735.4773281205     
   35405.1661556132        36153.1117130537        39469.1907667818     
   35342.0908879605        37187.9252232014        46648.8250998663     
   29783.4203130402        23189.8247219009        46047.0082488352     
   29061.6415136595        32368.7629129949        33918.8273941717     
   37058.2808309958        34054.9577228566        42035.0569729533     
   35061.0398353050        27478.8871692531        39794.5840671154     
   28977.3057550831        41316.9207052344        46090.2168514553     
   33544.2599164046        28794.9747441988        37155.6813842569     
   41648.2981647266        38556.6436637901        34384.1608139588     
   48270.0490388634        38558.3162548593        35579.2085485325     
   43011.4227174063        38875.4395215731        29076.2116403064     
   36887.4349454531        34736.3341557443        35076.4462574865     
   36124.3431466641        40793.5297910020        34436.7359265662     
   28523.9406536131        30704.8135643531        34307.4632212649     
   41263.1004414977        33399.3206080888        44104.0335411662     
   39240.6219050077        37760.6204052837        37356.1878847594     
   41948.3052494993        27439.1724235331        31550.9959705893     
   16152.1562018982        37833.6011289350        41434.8197912654     
   46249.5218586208        33577.4701413001        51278.7987758049     
   40045.0638718956        37979.9528474870        41953.9177217536     
   37930.7786700535        36951.9597920325        41425.0815943738     
   41541.3452580260        39947.1243726233        30418.9119975971     
   30084.6911332873        36683.0629011463        40480.9411045202     
   34990.1405583176        42439.0063005021        37085.1723785190     
   39664.0847950300        34525.9965366241        40118.4534511415     
   29405.2103036113        31758.2857570946        38867.4482531316     
   35318.2285887070        36853.5185154395        38032.4536227136     
   38003.5177972170        36204.3859214963        30787.4023944795     
   39691.7754693973        34276.5574551758        40320.1865184281     
   39830.3217629599        26958.3954128740        34336.6034745589     
   40812.7460039522        41053.7849613642        42031.1728448038     
   39624.0169467509        46411.3915054256        44405.5645422464     
   43494.7643677047        33987.0505254484        39434.1592760554     
   47712.6673572366        40355.5339430231        49648.4499233082     
   45712.5457880377        39160.5977145207        31553.8765440973     
   44941.5370581879        24288.1595239865        37253.3792870414     
   50556.5553677939        22585.9635928964        47792.0039269506     
   32706.4404655142        31790.3065838965        38714.4433389933     
   45417.8166573055        35078.9551440903        42822.0854083767     
   42354.5218671640        25803.3597735437        33469.8110294815     
   38472.2707365233        43947.5533544731        50257.3659942106     
   28781.3895878482        32796.4444493806        29053.4086487302     
   33253.1547329889        40490.4562892692        31769.2876894607     
   37762.5160084955        26525.5102598286        38997.3156574797     
   47658.7541717738        40309.8350381445        37673.0509706403     
   36927.5027937323        35860.7799628540        34073.6349897956     
   43693.9885483876        40520.3585007168        29861.4559785893     
   52220.4489634000        38696.7510423506        29976.3815693862     
   43422.5641865524        32285.8209803095        31739.7571649173     
   37390.0485617375        40109.4957967489        45394.1216171590     
   31194.8269945831        38786.9408696691        53611.9518112198     
   30644.0613398520        42850.4637035169        24483.9827694953     
   30585.4463150504        29551.2275039495        34028.9768082488     
   26260.8320153058        30287.4835082511        39470.6589300536     
   39773.4536666082        53766.6850694629        49991.4054298680     
   44296.0655802516        39188.9760096609        38806.6960286304     
   40964.4128452351        43816.0691120915        40559.6272221518     
   44158.0768170455        29827.5209642305        32929.0251681298     
   37317.0306693958        30421.9784145572        48639.5058216969     
   43857.6608766781        32071.4877269685        39483.8352308096     
   36450.1824712828        31716.3037212585        34055.2922410704     
   33010.9263774833        40197.9386956173        61934.3932844845     
   26922.3046144704        22270.5872546326        46036.7682746229     
   30766.8295243288        43118.0039372025        30068.4112468808     
   49938.4028773207        40775.2427953125        36687.3558848905     
   38698.9254107405        29519.2252614928        46346.1976224185     
   44809.4952854499        51493.3364569432        38428.9134591415     
   31176.1868963345        42845.9105389397        37363.6773758803     
   36411.6199549659        40570.1459615423        39050.9500777643     
   36241.2386780536        37199.9121258637        37856.8873134868     
   28575.0290186035        30938.7533018938        37989.9883939020     
   34884.3770497106        35202.3551963043        36178.5908503407     
   34181.7029572089        43812.4079960845        37313.7226559479     
   42517.6924181337        42216.7561161004        33226.4118602275     
   33863.4088767466        45867.0560341382        37287.4815605072     
   38607.3417575311        40903.6977894244        36093.1957840872     
   37226.3948177922        33470.7030780517        27075.0679321209     
   53947.9196039796        30243.4014414060        37757.1823014193     
   50853.4588669160        32877.2677667117        28502.0482949523     
   33673.9228929554        39264.2611921185        37420.8056530649     
   48566.2277485223        36568.4160755276        39083.7142783747     
   25313.0304094452        39807.8718739426        32858.9064336413     
   33708.8614619557        36124.6219118423        28062.3241028686     
   37492.5412255869        28663.8064356858        28525.7619194440     
   23248.3468249765        44445.8925713585        27309.5280313275     
   43485.3049359914        35685.4552501150        30952.2269521732     
   41279.3431592138        39066.8396929213        42676.4770636332     
   27506.4477532039        31941.2672200613        41431.1772596037     
   35049.8148907963        37716.0179767727        33365.6086058725     
   37743.3555485809        34689.1485032486        42327.0356205940     
   38760.7926959544        32659.8866807558        44101.1901363486     
   27819.6497230778        34678.6111795128        31193.0243130974     
   37855.7350840836        38819.0917868875        35200.5339304734     
   28950.7115570834        27684.4114429632        45445.5073316728     
   40776.2835186444        43368.7439228157        31321.8138254232     
   34532.4824731034        30669.0572841634        37094.5760571967     
   54783.8620360035        34784.4861941910        39450.7179276401     
   52393.3019582257        46673.0405016787        45331.9755667669     
   40961.8110369053        26995.8428684781        28655.7222455182     
   39446.1647630629        36216.3728241586        29184.9486441474     
   39412.2483330493        30268.5646448243        39650.5368073698     
   33259.9380189916        44024.3252845478        48951.3511343703     
   48638.7624478884        31920.2483256255        32620.3949471783     
   23612.8230032929        47903.1197269789        42744.2727549701     
   36597.4076540598        50004.0427846128        36401.7888363483     
   43526.0046520077        32640.0386000684        42251.8619442077     
   28787.8941086727        33850.9573654540        38063.8239974331     
   42970.2398084143        48091.5649874382        34634.0645040374     
   36778.4749294696        42639.2526201717        30507.4849868820     
   34790.0614977549        31104.0982212534        36881.8038888536     
   43854.6316284084        37552.9031788386        37965.5871486374     
   26438.2381747086        27533.0419512037        47764.4061743094     
   39873.5675342704        35914.0798649247        38318.8941354808     
   47965.2657773710        31691.6422951610        35600.5619611822     
   35749.1438011598        40584.1957265233        43789.8466009960     
   45260.1656568640        21511.8813613138        25884.9636333738     
   30986.0690448060        27446.0486312618        46637.5072336316     
   43805.6432944270        37755.2123608268        51281.1404033017     
   38645.1794843847        28665.9622197305        38668.2798254844     
   39642.3968641665        34126.1171806769        34525.4204219224     
   36997.7330342920        45046.2598434629        41029.1792883023     
   40465.8877848977        37066.4021898539        43378.8538066116     
   45088.9480844171        40895.2604966977        32471.5157576773     
   29507.1454371044        27631.2416313089        33468.6773844235     
   40098.8655512871        37581.4673174309        42759.0287250691     
   43025.9928440532        50809.0980348927        45882.6297154266     
   31763.6566328612        35234.7105413200        34129.8526340648     
   26855.3638030133        32729.2434570905        38514.9218087871     
   28202.8217526785        39793.5805124739        33565.2973951857     
   34342.5690493722        32226.2209852115        47071.0428387593     
   25497.9260599688        37971.2739582726        24459.7673676829     
   42295.8696736719        32195.3152191224        42618.9399308539     
   41333.7023689617        40214.0327385717        33919.0132376238     
   40377.4448860292        45181.0335149472        40344.0302333363     
   25832.8717137419        43141.5503025873        32096.8367738390     
   29574.3278450492        31353.4257966304        40712.6507206353     
   36869.1107810732        42758.4526103675        33093.6081293357     
   33952.4093059715        39618.3858901514        36498.2044193130     
   32615.0612401022        34059.7338995763        36662.5457840312     
   34205.4165817006        30355.3163682784        45159.6615179523     
   42903.8751116589        43084.7565436166        39365.8618073978     
   43154.8938624503        29666.2274321273        47335.9255110796     
   43646.5798837494        31689.0590711764        25360.1974775956     
   40497.3696656884        36520.7286457111        44990.4324704432     
   32395.8031352797        30684.6495497971        29926.2224216565     
   36066.3599895997        38040.2404633578        32384.9684620206     
   32405.2625669931        39951.6403685100        28429.6436860026     
   32066.6743815583        39509.5187958939        40547.0827891331     
   33248.8245805543        35141.1197788276        38844.7195989361     
   36163.8534645868        38864.4561735523        51903.6973835904     
   33474.6057905465        47444.7740209918        37190.7872123642     
   33318.6831342098        41025.6482627118        35817.5527758886     
   31566.2351336639        29395.2490945772        33806.7637925376     
   47896.0762601432        29374.9549896047        36951.4022616761     
   36608.4095864259        28238.2249303092        36593.3562668034     
   28653.9195640325        40040.6965507705        30663.3147214926     
   37400.1398611881        37503.4874049173        43288.3108767340     
   32932.7792058628        28548.6392484011        36700.8852882055     
   35622.5100728787        34282.6531204056        36919.7345374333     
   41007.4356044031        40594.0082607958        48173.8936367316     
   36245.1785592387        32437.7480024254     
 ------
  0.000000000000000E+000  0.000000000000000E+000  0.000000000000000E+000
  0.000000000000000E+000
  0.000000000000000E+000  0.000000000000000E+000  0.000000000000000E+000
  0.000000000000000E+000
