        4836        2788          17          50
  0.308736801147461       0.456233084201813       0.999999821186066     
  0.504361093044281       0.349788248538971       0.356293082237244     
  0.427256345748901       0.428192138671875       0.217169880867004     
  0.261144757270813       0.603459894657135       0.730688631534576     
  0.570494830608368       0.478962182998657       0.300836741924286     
  0.904728829860687       5.704700946807861E-002  0.301283121109009     
  0.907325387001038       0.650587677955627       0.976300299167633     
  0.461160063743591       0.697529792785645       0.304366707801819     
  0.335411667823792       0.244143366813660       0.200659155845642     
  0.244644999504089       0.643023073673248       0.408741056919098     
  0.817385017871857       0.253755211830139       0.271888554096222     
  0.267397463321686       0.709156513214111       0.525606155395508     
  0.226541578769684       0.380411267280579       0.451961696147919     
  0.208576202392578       6.985658407211304E-002  0.463929653167725     
  0.591858327388763       0.186607241630554       0.559147834777832     
  0.368665039539337       0.497430920600891       0.249232649803162     
  0.183430612087250       0.888660252094269       0.409696280956268     
  0.215018868446350       0.356653392314911       0.551675558090210     
  0.426573812961578       0.112896978855133       0.691308438777924     
  0.599556326866150       0.666266918182373       0.457956075668335     
  0.306616246700287       0.850023865699768       0.640164554119110     
  0.689914882183075       0.428530275821686       0.112936794757843     
  0.968971908092499       0.371431827545166       4.837507009506226E-002
  0.508652746677399       7.383149862289429E-002  0.537236630916595     
  0.382630527019501       0.365167677402496       0.661401033401489     
  0.544926524162292       0.487171649932861       0.329456567764282     
  0.333995580673218       0.636757493019104       0.658175289630890     
  0.830819189548492       0.771312713623047       0.206180810928345     
  0.561224758625031       0.509511172771454       3.708022832870483E-002
  0.367459475994110       0.938188076019287       0.885434746742249     
  5.832397937774658E-002  0.822118401527405       0.583046019077301     
  0.393337666988373       0.789642035961151       0.796046376228333     
  0.501362383365631       0.503621518611908       0.362405478954315     
  0.733335494995117     
