        4836        2759          87          23
  0.756667733192444       0.456233084201813       0.999999821186066     
  4.056626558303833E-002  0.188282668590546       0.388477265834808     
  8.418715000152588E-002  2.648282051086426E-002  0.810175478458405     
  0.212839484214783       0.325622737407684       0.186053335666656     
  0.491567671298981       0.225227117538452       0.383835196495056     
  0.811210155487061       0.980060160160065       0.402009606361389     
  0.156331002712250       0.514581739902496       0.544905662536621     
  4.550832509994507E-002  8.086359500885010E-002  0.569279491901398     
  0.766717195510864       4.815292358398438E-002  0.273671269416809     
  0.550306320190430       0.329122781753540       7.143157720565796E-002
  0.349385321140289       0.851114809513092       3.102439641952515E-002
  0.677706241607666       0.322450518608093       0.157018601894379     
  9.855425357818604E-002  0.193313479423523       0.809940040111542     
  0.885478794574738       0.664900243282318       0.922821462154388     
  0.323239862918854       0.743684411048889       0.878785669803619     
  0.623404622077942       0.631449222564697       0.255484938621521     
  0.583364963531494       9.212124347686768E-002  0.864751458168030     
  4.351139068603516E-006  0.401230692863464       0.990712881088257     
  0.431884288787842       0.202330231666565       9.724557399749756E-003
  0.434754610061646       0.220016777515411       0.233203113079071     
  7.997834682464600E-002  0.224655449390411       0.202439367771149     
  0.442011594772339       6.085079908370972E-002  0.598663806915283     
  0.392886757850647       0.754464864730835       0.298364341259003     
  0.666293084621429       0.432968795299530       0.114836752414703     
  0.469760954380035       0.521574676036835       0.169107258319855     
  0.180285990238190       0.934057056903839       0.718141376972198     
  0.139452815055847       5.707693099975586E-002  0.962598562240601     
  8.460390567779541E-002  0.330679297447205       0.661070704460144     
  0.436106979846954       0.509915888309479       0.964958727359772     
  0.329457700252533       0.563690483570099       0.655530095100403     
  0.519670009613037       0.326233625411987       0.190987169742584     
  0.922502338886261       0.714314043521881       0.343743979930878     
  0.537678897380829       0.928070783615112       0.406769752502441     
  0.715821146965027     
