        4836        2738           6          39
  0.219662129878998       0.456233084201813       0.999999821186066     
  0.730314493179321       0.644178867340088       0.282283306121826     
  0.386968672275543       0.911278367042542       0.612788319587708     
  0.351729035377502       0.451254785060883       0.592083573341370     
  0.219412922859192       0.599821746349335       0.511714041233063     
  0.655819356441498       0.397167980670929       0.367718636989594     
  0.179796814918518       0.945234835147858       0.418968498706818     
  0.992104351520538       6.894129514694214E-002  0.487648725509644     
  0.913065612316132       0.713907361030579       0.404195308685303     
  0.299796521663666       0.512718081474304       0.214553058147430     
  3.350603580474854E-002  0.708830952644348       0.103369176387787     
  0.637934446334839       0.746068060398102       0.655627906322479     
  0.559113025665283       0.177011311054230       0.252363026142120     
  0.575089633464813       0.196279883384705       0.654736697673798     
  0.401816904544830       0.637452304363251       5.810022354125977E-003
  0.665644705295563       9.811544418334961E-002  0.655092656612396     
  0.675301909446716       0.346552610397339       0.149089515209198     
  0.813263118267059       0.745956897735596       2.394270896911621E-002
  0.944826602935791       0.810571730136871       0.681668341159821     
  0.439068019390106       0.624129593372345       0.267531216144562     
  0.299199819564819       9.203016757965088E-003  0.888231694698334     
  0.580820262432098       0.694231212139130       6.498825550079346E-002
  0.825987040996552       0.573616206645966       0.947344243526459     
  0.576441228389740       0.627309322357178       4.835945367813110E-002
  0.753382861614227       6.379663944244385E-003  0.957539975643158     
  0.980612695217133       0.604210674762726       0.364498853683472     
  7.195180654525757E-002  8.944046497344971E-002  0.802787482738495     
  0.656679928302765       0.112603485584259       0.299705862998962     
  0.686817646026611       0.893861114978790       0.878694176673889     
  0.889774024486542       0.359998345375061       0.805444121360779     
  4.759770631790161E-002  0.599184989929199       5.781233310699463E-002
  0.841696321964264       0.129325211048126       9.832698106765747E-002
  0.662098884582520       0.406358182430267       0.793011605739594     
  0.399845719337463     
