  -4.35000000000000       1.311714158519520E-003
  -4.05000000000000       4.574625189107995E-003
  -3.75000000000000       7.349328459620589E-003
  -3.45000000000000       1.183528368032116E-002
  -3.15000000000000       1.553392932897368E-002
  -2.85000000000000       1.921525279433982E-002
  -2.55000000000000       2.230530150907615E-002
  -2.25000000000000       2.569335714306751E-002
  -1.95000000000000       2.852177552345021E-002
  -1.65000000000000       3.175991256360270E-002
  -1.35000000000000       3.540338869265634E-002
  -1.05000000000000       3.813586505598782E-002
 -0.750000000000000       4.155426719409502E-002
 -0.450000000000000       4.487891710058531E-002
 -0.150000000000000       4.926775370310577E-002
  0.150000000000000       4.716307575044659E-002
  0.450000000000000       4.411218170661040E-002
  0.750000000000000       4.089772376417674E-002
   1.05000000000000       3.743814058655854E-002
   1.35000000000000       3.369324797686787E-002
   1.65000000000000       3.001746434181690E-002
   1.95000000000000       2.735747968137067E-002
   2.25000000000000       2.446737145013320E-002
   2.55000000000000       2.066846958029020E-002
   2.85000000000000       1.809565145347559E-002
   3.15000000000000       1.455051956877799E-002
   3.45000000000000       1.186576091789577E-002
   3.75000000000000       8.450512724481279E-003
   4.05000000000000       5.947963831752908E-003
   4.35000000000000       2.604945874306127E-003
   4.50000000000000       0.000000000000000E+000
