        4836        2743          30          63
  0.756809949874878       0.456233084201813       0.999999821186066     
  0.928895413875580       0.829641461372375       0.125388562679291     
  0.969509363174438       9.257465600967407E-002  0.887963175773621     
  0.785311520099640       0.433256387710571       0.231004178524017     
  0.103889942169189       0.833848714828491       0.740729749202728     
  9.572869539260864E-002  0.518485307693481       0.836314618587494     
  6.422889232635498E-002  0.409350693225861       0.712216019630432     
  0.300110399723053       0.920670032501221       0.315648198127747     
  5.174332857131958E-002  0.517420291900635       0.667951047420502     
  0.129430651664734       0.711785137653351       0.772496819496155     
  0.800784230232239       0.832331776618958       0.736085355281830     
  0.876265227794647       0.334425210952759       0.372168123722076     
  0.635888874530792       0.237131357192993       0.123466432094574     
  0.941460430622101       0.910693943500519       0.573759317398071     
  0.222158372402191       0.889289677143097       0.943595826625824     
  0.266193091869354       3.706973791122437E-002  0.412399411201477     
  0.116570293903351       0.775590658187866       0.545042335987091     
  0.634924054145813       0.635089039802551       0.903726935386658     
  0.860410928726196       0.764170885086060       0.940528035163879     
  0.910839736461639       0.663063049316406       4.033607244491577E-002
  0.648789286613464       0.113356530666351       0.768797755241394     
  5.730259418487549E-002  0.725692093372345       0.542680263519287     
  0.108369529247284       0.973028182983398       0.392268419265747     
  9.248495101928711E-003  0.165438890457153       5.203884840011597E-002
  9.398066997528076E-002  1.942497491836548E-002  0.686035633087158     
  0.439299285411835       0.119819879531860       0.613833427429199     
  0.350008249282837       0.241748034954071       1.562529802322388E-002
  0.506669402122498       2.138996124267578E-002  0.237397909164429     
  0.483739137649536       0.237785935401917       0.240656614303589     
  0.790983855724335       0.649738490581512       8.339583873748779E-002
  0.752633213996887       0.137341141700745       0.144640147686005     
  3.241050243377686E-002  0.844426333904266       5.793774127960205E-002
  0.755692839622498       0.239775240421295       4.770714044570923E-002
  0.440680563449860     
