        4836        2744          64          97
  0.534986317157745       0.456233084201813       0.999999821186066     
  0.188529968261719       0.949975550174713       0.798231661319733     
  0.719831883907318       0.631971001625061       0.676696896553040     
  0.929809212684631       0.293946683406830       0.722517967224121     
  0.120678424835205       0.984273433685303       0.248954296112061     
  9.999233484268188E-002  0.701333463191986       0.835381269454956     
  0.835995733737946       0.684345662593842       0.477908551692963     
  0.985057115554810       0.147849678993225       0.146517574787140     
  0.197568774223328       0.287242472171783       0.424241840839386     
  0.803068876266479       3.866565227508545E-002  0.611491918563843     
  0.790042400360107       0.958916842937469       2.147108316421509E-002
  0.672550439834595       3.393536806106567E-002  0.218794763088226     
  0.278465747833252       0.205470144748688       0.934097349643707     
  0.842653274536133       5.877685546875000E-002  0.391833901405334     
  0.814037382602692       0.548246860504150       0.175280213356018     
  0.542228221893311       0.579666614532471       0.264654219150543     
  0.354816257953644       0.380894839763641       0.143871247768402     
  2.556657791137695E-002  0.855246186256409       0.351427733898163     
  0.113987922668457       0.370308935642242       0.345696866512299     
  0.743879616260529       0.131572246551514       0.872360110282898     
  0.911699056625366       0.662632107734680       0.457945227622986     
  0.195509850978851       0.335528254508972       0.715300023555756     
  0.449712038040161       0.541407227516174       0.331553101539612     
  0.482614338397980       0.648014605045319       0.426731288433075     
  0.809439241886139       0.558505833148956       0.106727123260498     
  7.651877403259277E-002  0.402455925941467       0.108186364173889     
  0.471286773681641       0.605697274208069       0.591758489608765     
  0.971106112003326       7.674312591552734E-002  0.316212475299835     
  0.165110886096954       0.922164738178253       0.588308453559875     
  6.518203020095825E-002  0.758322417736053       0.192361295223236     
  0.237703800201416       0.945428073406219       0.868120133876801     
  0.926647424697876       0.926983773708344       0.326380789279938     
  0.595611810684204       0.953909635543823       0.891272425651550     
  0.174901843070984     
