           3           8           8           8
   4.50000000000000        7.91500000000000       -5.20000000000000     
   36000000.0000000        1544142.00000000     
        2279         677        1259
   322966.666666662     
   331522.000000001        345300.222222222        356893.111111114     
   357043.333333339        357295.777777780        358021.555555571     
   367722.444444444        368936.222222226        370343.333333319     
   374704.666666667        401305.555555544        484080.444444470     
   481544.888888868        478058.222222203        477776.000000002     
   477577.111111124        477838.888888898        495072.444444462     
   508470.222222243        508315.777777791        508976.666666650     
   505820.000000009        531762.888888912        536037.111111108     
   536649.999999991        539184.444444438        534297.111111123     
   511857.333333338        500900.888888910        569272.666666679     
   574170.000000008        564792.222222212        563672.666666656     
   562576.888888904        535926.888888881        523157.111111124     
   522037.777777781        512542.000000004        535695.555555568     
   555176.888888875        555585.111111101        558926.888888879     
   531200.222222220        518328.888888905        517212.222222204     
   482388.888888895        482135.111111124        497419.333333347     
   513245.777777770        513534.666666650        512696.222222219     
   510896.666666683        522213.777777803        524676.444444471     
   524366.666666664        524170.000000000        502627.999999984     
   499212.888888891        483512.000000004        489009.777777802     
   528116.888888894        511095.111111132        495875.555555558     
   537594.888888887        544418.888888867        547884.222222229     
   548479.333333346        540549.111111102        481654.444444419     
   528018.666666660        535310.666666690        530767.555555573     
   518675.111111110        504469.777777772        497028.888888885     
   490865.555555568        482641.555555533        460496.222222221     
   439834.222222229        438639.111111128        443645.333333346     
   450145.555555555        499848.222222207        499617.111111101     
   482771.777777793        480965.555555548        481835.777777796     
   479010.000000001        486476.888888879        505223.333333316     
   500705.333333335        488472.666666656        479196.666666645     
   537740.888888877        497796.444444459        491473.111111101     
   497743.555555544        498468.222222234        501529.111111114     
   502808.444444460        504310.888888899        499932.444444427     
   498692.666666658        488099.555555543        493154.666666684     
   476824.222222246        485751.777777749        504274.888888894     
   504294.666666651        493468.222222212        480730.222222220     
   478083.555555532        478792.000000026        479757.111111095     
   480056.888888889        475414.666666662        452325.555555575     
   429915.111111111        429971.333333345        444994.888888887     
   467865.333333322        498963.555555557        493783.333333349     
   494036.666666649        494726.444444433        494991.777777778     
   505911.555555562        489897.555555538        490744.666666651     
   490405.555555546        486184.222222236        456235.111111113     
   467352.888888880        489360.222222233        505022.444444444     
   501122.000000019        496822.000000000        486457.555555561     
   476097.111111094        483391.999999996        496673.999999988     
   497070.444444443        497419.777777769        498582.888888884     
   517260.222222238        526479.111111129        565452.444444447     
   558878.888888888        559787.777777766        560438.222222225     
   560828.444444475        565258.888888911        563905.555555545     
   542011.333333303        533385.111111080        536406.666666654     
   534462.444444454        532851.111111083        525046.888888912     
   521781.111111090        520986.222222216        524990.222222206     
   533439.555555569        535502.666666648        536869.555555549     
   482910.444444430        479262.888888884        486219.999999991     
   500610.888888870        514530.888888866        510514.000000005     
   485365.333333315        504697.777777772        504604.666666672     
   508587.333333359        511002.444444470        511125.555555536     
   498468.222222244        494569.111111135        493783.333333349     
   493843.333333349        500635.333333349        526204.888888897     
   555128.888888881        557714.222222205        555761.333333327     
   558154.222222227        545491.777777781        530247.333333350     
   532158.222222231        515970.222222238        486927.555555557     
   467563.333333319        464976.444444461        465279.111111135     
   465422.444444467        464651.333333349        469146.666666694     
   440887.555555542        436048.666666654        436048.666666654     
   434760.222222229        455268.888888898        470869.111111101     
   455097.333333312        455293.555555534        449323.555555547     
   475008.666666690        476008.888888874        454839.777777786     
   529559.111111090        538178.888888875        550230.666666651     
   563255.777777796        563030.666666640        586878.444444481     
   585046.888888868        486698.444444422        490326.888888885     
   480727.555555534        463581.555555567        467038.444444442     
   466628.666666699        463645.333333328        464667.555555579     
   477942.888888881        482878.444444426        482282.444444428     
   470837.111111088        463086.000000019        464086.888888865     
   463850.666666653        470432.222222233        500823.777777802     
   510973.777777800        503781.333333325        493801.111111107     
   502901.777777793        503613.777777769        509333.777777803     
   514122.888888865        518338.444444456        523908.444444467     
   514974.444444464        511651.777777765        504303.333333351     
   506164.000000004        508935.999999997        527344.222222210     
   543364.222222250        544137.777777801        547508.444444438     
   546268.666666658        541627.777777795        540370.666666650     
   540882.666666652        540882.666666652        552626.444444466     
   552785.555555558        550892.666666650        551361.111111113     
   552628.222222208        553378.222222197        551825.333333347     
   555441.111111095        556504.000000020        565636.888888905     
   563779.111111118        583946.444444445        588064.444444443     
   588283.555555578        585414.888888911        533992.666666684     
   557144.222222217        552502.222222207        540882.666666652     
   541141.777777785        542973.555555574        539829.555555583     
   538350.444444472        520840.000000002        502838.444444458     
   534590.666666667        536773.111111105        541201.333333337     
   590683.777777788        592553.999999990        593276.666666678     
   590301.111111116        580775.333333324        560858.222222248     
   561478.888888891        531071.111111119        523887.333333324     
   576116.888888858        578218.888888885        579325.777777773     
   559767.555555578        513449.333333328        517181.555555556     
   496312.444444441        460556.222222230        451186.222222228     
   457533.333333310        461110.444444426        475917.555555549     
   474066.444444473        505946.666666641        515035.111111130     
   514223.333333339        479329.999999989        464604.888888884     
   467589.333333342        468801.555555558        477079.111111101     
   476835.555555573        470428.222222209        474877.333333332     
   484544.222222215        488728.000000012        490350.888888888     
   530173.777777781        523988.666666638        526639.555555559     
   526937.555555543        521022.444444416        515816.888888885     
   542962.888888880        541232.000000011        511118.888888899     
   516607.333333350        486922.666666642        475312.222222215     
   483967.333333349        495408.222222241        501467.111111113     
   502213.555555544        530152.888888875        536710.666666670     
   485253.555555556        514691.333333350        517923.333333348     
   514961.555555553        519242.666666639        518832.666666663     
   519203.333333319        520118.444444471        520338.666666661     
   523116.666666641        522687.999999994        539361.777777763     
   552100.666666650        556378.444444459        528410.444444455     
   539698.222222202        490653.777777793        453798.666666687     
   464657.111111121        481108.444444460        497244.000000009     
   505309.111111110        498088.666666664        507107.999999975     
   512855.333333356        505219.333333349        503187.777777757     
   471342.222222252        467742.000000013        464543.555555554     
   484193.333333337        474355.777777803        476168.222222218     
   474735.111111109        475043.777777762        458180.888888909     
   456868.888888876        496863.999999989        511002.666666637     
   500482.888888907        538415.555555539        564308.444444430     
   521480.444444445        516271.111111098        502211.333333324     
   506810.222222210        455474.444444433        433543.333333322     
   430772.000000015        456018.666666678        460541.333333330     
   451983.555555560        451043.999999976        450735.555555535     
   450820.000000004        451529.333333357        452482.444444457     
   453179.777777772        445088.444444458        455382.222222210     
   468201.555555526        473545.777777757        474032.000000000     
   479029.333333348        480741.333333309        480461.777777792     
   484446.888888863        504816.888888865        505088.444444456     
   504648.888888874        516416.222222202        563518.666666653     
   573372.666666650        574030.888888905        576416.222222231     
   576323.777777756        594670.000000001        640054.000000025     
   641387.111111082        653742.666666681        626044.888888877     
   621357.333333292        584560.666666668        557597.777777773     
   554652.222222221        540889.555555545        550121.999999979     
   582816.444444424        538514.666666674        515054.000000000     
   513111.999999989        499583.333333350        500501.777777782     
   503046.222222220        498512.666666661        508697.333333325     
   526755.777777775        567724.222222244        558500.888888872     
   549403.333333346        549907.333333321        549827.555555536     
   501382.000000012        499052.000000020        499354.222222243     
   498059.555555546        495154.000000021        494764.444444454     
   493323.111111122        493902.888888903        492679.111111125     
   491726.444444429        533142.888888906        556196.888888907     
   556207.777777779        559429.555555562        509591.777777799     
   505509.777777797        499710.444444434        470865.777777795     
   453364.222222212        411717.777777790        410518.666666651     
   407054.666666677        418974.222222209        430986.444444444     
   432607.333333337        433010.000000000        433028.666666667     
   432765.111111112        433365.111111132        432714.222222201     
   437686.666666684        433622.666666647        488939.111111103     
   489592.666666648        489546.666666649        514780.444444434     
   482559.555555556        484990.222222226        484667.333333349     
   476141.777777785        467686.222222244        467950.222222219     
   465030.666666677        463137.111111129        462117.333333324     
   456864.444444467        456306.444444466        504603.111111106     
   509489.999999984        537244.222222234        533663.111111101     
   513845.555555566        522434.666666674        516066.888888876     
   534214.666666661        557211.333333341        568431.777777779     
   564313.777777775        563721.333333352        562979.555555576     
   557886.666666698        556478.222222243        570099.777777771     
   564685.555555527        512101.333333322        459168.444444440     
   471561.111111138        502535.555555549        517657.555555531     
   519753.999999998        513017.777777761        499655.333333347     
   500296.888888882        521861.555555531        575752.666666667     
   566782.888888882        578498.222222199        560127.555555527     
   559104.666666682        550897.999999987        550239.555555566     
   551518.000000000        552265.333333337        553211.777777789     
   542882.666666653        540882.666666652        541323.111111120     
   541886.666666657        540839.333333321        539903.333333358     
   559859.333333344        567666.888888911        567724.222222244     
   592746.666666685        625272.444444454        617152.222222213     
   591897.111111117        609795.333333352        611295.777777811     
   613333.777777799        620716.666666677        648361.999999982     
   630887.999999991        599585.111111133        590006.222222217     
   566622.888888885        532994.666666663        543413.333333325     
   502107.999999974        471592.666666653        513376.444444465     
   506188.666666669        501380.000000000        506222.222222240     
   525675.777777789        539655.111111092        524452.888888886     
   519460.444444425        522665.111111095        527317.555555546     
   530224.666666672        525131.333333346        498407.777777766     
   502928.222222217        503912.222222243        504922.222222255     
   498698.222222205        490864.444444451        488212.444444468     
   470934.222222203        454780.222222242        453774.222222242     
   457420.222222218        458666.444444447        468238.222222219     
   472355.111111099        476921.777777771        473873.777777789     
   474890.444444465        471949.555555558        510586.222222243     
   501452.888888893        492569.333333327        492689.333333347     
   482233.777777797        473219.777777796        472154.666666665     
   472879.111111123        468015.111111099        458746.666666664     
   443819.777777767        426932.666666655        426103.111111126     
   424747.777777769        423551.333333316        426378.222222208     
   429053.777777772        428452.000000000        442139.999999991     
   451117.111111120        450229.111111123        454039.777777764     
   451936.666666683        443899.333333344        443871.333333333     
   446219.555555554        445696.888888890        444109.555555572     
   489971.333333323        474862.222222223        509458.000000008     
   561891.555555564        562711.999999996        564825.555555571     
   554987.777777762        544889.333333333        546459.111111121     
   545596.222222209        543611.555555561        533082.666666676     
   533675.777777784        533832.888888893        536151.555555545     
   518362.444444457        521089.999999991        523707.999999979     
   518836.666666670        522796.444444469        513245.333333322     
   528829.555555562        533439.777777796        534450.444444440     
   534550.666666681        524356.222222204        544940.222222244     
   548204.666666685        530565.333333297        514547.555555530     
   514547.555555530        533568.888888913        556523.333333354     
   553991.333333356        554805.555555552        563542.444444420     
   564685.555555527        564382.888888885        564145.333333328     
   566228.444444429        556961.777777758        549791.999999981     
   553271.555555530        549367.333333299        557758.444444431     
   579137.777777793        540801.555555562        529702.222222243     
   549210.222222193        552305.111111093        550143.111111100     
   557901.999999993        560121.333333331        539835.333333312     
   539887.777777791        545536.222222222        502793.999999999     
   487252.666666673        497085.555555563        530994.666666698     
   533371.111111089        533040.444444448        533912.000000026     
   535285.777777759        504146.888888900        485539.777777799     
   487070.222222222        583199.111111143     
   171092.894382415     
   219739.990807192        227706.108303812        260384.673923496     
   257795.116693192        273249.363313197        240867.806365221     
   258982.279994803        249470.520617585        219096.740351538     
   252853.564465833        247126.163402859        337071.550087559     
   302652.398630649        271764.051541496        341533.091670034     
   260433.698717306        305175.208650994        293746.612845889     
   334904.496247775        360137.215023747        273033.970615332     
   254002.923052448        326610.258794780        281904.424086832     
   306092.038779679        305189.958776865        335032.363811620     
   300923.903815232        330867.532753096        360309.103368452     
   347829.786686280        285011.692298217        312794.671109815     
   292656.322784877        265135.920895942        378527.950268959     
   271019.127307806        299866.973893286        293126.525376071     
   333785.825620884        359260.546330900        287219.918007280     
   315627.584424595        302956.041944781        342824.965317590     
   331725.580579533        366034.379062502        339687.914886556     
   337375.023404919        328196.384400513        316508.171158811     
   364981.339871385        320862.764515052        330399.974516254     
   277464.341693759        378735.143347043        298790.505043906     
   356319.958023647        308204.253362728        309540.780224587     
   292811.440693291        317798.810002230        332530.525412267     
   301705.757337987        314475.181494429        347547.766385184     
   293994.631286798        329485.133548187        349493.641636377     
   366216.423161692        327743.490227484        299316.636218777     
   328073.046300956        341373.247482613        307893.312457833     
   265853.508784281        314439.067780788        345135.741650740     
   277083.897232734        321974.410237372        267774.300553621     
   336581.960384816        279845.274747752        289770.049717134     
   275863.537010729        285337.857924140        299647.550605273     
   321134.241786278        276459.469443922        304341.506637740     
   326471.483914786        298251.850626329        277862.425298355     
   301511.971497154        268921.563619585        297825.100005041     
   297401.093324976        350912.671356265        300784.372794228     
   317329.040082608        294370.724138143        289814.155615829     
   279012.580885364        325873.596062562        265844.608805043     
   318436.642835664        294976.612910392        283343.974221060     
   257394.468988044        273852.047361964        291150.742752847     
   327173.218527726        286174.556234672        274250.958028086     
   301990.730992591        367330.632304143        290640.343431028     
   285207.336643852        306587.517572413        290704.523223065     
   330572.837893409        281549.385879712        285788.157230343     
   311854.352289634        299570.125859449        285857.941930828     
   317801.740917982        374155.064579713        275200.784720425     
   352925.290309430        278305.509030532        301693.994573660     
   419351.025017156        325412.494819904        298353.816820487     
   304340.927933342        279316.037365369        282306.893813837     
   321254.559389621        294551.219658417        309485.623670687     
   279838.956628602        304338.756688607        288530.806787243     
   260131.265145283        274055.761500163        365078.801262058     
   334193.627920544        319535.916194367        327986.091575407     
   320899.107508965        369791.099941658        314733.891476003     
   359362.060462433        362202.510702877        338686.997781693     
   365315.140434123        331578.042814413        324107.555992145     
   312780.328372379        339390.144493383        359728.753230629     
   346034.060418479        317500.692995382        296015.376666057     
   297950.862609374        284277.014727849        317124.935780575     
   365322.400539471        306089.378707171        316798.427067231     
   289722.390511803        255126.008059893        288746.330196458     
   273241.636046137        283894.711035109        297808.703407736     
   358341.416550623        320574.655970012        257897.452339901     
   313256.345108399        285554.504625417        338910.913092603     
   336874.390953581        389168.606184046        274048.157192391     
   302401.733293707        259702.865559699        318531.615417472     
   330963.281381151        338202.298578152        298215.345799734     
   305836.911883805        285440.397426080        305848.639677922     
   364273.812999416        254449.269541242        296637.984810631     
   300853.643930034        286176.132743507        361568.719608900     
   314603.538706613        318095.743295592        396908.282429919     
   307704.188672350        312366.802583474        335884.792557208     
   325304.305652411        245729.996146534        267784.112728209     
   312162.314047238        328433.752876620        308450.582538465     
   413058.929291628        370215.348138536        334676.567078831     
   317886.558196648        298652.532531625        328591.967155478     
   316458.213928775        363280.975801915        327161.604906244     
   295085.419244228        316555.758645094        318013.416711689     
   356431.393085461        300168.766805036        268467.650959631     
   313401.254164981        302227.979993191        300425.839123297     
   282672.552699563        290284.088812016        303824.123296541     
   300887.203990365        329094.147459921        300189.758967010     
   315535.672298889        308339.099809077        281480.366241362     
   293216.255284952        345944.803132144        341049.766580177     
   300266.935883054        306647.141072628        279611.706097983     
   360180.535986186        327367.280232015        350798.730723768     
   307296.758445781        307354.356634975        319115.904492358     
   280043.433669007        303774.664124732        269774.571077386     
   343712.971808573        260109.058483709        345108.619983849     
   330522.527771115        317018.760791468        324844.340913314     
   369818.126606366        325176.782430582        272963.334401782     
   314340.214008439        335621.314184203        303234.380493462     
   359639.922099951        310452.441625125        363136.787197888     
   306357.487441185        335591.136135696        329293.707130495     
   280243.042460800        333913.487862103        329583.109273165     
   322268.959380337        307206.240886587        311956.978183356     
   294919.255779985        336754.454874458        329352.542854700     
   306315.742455713        271579.032723300        335062.885494555     
   309573.960609674        273796.522018135        341857.369591358     
   311988.712825493        319149.375825539        374009.853960947     
   373830.873559973        335743.772480100        369005.644014121     
   366185.176973807        363775.839029293        302481.224580651     
   346101.377335428        331394.098624407        292658.979636212     
   295201.880885759        306731.506958887        285993.773375440     
   289362.711464724        283959.518613647        326606.598181973     
   300835.465347190        284048.273240272        278651.684705777     
   299538.378448192        307468.803909516        312316.998723420     
   306788.088563596        303972.553384130        327509.819963140     
   353515.435125408        251562.820007254        253279.609472125     
   283985.374023287        269357.715352767        251234.080003354     
   325028.171791482        278123.192541446        275825.928661163     
   300787.929502402        332876.191648833        283083.428016294     
   297500.155094081        383538.961444755        347710.696703571     
   296507.809399911        305585.240166009        340228.753232124     
   307570.716432073        351111.575897048        343455.017841039     
   328800.506809844        295696.472327669        349883.658008600     
   279190.656761850        300782.420086823        308857.493090721     
   309591.607633812        277514.766468414        274437.405512650     
   273023.364280181        268060.971675022        321116.374569290     
   262936.527860381        316986.172766686        281240.471463700     
   302404.743688412        275704.271631703        352799.121134316     
   329672.039445347        296773.640020233        283391.994817366     
   254270.318865358        294739.856788831        324405.502806175     
   253863.739316997        300146.433875257        312747.837131007     
   331467.090141296        300080.333168251        342157.194329094     
   277362.339982383        313849.716164700        268286.135775477     
   298015.091116079        296627.256297332        352844.165717389     
   288560.524741160        296796.894661766        314691.652932940     
   283705.938096569        291680.716003924        292044.649620232     
   320955.281760045        351482.368778040        306793.651361777     
   309040.306918413        316319.870262665        303887.847788375     
   287494.331922098        323087.831132775        306154.241064448     
   297827.476975096        298199.542778762        292317.057836605     
   306914.573898386        283890.113439053        256302.554911907     
   269914.827643262        340161.702572385        337964.221886666     
   287127.362313993        312546.771193805        284613.731488601     
   248089.792994456        267777.881755715        269783.199404942     
   327856.686058528        277865.443347909        335310.150183064     
   302690.499121106        272468.875900427        280599.369921215     
   321772.221962829        312457.991990601        269085.894818797     
   371301.847118584        296041.037699528        335889.452663048     
   345522.052734221        312660.040706325        364115.132805969     
   320825.353718605        331993.099991562        360208.407815630     
   314400.309986423        495279.540076649        388142.815145334     
   342119.600409420        324556.374737056        340406.766890174     
   308871.660927283        323881.285801007        299060.716571120     
   323870.786783445        340409.401636888        333396.953280238     
   360110.783553218        301628.214237380        292849.407864872     
   261250.902085445        336908.521302806        293579.130528635     
   356801.623377825        316570.685681538        344084.560969552     
   380619.519155859        317279.646620802        393102.750077792     
   311884.836744686        256107.515911202        299593.581749389     
   298382.210066775        309346.985290676        288984.665178698     
   316148.389206267        296013.606053321        278889.893061615     
   289419.545342339        386639.130986841        330799.117765713     
   317535.111160783        297381.300369041        295349.525170061     
   265542.754212946        271417.350262446        262443.489843564     
   294795.312855040        289223.257439178        267482.241754387     
   290488.209261022        309968.284421405        286581.974363207     
   311896.679589311        349707.322501880        267078.446595035     
   302716.943400788        290028.700495950        235402.560085078     
   341462.053135115        313576.622494126        300903.344527188     
   293399.775631786        272134.279530554        356590.204610359     
   315727.867645554        310091.568031483        310795.504901525     
   307420.227412158        274631.899446173        282651.155134255     
   311522.363409685        281554.575586826        313026.050198223     
   303032.223806154        320407.722464199        334233.316211822     
   321043.942509804        318214.534683859        379218.392216096     
   312383.586312771        274743.463154031        302358.493432644     
   379138.001423941        330940.739107245        295577.407994695     
   289891.572487717        346140.764615024        274041.926547166     
   253625.433876762        307500.372200033        284002.651946899     
   270946.134420435        331650.459998649        302515.849729385     
   306926.336613281        306532.570418313        269554.167572483     
   333507.552941019        305220.722599059        379608.539585364     
   300208.149399913        325784.604871314        347280.609215007     
   330054.962634686        368258.493303165        332385.350194036     
   384367.353439671        379880.627047730        369674.220562055     
   334881.457247572        304154.551555547        335529.529812319     
   334223.702183485        293018.862728627        319063.367954888     
   276988.706409980        324931.527169474        367453.334194932     
   310511.180205675        347670.156831889        337427.297059641     
   353999.440559365        345001.019111234        333665.868515998     
   327161.297066470        335390.966191842        369822.101528811     
   370750.077318462        338603.258191299        393211.468715907     
   316058.254628333        289025.752474391        293526.630754070     
   321897.085584355        330873.004359389        277396.470103360     
   335724.633227027        277986.268645526        281548.181351791     
   308146.062353812        287527.809509874        295193.006649785     
   254078.388199386        305693.829379692        254039.885135400     
   333834.334595686        298368.603896101        285886.859818566     
   277857.531275189        264163.255552650        275182.893458333     
   251010.719051891        251150.271969368        231767.477089194     
   231608.282633384        266809.009358804        321308.265906048     
   277493.620157445        294196.502507668        292032.767199249     
   270116.959112329        302688.650465430        269575.851116732     
   282664.522930052        337187.690115535        253612.562986899     
   347591.765752386        335504.572943408        278719.758778759     
   319942.674611945        295769.980387673        340458.761637973     
   249928.176273084        308408.990262654        282042.156957868     
   317592.993615235        287645.437459767        291303.344436645     
   264134.561817240        241254.430854339        266613.024963043     
   276737.900296321        267922.198751298        277357.357788375     
   301037.032464208        300700.641627026        301504.559121609     
   324904.629626930        264093.308503916        285515.967674508     
   308948.142524424        321728.739293059        306457.701781102     
   325919.757834977        330484.186841347        281912.098545141     
   349680.361877859        303948.564282516        287531.281616821     
   325166.757412258        333601.833874414        327648.748305242     
   299539.368259105        288480.796661518        281229.594863599     
   318618.793711948        320501.659901069        277875.316150532     
   288251.965018218        284111.879263651        301195.759705249     
   276469.740966787        354320.598629721        312845.913938516     
   317376.641703789        284554.012797928        281646.057635166     
   336271.369790549        292041.563298073        340265.457775649     
   269701.858639931        305746.230583409        310751.959012680     
   338569.712913938        296772.977660115        289539.604092293     
   307235.646165213        332930.869926700        315226.514360646     
   278658.393294937        308894.610082413        313895.449781951     
   344610.234810430        255860.983271431        323710.595630219     
   336735.713161939        288371.395303492        350731.117947037     
   345057.415131772        308311.676881771        291701.820218455     
   318566.606348269        331171.097978359        331469.769742145     
   319067.824069800        273153.384496841        311955.983686683     
   285280.584518651        332835.886459795        277214.091992493     
   278261.402104998        302864.332616634        327731.820082905     
   296621.817438455        283922.587383657        309993.690530410     
   293166.514356759        336046.351288303        384864.457796584     
   312110.601895050        295992.215457778     
   230.287673415799     
   330.871971703473        303.965047069501        282.244976376539     
   283.247922528810        310.716607694228        301.044209943195     
   313.394219947869        316.011117556315        321.855378824488     
   352.192349003039        343.961784344006        393.605781888351     
   360.438428623128        374.719081720996        353.177823716553     
   364.280204955057        390.197146233111        374.760924513939     
   408.968438420013        393.520532512526        401.311354590257     
   390.811773441216        397.026294167768        379.638343969797     
   395.770954285203        403.784324204090        398.793513477713     
   378.432061286394        459.613919118566        452.540555363247     
   427.835456205300        386.218197214983        457.880775021847     
   493.906569933741        443.085298904353        434.549932334712     
   390.101160993124        383.282920797065        416.774310045767     
   433.330707634147        409.275889946232        406.615117207577     
   427.768861788739        422.821414900622        417.583020063120     
   380.588720214592        374.457487032880        401.737005664339     
   401.434036541695        421.877676136374        428.398674693388     
   372.873126338099        408.424601884214        419.828124103842     
   414.112683159758        423.419891080022        388.126745244977     
   457.438888016536        387.690368917374        410.533283158110     
   434.093118627341        394.214490145032        421.137119263595     
   440.059779671841        449.887485216064        412.853856568930     
   425.541519001803        462.269977642577        420.208659920981     
   473.690929366338        461.158095302365        415.267187416005     
   418.998326276212        426.061954737348        404.671500366020     
   389.639462692092        393.041108395881        374.502166021493     
   376.756206738568        398.880042416630        400.420880051742     
   389.177309934195        407.600599693887        439.603327052820     
   423.043228192476        402.632287623265        383.365666406243     
   401.976701430017        419.347578709611        400.520943861085     
   393.305780572273        381.818686849795        395.580627642648     
   384.765602286255        356.900789523302        402.440376767291     
   390.967541519172        401.375454141655        424.783828232359     
   406.838830987757        396.058952190677        392.178713413028     
   401.441143258949        402.017724745781        389.432958300265     
   413.104186771507        370.875203994305        350.836467055977     
   387.653915200848        355.811949176306        356.886047175915     
   349.189469213841        344.934710076203        382.541004614614     
   364.554579921774        392.292924079136        369.282831477141     
   349.607599005342        377.374981638687        330.142747141080     
   365.143192148802        419.068870084641        394.947029933015     
   395.501617540140        397.748924924461        387.581977011050     
   412.859022669427        393.198683996442        395.831532128625     
   406.456180889076        390.963169219677        419.089888792310     
   406.365476496663        397.995026739418        405.541992206769     
   387.539292157321        404.424321099666        408.844583536753     
   368.220804571050        402.075427493465        401.712180224463     
   412.547091963102        422.704235450554        390.853941038486     
   395.039780755390        426.687277146562        434.457170106798     
   425.039400567939        417.263176688868        434.534046698716     
   413.855028777836        416.809226962764        416.674213586582     
   447.465547472530        446.802854804663        415.042873445677     
   414.090455746863        457.379053902510        412.533264797451     
   421.997437811642        472.043835197420        446.981289590307     
   377.186748064353        442.193961128120        432.143668702923     
   398.765576828548        371.787872947919        386.956829144347     
   411.665275678339        413.934627307077        402.890203243492     
   401.010786870624        431.156162559908        396.648968998425     
   409.307284812131        400.542513541802        407.032200439389     
   409.947146039239        410.976662817354        422.528600712931     
   431.987108727769        406.967602257909        435.811532765245     
   424.108412387843        441.143851281764        401.780687937068     
   428.203864018278        446.860457260845        408.573384918290     
   418.467661701413        391.984356049518        374.802816437166     
   397.402776426539        394.958564910102        401.241331451143     
   367.021571280578        395.783712015258        388.966508176379     
   316.005787286082        353.217931917874        347.222095255231     
   364.870673330355        425.486852122919        404.423009597779     
   398.171192781899        376.430696979262        424.160528202519     
   407.794883510473        384.726947322665        352.006452301305     
   361.685075777310        428.110499911879        391.470789465964     
   478.080739277635        456.537912513060        451.243339860908     
   432.144284427193        374.573280663182        377.107023048847     
   397.211689906242        364.574011634092        382.610691905476     
   398.117126251283        365.497815815357        358.034861897509     
   423.751204275915        392.092969814580        431.835849545327     
   357.184122506771        424.206649272913        387.037815153664     
   396.069588310698        405.415273519588        386.239128155479     
   396.375690221181        389.847953481643        407.199014326228     
   368.810724449058        420.984446091648        425.556554629773     
   377.222102335328        417.937428429618        432.117344098247     
   372.132199068822        403.182368260425        398.966226162592     
   387.508367152667        390.120114652645        413.695161383612     
   416.717818635025        368.586894697680        359.288463148050     
   427.543039205902        392.171051167680        440.875522043595     
   433.114936379391        405.903919500220        425.305741374068     
   422.994155258644        441.157605985869        428.209679700068     
   418.553428957015        442.177621854363        473.217628492808     
   424.091689865465        402.968028857148        413.675807975949     
   457.777804342983        460.632545966298        458.868610627589     
   446.905467914119        470.892455362957        436.265299485667     
   468.617638668421        423.222787243759        443.191626838394     
   404.066611409972        402.604047556264        436.386810073916     
   435.122067942722        392.669745068970        402.173218862815     
   388.117879277314        423.067918948061        411.016836523376     
   451.097535086260        449.379032376148        444.950674474153     
   489.751452047258        402.588104268643        426.771395985256     
   402.557375472971        391.632594897197        422.247624429224     
   377.163532337211        394.955435296735        429.158239141325     
   474.015087498446        440.291783017118        429.447630480309     
   422.736918977210        384.293691265473        375.681957045731     
   369.269304897431        427.211041242401        325.915776307819     
   390.638411960175        397.821023316552        376.420940338965     
   404.913190867911        370.994982696751        421.409118738945     
   402.338571430919        384.181042885753        401.031399822244     
   353.126424405061        353.709880175275        360.288385295753     
   365.879689671905        396.816789865340        344.594882734478     
   423.555326038053        413.194325082445        409.234218435801     
   393.992705799100        407.408340109841        387.118491669342     
   441.611552257420        407.490308630212        431.473787887430     
   393.676383773935        466.341276980937        389.337852222031     
   384.444249073001        379.577014267573        407.319512502179     
   413.461856707589        409.467567672256        396.717852282483     
   388.482807545017        419.089469142192        435.159753958924     
   379.649591774112        416.243051910921        360.244301876557     
   406.335527123966        351.208172100618        400.101923790397     
   405.096612162424        413.095010683720        378.155803060250     
   445.277381335580        426.239357514888        439.945394340651     
   413.795431842615        414.771135995578        351.596685549192     
   378.555466888693        362.163087344281        419.688649398491     
   383.176170755728        427.304198012905        400.174218550768     
   398.462392473152        402.602800505853        374.790818378110     
   364.869383930583        390.314931887154        367.187655356340     
   358.867507785249        375.286770185113        372.132045513031     
   407.779497524805        406.919229414887        378.647854321171     
   391.918208202649        411.538002234918        407.039586085642     
   408.199215759083        397.182813693739        458.285593648863     
   412.282932731328        400.170199799876        414.052750761892     
   449.088172403872        376.199426539388        386.703561017144     
   354.880139179488        355.245394632881        383.820665483506     
   359.127826881943        360.375954999176        372.361769710308     
   342.374147342130        342.657854304945        387.373068332355     
   389.989242559480        391.400911089298        384.072819230759     
   397.576005171763        391.343440428463        400.725113232420     
   390.411169718486        405.025715350828        379.171178098718     
   360.957332093377        400.552528822885        379.644057816277     
   392.036982951458        378.985590364623        420.173106044518     
   438.568017167974        475.238189295066        449.647342159070     
   438.018728308929        424.407004760631        418.262005256386     
   461.045781320670        458.055452309569        485.785728589897     
   460.376801986845        422.836604367890        396.557657038834     
   448.226084052943        407.087552249796        408.555343160960     
   442.474747169717        429.091247576509        425.767587815391     
   432.735453301808        449.829165180142        439.455718217177     
   413.567805109089        413.131267256897        402.101134680224     
   417.522707410332        443.296788086242        442.584602925595     
   435.258332912140        419.569434429823        438.201280459154     
   392.052313815533        386.728752127566        418.870462894904     
   419.278120217488        413.100948478170        392.851131554291     
   405.926822813184        446.481199303728        374.478252936130     
   397.478198798402        398.773539861362        423.329136677947     
   388.010135574627        428.897089227440        421.363736705045     
   447.943754043724        405.699971759189        391.438859904282     
   400.043334623076        319.859076679527        350.674312043051     
   376.690209584628        342.547618639138        353.557011341439     
   398.686042307490        379.214989962384        349.378576143094     
   381.517280488061        392.516897615145        354.843960240422     
   390.681186590710        395.607658722632        365.181872099505     
   417.824341014842        422.721859706012        451.376729159034     
   425.710550212098        430.528610335805        416.139352598446     
   362.892920014189        390.957787409366        407.909332619612     
   369.777554327567        396.010573712886        433.512196403138     
   380.675491950030        407.704638676040        379.970398230253     
   389.590440868536        445.978607156124        412.252678587760     
   458.611102327150        451.128513890515        429.792156451111     
   458.464087190512        439.214189244011        441.625693620945     
   469.837516154219        440.949317080265        401.212014979260     
   414.874225864745        405.411926844704        402.468165373961     
   423.794237621238        430.400486341703        380.164311712479     
   418.838427846593        418.726309382927        435.121121567321     
   438.797949153126        404.111357176432        404.083441123458     
   382.848166846441        444.519712703314        441.558431166209     
   409.775783793620        433.071985510463        463.646398690005     
   457.553479714898        428.276188979389        447.761380283028     
   438.714640290323        389.566166811512        431.534633763597     
   387.798128928471        399.241602727477        410.833825505873     
   422.843199772373        427.395402664151        446.997901882136     
   436.582454306639        427.681224561926        474.169353540034     
   479.819544402223        444.766791499683        466.974056100961     
   426.458554233363        480.812438182483        485.955885837244     
   484.212718494177        456.122919746196        469.671149955576     
   432.729244916922        477.720542984344        452.768534835859     
   456.701239711436        436.229491587306        450.476317687785     
   415.932802767320        407.341509488782        420.142374916773     
   384.414457959650        423.962056003063        421.835643590366     
   423.139254916012        403.435561818087        363.355470557903     
   422.280542956120        418.266365886001        408.350418040910     
   402.080779905625        389.275636968315        381.914443550887     
   378.532729022914        388.819729472512        363.732532942344     
   369.919047701521        371.821204617827        332.177162027669     
   387.006174598700        322.520323730879        372.061177860149     
   412.981291561495        383.617611923942        404.763951859028     
   401.780192723345        356.743250061566        351.120075745899     
   406.484828455606        397.072190388677        398.382227482805     
   422.265789293307        376.559789468885        398.661920005416     
   415.123490037667        382.608118697076        434.807234647038     
   362.636863565038        384.073230296548        396.976332666007     
   342.301366686121        331.243710486641        362.636884513759     
   341.890494137932        348.923226139904        361.498981728287     
   310.673414223842        327.623517676928        352.962166381292     
   394.119088996511        362.572746686366        372.989156812577     
   379.817253120301        389.498655921631        345.623888713489     
   387.650455426332        403.345905666185        372.333525480517     
   389.664869419729        418.013159632705        384.086397382699     
   458.304191875352        449.324273918061        477.125814869953     
   436.072095974614        417.155955709923        418.590962523017     
   405.319538589883        397.336118562845        411.489541255152     
   428.892655937020        410.106559419889        375.784015561438     
   410.069179506275        410.800740101018        439.919712485976     
   415.365193228420        422.362190183494        408.979610190192     
   401.155981732446        411.933119872760        421.366522525393     
   396.608247095434        432.119209209755        433.353802572934     
   430.539053173635        397.879521417330        420.863498199822     
   454.725822394341        405.891858670852        397.591454108583     
   408.447933246793        407.785731552921        413.494665648497     
   407.332406005232        458.339177670507        400.853756719844     
   458.704358084353        399.737163218285        456.986481470444     
   461.579303982031        450.262509929891        439.532699856370     
   387.902623309362        446.516185117476        418.941333579670     
   392.750725767583        394.367968251027        370.500196073219     
   412.339013046354        386.133681161548        369.683718351809     
   367.399097143242        369.358402389878        404.087739912371     
   380.638162197389        392.452943262582        381.581568049156     
   404.532812131287        390.953097897722        402.656818441200     
   436.988194580973        423.667308320918        388.749986088992     
   362.389941766477        447.799394285883     
   77730.0000000000     
   1.48430116176270        188.365332876607        34.8153171233707     
   5.54264357873413        1.72855325167302        13.6029625457746     
   191.813045068802        1.38096373910833        1.88825654122976     
   21.8981392915750        834.956980736120        5.32657442227500     
   50.3347191438262        3.86106188281310        6.56662349412739     
   1.22126044955159        1.79431342972579        1755.31764414050     
   8.76489230332024        5.30778579997421        1.02397991539325     
   5721.95279566175        1611.45316318332       0.977008359641270     
   2.90284214547262        4.54684659679207        1048.05753487172     
   438.657964856630        5.18565975501905        973.757927983233     
   22.5087695163508        248.047391615078        1.12731733804762     
   1.75673618512421        236.877555657256       0.967614048490874     
   195.101053971441        324.310409533999        2350.13724325017     
   7.57181478721985        78.0103597928953        3.11891130193175     
   2085.03917689713        3.06254543502937        37.6523990907905     
   557.881167666316       0.526081424422222        722.854665778435     
   2253.17855786693        1.87886223007937        1.63461014016905     
   13.1896128551571        1308.19540493736       0.638813158226984     
   2.84647627857024        3.58862685945159        151.163860721035     
   703.934523121535        128.993286406099        1637.69147422638     
   227.821439708274        386.425594860423        2078.55710220335     
   75.6523876941457        6.08751362545715        10.7940635118060     
   9.94857550827024        917.711467659966        497.306649368557     
   161.413054186118        1554.11968223245        561.460400214617     
   303.699290870029        797.924606181256        1950.12747446628     
   1167.36528648176        3.40074063644365        206.355438729617     
   52.7960286652302        37.9905942922048       0.845488003535715     
   994.688453226317        6.45389176032262        5.40172891147818     
   800.714716592924        68.3999794860393        14.5329993496639     
   5.86205015784762        709.834150523984        2.04795983078651     
   2723.42959112234        2.80889903396865        1141.72821135233     
   1.02397991539325        3279.97676660530        5.22323699962064     
   1364.38277992788        6.89542438439127        9.66674617375834     
  0.422744001767857        117.316157646156        328.096316927609     
   2.24524036494484        389.816941185716        101.637052336143     
   698.880383722622        1712.93990654106        22.3678548490949     
   2.20766312034326        500.481926537391        33.1431297386000     
   1.23065476070198        3.56044392600040        2.25463467609524     
   370.962558706870        1.95401671928254        299.124261339785     
   24.7727985035964        1.35278080565714        718.317213492793     
   886.475383084896        1285.58329799836       0.845488003535715     
   2.01977689733532        4.30259450688175        4.45290348528810     
   123.647923361523        568.722202733874       0.751544892031746     
   5.33596873342540        277.085207380955        3.64499272635397     
   363.719544809914        371.704709287751        778.835365923649     
   146.889449147605        3.03436250157818        171.154954849080     
   2.80889903396865        1575.05960178668        1162.14204948214     
   390.925469901463        435.614208043901        3159.38199436766     
   324.009791577187        2057.97416647283        255.807092625306     
   1.48430116176270        1.92583378583135        4.93201335395834     
   3.23164303573651        112.656579315559        7.95698154438612     
   2038.29308461275        2181.11479703223        422.762790390158     
   52.7020855537262        174.640244285877        85.1594305783473     
   3.78590739360992        3.24103734688691        83.4872431935766     
   14.1196496590464        25.8907215304937        525.668074731605     
   2.29221192069683        314.812760960948        122.830618291439     
   537.110345712788        1.91643947468095        761.070723538249     
   157.617752481358        680.138732977580        7.09270491854961     
   2.65859005556230        2.69616730016389        1707.87637283099     
   319.857506048711        1.94462240813214       0.958219737340477     
   7.08331060739921        577.111322591178        551.596373506700     
   54.7406510733623        413.941532219936        17.1258292271734     
   73.5010904407048        1745.40664587683        2.20766312034326     
   1722.96363653853        564.917506717963        15.1342352632893     
   108.213070141421        28.2580879403937        2.28281760954643     
   1.67218738477064        151.098100542983        57.0892288609615     
   1602.24673825593        1.83189067432738        4.76291575325119     
   86.7094919181628        483.637926644730        775.002486974287     
   5.24202562192143        2.04795983078651        66.9814385023294     
   1095.57396067043        689.598804306030        750.549095049804     
   950.516402197151        3.10012267963095        1701.08428586926     
   77.4467011238715        2.51767538830635        595.458412267903     
   1188.98159643882        34.6744024561147        185.584616776089     
   459.748193389270        1.16489458264921        6.66996091678175     
   5.86205015784762        1085.62538516216        3.81409032706111     
   261.471862248995        2.51767538830635        1.64400445131945     
   621.142458953088        3.95500499431707        11.8462263606504     
   1.98219965273373        1476.84207870928        1526.04008620391     
   12.1562386286135        1217.65303406984        141.600451969931     
   3.89863912741468        1.39975236140913        172.911691034204     
   372.052298800316       0.206674845308730        466.934841419324     
   633.317486204002        133.643470425545        201.047652929643     
   912.741877061406        214.331208896304        155.485243850218     
   1.48430116176270        585.350133470076        2.15129725344087     
   1.45611822831151        455.408021637787        4.35896037378413     
  0.150308978406349       0.995796981942064        1103.02364941269     
   3.43831788104524        18.6007360777857        20.6205129751210     
   2.20766312034326        8.00395310013810        67.7329833943611     
   83.3839057709223        4.16167983962580        558.632712558348     
   136.724804482875        472.768708643721        2.52706969945675     
   1.50308978406349        1673.61532006550        1231.92299270729     
   11.8931979164024        140.257065475425       0.883065248137302     
   5.22323699962064        3.56983823715080        394.175901559501     
   1.70976462937222        2230.78252008438        751.328822875287     
   503.497500416669        13.0862754325028        778.196552765422     
   1121.64317411278        2.95920801237500        788.304831563249     
   545.255213480182        1213.23770782915        8.30457105695080     
  0.901853870438096        4556.31606243167        2511.51272019169     
   1373.60799347757        3.43831788104524        466.653012084812     
   1836.75692750329        200.906738262387        508.485879637529     
   1498.20474226529        1520.35652795792        91.1436067811501     
   8.53942883571072        72.1858868796492        131.914917173872     
   3.00617956812699        940.614798244633        325.278023582490     
   175.185114332600        555.889573702432        498.462149640056     
   2.90284214547262        3.14709423538294        1324.81394136241     
   695.122659262463        2.32039485414802        130.599713612817     
   163.423436772303        4.36835468493453        1767.49267139141     
   129.688465431228        1.23065476070198        2.98739094582619     
   4.70654988634881        72.5804479479659        337.227587365795     
   736.373079523856        1906.24664708277        185.424913486533     
   955.025671549342        5941.90180262600        16.7782397146087     
  0.469715557519842        1870.98040302418        4.51866366334088     
   3.14709423538294        2281.66210927493        10.2585877762333     
   2379.42870541711        3514.30846394080        616.877441690808     
   1124.95936594887        1.54066702866508        1.34338649450675     
   3.32558614724048       0.291223645662302        31.5179139095814     
   5.86205015784762        1.48430116176270        360.093340705861     
   147.293404527072        2041.77837404955        1034.43578370365     
   1372.49007045068        552.178820798025        88.4474394809862     
   300.242184366683        761.221032516655        225.378918809170     
   64.9240843603925        209.897094033316        164.137404419733     
  0.469715557519842        3383.97179104019        184.663974283351     
   2.43312658795278       0.948825426190080        1.25883769415318     
   485.047073317289        1.26823200530357        20.6862731531738     
   4.80988730900318        347.814976032292        1.09913440459643     
   4.79109868670238        2051.35117711180        1012.35915250021     
   491.585513877965        2158.06115746916        1328.90046671283     
   3.47589512564683        1277.92693441078        103.515914566223     
   5.39233460032778        477.550413019272        89.3962649071762     
   530.196132706096        1867.73936567730       0.347589512564683     
   176.894878961972        2.02917120848572        1.61582151786825     
   14.6551253946191        8.94338421517778        13.5747796123234     
   3022.46930366177        10.8410350675579        1023.66050881414     
   324.911645447625        1.95401671928254       0.272435023361508     
   160.426651515327        42.6783555562528        5.57082651218532     
   1533.67766116918        2.46130952140397        3.03436250157818     
   8.11668483394286        970.808114282008        1975.40756577199     
   2.59282987750953        18.1779920760179        5.05413939891350     
   6.22842829271310        712.342431601140        4.94140766510873     
   1595.14463902623        27.7038235825203        1927.33687561541     
   922.793789992330        1231.49085439437        21.8887449804246     
   2348.83143400027        249.465932598788        990.188578185277     
   11.7898604937480        8028.90439055355        1.47490685061230     
   3.69196428210595        266.197200757645        134.019242871561     
   1.58763858441706        1393.80576245093        515.202812110063     
   935.945825602886       0.526081424422222        1832.21008090650     
   5.81507860209564        13.4056820116163        67.2726621479917     
   606.759768581830        12.7292916087877        3.94561068316667     
   2.48009814370476        27.7132178936706        12.8702062760437     
   1.80370774087619        3.64499272635397        6.26600553731469     
   3.62620410405318        4037.46825759525        238.709446331583     
   223.612788312896        117.381917824208        1292.95783225142     
   6.74511540598492        147.894640440697        2.27342329839603     
   533.296255385727        7.33695700845992        192.714898939241     
  0.967614048490874        94.4785872395409        11.6771287599433     
   1.92583378583135        1.73794756282341        3.48528943679722     
   8.77428661447064        6.37873727111945        2.41433796565199     
   30.0430070589691        443.646344077490        850.814577957990     
   700.017095371820        268.433046811439        450.447825350378     
   1057.01970770920        8.76489230332024        2.71495592246468     
   912.356710304239       0.742150580881350        5.47688340068135     
   94.9295141747600       0.930036803889286        111.068940731142     
  0.507292802121429        3.68256997095556        2332.88928797805     
   8.75549799216985        285.887676928876        1152.32499432998     
   285.089160481093        819.587887694071        1.79431342972579     
   2629.35495926227        556.979313795878        3.16588285768373     
   722.384950220915        6.51965193837540        73.8674685755703     
   427.140539386243        7.14907078545199        196.904761712318     
   1.07095147114524        1443.32317652467        612.781522029235     
   563.846555246818        579.431717445326        1.26823200530357     
   23.5891152986464        2963.44484670383        32.7391743591330     
   1.81310205202659        1589.28258886838        123.441248516214     
   364.217443300885        628.028489026329        6.53844056067619     
   32.1849100012595        135.512938344474        5.49567202298214     
   4.37774899608492        2.39554934335119        1.98219965273373     
   229.568781582247       0.291223645662302        1.72855325167302     
   1.99159396388413        894.770559830696        2.72435023361508     
   1475.31080599177        2.95920801237500        1.00519129309246     
   1518.95677559651        120.989333305961        52.6363253756734     
   402.452289683000        429.507905796143        5.99357051395318     
   2.85587058972064        194.744070147726        476.996148661399     
   128.626908271233        3645.48123053379        1257.43794179177     
   14.2511700151520        5158.97051704077        2.00098827503452     
   6714.85632976950        441.767481847411        628.930342896767     
   251.899059186741        1.00519129309246        253.373966037353     
   4379.51512658120        353.019424409612        843.270946104221     
   19.5777444374270       0.629418847076588        18.7698336784929     
   1.33399218335635        129.500579208220        140.557683432237     
   93.4546073241477        1.40914667255952        14.0538894809937     
   317.781363284474        5.82447291324604        1.35278080565714     
   378.731654028248        2.85587058972064       0.864276625836508     
   1247.80877286261        7.81606687713016        166.232335806272     
   7.54363185376866        1.06155715999484        7.77848963252858     
   28.8217466094175        280.795960285361        1066.73342543871     
   1876.14727415690        1.11792302689722        1.27762631645397     
   356.598656957913        29.6860232352540        271.843181759033     
   1.57824427326667        2088.57143788967        28.6714376310111     
   376.336104684897        1.43732960601072        2.14190294229048     
   5.40172891147818        4.90383042050715        106.841500713463     
   3.53226099254921        2.54585832175754        303.595953447374     
   2016.16008754242        1.46551253946191        4.03015948352024     
   145.376965052391        1.29641493875476        2.16069156459127     
   3.45710650334603        11.1792302689722        4.82867593130397     
   1716.35004148865        468.250044980380        3297.45018534504     
   1.91643947468095        6.80148127288731        10.7376976449036     
   44.3599372521738        7.46847736456548        27.7414008271218     
   1.91643947468095        271.044665311249        738.280124687386     
   47.4036940649024        22.4524036494484        824.059579801660     
   3.37255770299246        1921.99151257084        1.86007360777857     
   1051.89041382108        375.500010992512        220.972986879634     
   2539.01926324005        8.94338421517778        2.66798436671270     
   3.41952925874445        3676.68913217541        7.05512767394802     
   588.938760329528        540.266834259322       0.836093692385318     
   3.45710650334603        527.875737851948        43.7868842719996     
   2.20766312034326        3.42892356989484        58.6017129561754     
   2.01038258618492        2.79950472281826        4.19925708422738     
   507.941009590806        128.974497783798        3.77651308245953     
   290.913633394339        3854.41071051862        76.2160463631695     
   860.697393288207        359.069360790468        738.956515090215     
   73.2850212842457        9.55401443995358       0.676390402828572     
   125.658305947708        152.169052014128       0.854882314686112     
   3.07193974617976        473.942997537520        1614.61904604100     
   3.58862685945159        278.785577699176        640.250487832995     
   2.02917120848572        1.19307751610040        5.49567202298214     
   2.80889903396865        553.061886046162        1.64400445131945     
   1494.21216002637        2.13250863114008     
 ------
  0.000000000000000E+000  0.000000000000000E+000  0.000000000000000E+000
  0.000000000000000E+000  0.000000000000000E+000
  0.000000000000000E+000  0.000000000000000E+000  0.000000000000000E+000
  0.000000000000000E+000  0.000000000000000E+000
