           3           8           8           8
   4.50000000000000        7.91500000000000       -5.20000000000000     
   42000000.0000000        1838939.00000000     
        2279         806        2065
   467092.000000012     
   322458.222222216        360650.666666665        380279.555555537     
   380086.888888910        369542.888888875        382029.555555564     
   382365.555555541        382000.000000012        395060.000000007     
   397194.666666649        394013.777777759        382973.333333336     
   350236.444444428        348071.111111116        390206.222222232     
   397949.555555561        399078.222222241        399078.222222241     
   400035.111111121        402689.777777758        401684.888888877     
   404693.555555571        408974.888888900        426151.111111119     
   427231.999999999        456752.888888865        453294.222222220     
   443014.888888895        434021.777777789        443581.111111130     
   449122.888888910        447895.111111101        448473.111111125     
   463226.444444424        468091.999999985        465250.444444438     
   487380.444444439        476537.333333332        461027.999999987     
   470227.777777790        487430.444444432        486524.444444454     
   498109.555555543        507922.888888909        487659.111111092     
   467861.333333326        467184.444444452        452339.777777776     
   465809.777777767        446156.000000020        433491.999999981     
   427044.000000001        427490.222222234        434897.333333327     
   469095.555555548        487135.111111112        479256.222222213     
   480017.555555561        470142.222222209        457171.111111131     
   473792.666666673        469990.888888882        459975.333333329     
   457351.555555565        457883.999999987        455487.999999989     
   447522.888888859        451943.111111114        441714.666666668     
   462457.555555542        476359.333333344        477144.666666676     
   478293.333333314        482072.888888894        466305.111111094     
   448966.888888861        445560.888888871        427588.000000010     
   431364.888888888        486134.666666661        573295.111111113     
   572413.333333356        571600.222222242        557790.888888902     
   530573.777777801        478816.666666656        467280.000000019     
   465540.444444444        445719.555555530        468956.666666643     
   496493.777777769        496830.888888873        489178.222222241     
   477585.333333349        481849.555555541        486379.333333340     
   484992.000000006        480792.222222222        479096.888888862     
   477713.555555554        477093.111111134        483745.111111121     
   500181.111111131        520118.444444471        518335.333333334     
   476518.666666683        476856.444444442        474780.888888881     
   468147.777777753        479149.111111127        478701.555555553     
   494128.444444452        506876.888888887        507236.888888873     
   504216.666666683        505636.444444450        510565.555555524     
   512304.222222196        501922.444444421        488700.000000007     
   498125.555555531        512961.333333314        518040.888888892     
   531611.333333319        536450.888888873        534229.555555552     
   532355.333333334        533496.222222251        510122.444444433     
   519994.000000009        545608.888888882        553250.666666679     
   537827.111111111        508984.888888896        492051.555555531     
   492394.888888918        493326.000000013        498340.888888878     
   511194.222222200        514680.888888874        482972.666666658     
   496428.222222236        498903.333333326        499204.666666684     
   495046.222222208        496003.777777793        506766.000000026     
   524330.222222235        548192.666666642        557397.777777782     
   555618.666666668        554670.888888883        492200.222222219     
   492470.222222233        495298.000000002        499074.222222218     
   504405.777777767        510069.333333337        505901.111111106     
   434850.666666655        422182.666666657        422255.111111117     
   421868.222222242        421628.888888880        421970.666666677     
   421519.999999980        421788.888888879        419834.888888907     
   371307.777777766        373837.777777782        423031.111111102     
   428499.333333352        431991.555555537        444802.222222213     
   452201.999999992        451288.222222236        437901.333333313     
   423422.666666648        427987.777777764        430585.555555568     
   430984.222222242        431641.555555539        432855.999999997     
   433727.777777767        433688.888888867        451203.555555577     
   458681.333333320        459630.888888881        458528.222222210     
   454947.555555541        455261.777777792        454486.666666657     
   492260.222222232        506039.555555561        534469.111111103     
   525328.222222226        504869.333333339        429634.666666677     
   400615.111111105        416604.444444449        419233.111111125     
   435077.777777784        437749.555555549        436763.333333344     
   435237.777777800        439805.555555552        465590.000000014     
   466843.111111091        470805.111111089        460703.555555552     
   447434.666666686        467699.111111099        479361.999999981     
   440980.888888901        433751.555555547        425378.666666661     
   425197.999999991        466201.999999992        498836.222222201     
   497834.888888876        498710.000000002        500011.111111112     
   495626.444444462        491717.555555554        498173.999999991     
   498692.888888871        498229.333333335        472447.555555564     
   469272.222222199        468967.555555533        472322.444444456     
   482708.888888893        480574.444444469        474700.888888875     
   474820.666666688        481122.222222243        484999.555555573     
   491120.222222204        488360.222222226        461502.666666682     
   452049.777777755        451696.444444466        454727.777777780     
   492838.444444449        485233.777777762        422813.555555529     
   419421.555555531        402942.000000007        402623.333333343     
   400583.777777786        397617.333333318        401655.777777766     
   395172.000000004        400075.999999993        406933.555555545     
   457809.999999986        460320.222222223        453167.555555562     
   438420.000000012        393000.888888877        389158.888888896     
   395817.333333337        447775.555555579        443694.888888874     
   442987.333333343        442461.111111092        463260.666666679     
   437906.444444453        436555.111111123        436555.111111123     
   436379.555555565        436673.111111092        429408.444444440     
   418681.111111125        429763.111111129        433174.444444443     
   434134.666666664        438389.999999989        432325.333333334     
   430954.222222241        426966.222222243        426046.222222201     
   436080.222222223        430721.111111124        430744.666666647     
   430305.333333331        439853.333333343        445940.888888897     
   444755.111111089        442197.555555552        441823.333333324     
   426162.666666660        384697.111111124        387143.777777779     
   387388.444444440        385906.222222243        384391.333333341     
   383659.111111111        405513.999999982        424930.222222204     
   432730.444444449        414366.222222240        392494.444444460     
   385438.888888882        393432.666666672        400148.222222218     
   399078.222222241        399078.222222241        401568.222222221     
   399421.333333352        397985.111111123        387428.000000004     
   394525.333333334        428776.666666669        460073.111111119     
   464015.777777789        456102.666666664        456721.111111128     
   449505.111111108        420956.888888881        416804.000000012     
   423584.666666683        447697.555555536        453267.777777758     
   430774.666666650        398410.888888885        400091.111111123     
   399308.000000020        401396.888888866        422073.999999990     
   429953.333333314        443312.444444467        441660.444444447     
   442225.555555556        430945.111111103        417964.000000011     
   399809.777777772        386824.666666670        401108.666666657     
   402288.888888897        405207.333333343        412322.444444460     
   407747.111111128        411720.666666674        414081.555555559     
   447121.777777777        458916.222222244        461975.555555548     
   456575.111111121        440185.333333343        463593.111111120     
   466205.111111113        465422.444444467        465888.888888877     
   503235.777777782        520118.444444471        511140.222222242     
   489683.333333313        488494.888888912        482350.666666673     
   458950.888888900        482622.888888880        509463.555555553     
   541995.555555528        526097.333333342        519898.888888903     
   530409.555555589        526812.222222221        523872.888888860     
   525082.444444464        533819.111111090        541989.777777789     
   538216.888888914        490640.000000019        488810.888888863     
   486410.444444443        501976.888888882        496819.111111102     
   488219.111111135        476627.777777768        475686.888888889     
   490328.444444466        489914.888888903        492040.666666680     
   487154.222222207        487370.666666660        473105.999999985     
   498711.555555564        512259.555555542        512069.555555573     
   516054.444444447        524527.777777781        524363.111111109     
   490381.555555554        504690.666666679        523122.888888902     
   517309.777777793        490642.444444439        487290.444444443     
   494450.222222207        495460.666666684        492204.444444448     
   462241.111111104        460324.888888894        429837.999999980     
   431763.999999997        442126.000000000        447897.555555545     
   449350.222222209        481507.777777778        490744.666666651     
   464939.555555568        477898.444444450        492231.999999999     
   504378.444444438        510009.777777761        511260.666666663     
   515613.333333334        503891.333333340        497084.444444456     
   505407.111111089        526201.777777763        528948.666666692     
   470039.111111086        414100.222222228        411974.222222246     
   415588.444444457        436566.444444437        442862.222222210     
   446436.000000005        442192.888888877        451885.999999991     
   487723.333333330        495369.111111094        494350.666666664     
   501016.888888876        513064.666666680        500477.333333323     
   504237.999999984        504069.111111099        506525.333333340     
   497547.333333321        508211.333333354        519881.333333318     
   525513.333333325        537844.000000000        537808.444444428     
   538856.888888880        537415.111111107        530399.777777778     
   500021.111111084        500266.666666651        505191.555555556     
   512521.777777757        511631.555555543        514153.111111097     
   473038.000000011        452761.333333347        452945.999999987     
   449518.888888895        417117.333333315        425442.222222233     
   433226.000000014        441113.111111123        429163.333333348     
   419407.333333342        422930.444444463        424434.222222236     
   426479.999999995        427733.333333319        433429.999999983     
   428504.666666689        434662.222222216        448203.333333347     
   435495.999999992        432999.777777802        371054.444444445     
   355708.000000003        356382.000000001        365146.444444457     
   364460.444444447        364559.999999991        380990.444444442     
   441614.444444440        489430.222222220        493871.111111114     
   482117.555555546        473525.555555533        474411.555555551     
   477053.333333318        467678.444444441        482389.111111089     
   489731.777777757        490477.999999987        520835.111111093     
   533935.777777768        534757.333333322        526542.444444477     
   520422.444444466        520204.666666691        497596.222222217     
   488241.777777799        494480.000000003        495809.111111124     
   494964.666666668        496864.888888899        493264.444444430     
   517759.999999985        537058.666666678        537394.444444424     
   489114.222222253        496389.555555527        522813.777777798     
   538360.888888895        538742.666666685        531926.444444434     
   535417.777777788        538006.222222245        538061.333333311     
   544264.222222234        541906.000000001        540021.555555545     
   534425.555555571        533788.444444450        567540.222222238     
   567131.777777773        565421.555555524        564575.111111100     
   561530.666666664        562498.222222205        566194.444444451     
   565456.444444416        563620.222222207        549324.666666645     
   517042.000000005        498896.666666660        499735.777777772     
   479925.111111107        455138.888888882        465422.444444467     
   475435.999999993        496056.666666650        504065.555555547     
   484987.999999989        475779.111111101        484716.666666667     
   539093.111111092        542034.222222221        548854.222222233     
   545268.666666669        541070.666666667        524145.777777775     
   523810.888888892        495980.666666666        491323.333333316     
   477045.333333331        464916.000000000        465672.444444433     
   466201.111111124        476168.666666660        507071.333333323     
   467859.111111108        443532.000000002        445429.333333345     
   448356.222222213        448617.111111105        449541.333333320     
   449722.666666653        449557.333333322        467348.666666662     
   464410.666666672        446903.333333320        436144.666666686     
   443462.000000001        452899.333333312        453285.999999982     
   453716.444444444        453386.222222255        461598.666666658     
   465960.666666664        464434.222222200        479845.999999986     
   470138.888888903        487722.666666661        489392.444444457     
   474003.777777759        472724.444444440        485680.222222243     
   497570.666666652        519046.888888866        517115.333333312     
   522976.222222224        538424.222222221        523428.222222198     
   512918.888888880        487607.777777779        516468.888888905     
   551845.111111109        517691.333333322        516357.999999993     
   520118.444444471        516749.555555568        516213.777777768     
   530332.000000019        536897.555555558        529744.222222210     
   529815.111111113        525200.222222217        510955.333333331     
   508580.222222244        511002.444444470        510426.444444445     
   517375.555555548        527721.777777771        530673.555555545     
   532836.888888886        527610.666666680        491546.444444422     
   530635.333333359        529105.111111108        530514.888888903     
   518140.888888878        511755.555555575        490189.555555545     
   484160.888888876        486477.555555558        499581.999999999     
   489016.888888910        471194.888888905        453888.666666650     
   446805.777777786        455514.000000001        460864.444444466     
   460031.111111088        449562.222222239        440385.555555579     
   465436.444444429        443025.555555560        436710.888888908     
   434564.666666665        438267.111111091        440596.000000016     
   466941.777777757        450792.222222249        440194.222222234     
   521938.000000025        533290.222222209        484158.222222252     
   458089.555555563        439295.999999992        430186.222222231     
   446127.333333342        491961.555555531        487587.555555565     
   478946.222222223        516815.777777763        521758.666666640     
   523704.888888886        519105.555555530        513996.666666678     
   478850.888888888        478183.333333333        497890.222222198     
   514810.444444440        516549.333333328        506422.444444442     
   494644.222222243        469898.888888893        502201.111111099     
   495141.333333306        480636.888888902        483689.333333309     
   470987.999999991        421267.777777769        433049.333333311     
   459772.888888893        460358.000000000        461074.666666685     
   455054.666666670        451242.000000000        451252.888888914     
   440523.333333346        442103.777777775        436901.555555572     
   418405.333333340        405424.222222223        375890.444444449     
   324894.000000001        304893.333333323        334431.111111122     
   328969.111111111        346157.777777781        386923.555555541     
   389797.333333315        395432.000000013        412088.888888903     
   342700.444444435        367000.888888900        369661.111111103     
   378670.666666678        372028.888888893        366212.666666670     
   371947.333333343        368148.666666660        366736.222222210     
   370831.555555539        363090.888888891        360116.888888896     
   354480.888888884        367310.444444455        364614.666666655     
   362066.222222241        359797.555555551        351706.444444437     
   350714.666666654        422051.333333334        421087.333333331     
   422374.666666655        417168.888888895        427301.777777783     
   446194.222222208        438678.666666684        427051.555555536     
   426393.333333346        439217.111111101        446805.777777770     
   416345.111111130        436178.666666692        448899.999999996     
   434665.777777752        440292.888888909        452284.000000010     
   456739.777777787        525861.999999985        479607.555555545     
   446917.555555547        464596.444444445        462511.999999966     
   481340.000000005        498142.444444425        501173.555555533     
   499689.555555550        501321.333333330        501380.000000000     
   500874.666666670        500200.888888899        511712.222222230     
   522144.222222243        522144.222222243        522358.888888907     
   515999.333333350        522110.000000010        534190.222222225     
   441561.333333309        388797.777777776        376142.888888880     
   410370.888888872        439654.666666655        441886.000000006     
   435442.888888887        434122.444444449        430646.888888869     
   410806.222222200        458432.444444443        475279.111111102     
   476150.222222202        474234.888888871        471104.888888894     
   472829.111111123        481346.444444450        459783.333333343     
   442148.444444440        442976.444444443        442846.444444465     
   456070.666666664        454235.333333337        452452.888888897     
   463502.888888880        448006.666666664        435127.777777758     
   435035.777777758        434239.333333325        432709.999999997     
   403860.444444424        400924.888888887        401648.666666679     
   404595.333333343        408194.222222241        408833.111111093     
   406365.111111123        396947.777777785        409635.555555534     
   494495.333333304        504509.999999994        488404.000000010     
   486373.555555573        486339.555555566        479058.444444471     
   499388.222222199        500873.555555531        495949.111111131     
   466435.333333348        496906.666666679        503147.333333348     
   514027.999999985        504719.777777792     
   274946.866230896     
   242124.668083687        249758.903235045        382628.812178504     
   274098.923958126        328292.094062256        263001.291454704     
   311776.048937708        332609.142063575        293032.114093476     
   280117.688028771        321154.507634887        305641.713129969     
   266389.750958144        264555.911827733        289602.492883562     
   247310.147159465        231950.153191962        244856.096684812     
   254459.613947977        294243.089325309        300611.145252231     
   244019.768648210        245845.173301711        231688.058694471     
   267576.681139055        232557.081331482        265049.215437745     
   295438.263579536        291011.801012375        319991.235217968     
   269197.773174362        267189.320707656        276619.479667507     
   312148.240446759        310364.588733955        265422.549252998     
   258164.564338543        288614.248749946        309484.987769500     
   303418.940897260        323544.880987840        334987.214661028     
   253384.908548102        296435.788065603        246342.026477581     
   254749.170129529        287924.701199480        313326.015648412     
   299819.787370212        256916.509493038        286414.434405195     
   252045.422142693        328994.487277437        316848.114690690     
   315545.533690512        297620.992970395        321109.748938013     
   294118.157448027        323109.298211636        274727.867673702     
   293195.354664111        329927.916384582        260282.643051981     
   301430.539565699        297834.293230755        321027.196486250     
   269702.350125976        309069.298362793        280426.329473224     
   267770.551975378        282607.650231454        269652.751793486     
   270216.772215220        276548.483149530        256492.678547087     
   269882.818292256        267342.875350781        303299.092741475     
   322773.537826927        340702.711025168        275933.713770689     
   272989.481225181        290104.922110224        321881.986439112     
   307410.432251966        288109.445100652        318616.307299812     
   277651.485800460        274049.357142135        294403.486678444     
   268780.660904947        279236.716059563        313528.556000561     
   272430.281962004        260845.527679521        288640.944995323     
   296629.470760338        297922.652009832        291174.031997874     
   279591.436352706        277856.555287468        241761.941648476     
   254373.693306609        271204.321279102        290713.683745772     
   277057.558517200        268435.783525809        280266.515854647     
   295221.501908648        275033.736594632        240694.205234641     
   260669.419394861        344501.471800399        331491.321837668     
   335578.021710600        257789.119509859        311987.349064662     
   321594.514017183        270327.798856736        260124.169171401     
   297170.548642196        352695.097432435        297840.356273495     
   273659.424650112        271523.827877168        331632.695562303     
   384758.619053789        367659.885401313        305214.448848881     
   324554.686843705        325253.754545652        339331.783145178     
   302402.948731364        290861.054821786        328344.371161192     
   302890.305573464        312965.324513941        321790.528239077     
   302545.542337827        361038.096163059        346655.278050010     
   326270.164660657        329180.812719017        371003.596734324     
   304674.446030513        299880.672115590        283581.771787803     
   382679.930714988        353761.790261777        283593.630528105     
   360943.533699095        301517.885922264        304359.598016122     
   327099.835520856        379174.716445188        305851.753372593     
   340848.867870341        297199.721463998        330773.093930337     
   335399.567080541        239827.072941428        279339.495500191     
   253961.655699649        310180.399829261        287655.775503502     
   293388.878388009        248194.969697287        245223.495549393     
   302276.978907823        270862.583465745        255065.788366783     
   261609.963786550        248371.359715934        338069.282966331     
   336696.256105191        270688.962785140        343996.920751351     
   269752.345755262        244754.825876939        290119.995804167     
   266455.418186837        236479.915969219        293701.158382491     
   315872.201355858        301383.708230743        264932.526260414     
   301176.333612491        274512.302566655        312736.507771708     
   260239.407532211        304769.552393725        290855.225388755     
   288209.592725118        337169.496673381        272919.859333008     
   283737.253296579        282243.527785115        267143.230027922     
   346754.607468265        261321.685381113        287101.819914151     
   292282.689686158        277847.039709095        292867.497128910     
   265716.967362945        250526.054320619        253518.847754423     
   287447.809483022        270590.283119064        308745.325370849     
   332736.307235176        296403.697497890        333197.993297115     
   270761.667237009        276142.092443099        235559.154086669     
   265806.272277600        338523.402172313        309944.551102168     
   336937.920687704        257649.127305817        283412.571266686     
   308777.560340947        291127.443425094        310171.226710302     
   282606.857736048        313111.599284748        321327.528088087     
   274905.007845588        285016.855171678        325723.333083254     
   262935.538989269        252898.239491801        308339.628578323     
   241695.761751183        347854.327306712        329541.367872124     
   344271.265146244        272394.610142839        312574.632610510     
   293463.183238366        321152.593138667        261977.683465579     
   273882.006867177        255596.113263858        296583.860492239     
   276107.901447189        275565.005502025        250933.371942895     
   219394.700480108        256830.850562980        248495.999700735     
   262910.042420283        240084.450829263        240101.801497503     
   305311.543864709        343380.097107850        268250.080121806     
   268149.841623426        255168.079615467        296097.852639120     
   286027.677174404        294101.449053071        251013.597023284     
   262377.761431058        292879.460818630        253456.810818191     
   279661.736503138        283273.838851196        320095.664961161     
   318084.906118228        311455.703479763        264622.879980702     
   308569.323878079        291471.141790369        260102.847008731     
   307333.567198968        291786.807042392        268700.533622084     
   301458.160956355        303466.599154440        303912.197765768     
   271017.984352387        279327.493440461        290670.970692414     
   289931.720556587        286289.625821063        301139.324587115     
   295183.350899397        283881.604387127        340440.077066939     
   299079.801099631        270643.735660111        280222.287512296     
   269326.861653554        271303.054210853        313014.414728399     
   257505.037113870        242171.040711756        294241.003429244     
   357861.901283901        280582.677143769        281935.622757207     
   246405.014181315        297501.751550734        303848.156567734     
   257775.590653544        287989.442367969        278748.523701472     
   300712.403866502        300931.727604829        302540.018626150     
   246615.567172857        277102.973910716        293504.074633774     
   332836.808281365        329404.363068617        277534.341568156     
   320908.967130308        318019.876737558        370458.123426759     
   321993.220587004        314871.058375368        313243.263110733     
   302898.658988120        295582.924663604        264211.126750706     
   283367.499544319        354433.052364533        279860.073855655     
   262323.815272502        266311.084316639        279223.290833126     
   260830.431372489        270232.835788925        257181.588828449     
   213133.728231721        241226.489368858        262728.237270164     
   223981.428525202        258836.040213512        240124.894945874     
   291251.777636025        277507.082881079        286958.977778578     
   317313.262026270        278105.193160467        296231.920525001     
   314685.983512500        274531.774221612        261874.124306197     
   280674.356593077        292707.029281358        268424.076118182     
   315344.188008910        319927.839785684        255712.949110087     
   330241.859518348        306238.347497243        275279.476951565     
   280616.592419822        301169.358208344        348100.973882041     
   347346.889526824        336629.046908354        277413.113789603     
   353971.665280343        279597.431073019        297237.647426322     
   307752.026884170        300687.261690949        316527.914102594     
   329687.378176679        284086.683464199        285406.174353657     
   318519.699290629        292962.896980528        310107.831223122     
   244653.765090496        303739.604680029        263658.828297697     
   299022.837911591        269435.620453560        294698.418322088     
   326964.733219972        268831.093152658        311761.363780247     
   333387.745746831        332919.136339628        324903.209838258     
   305720.154904886        298727.742639410        278384.191488594     
   309627.537916887        338072.648522205        350090.057258698     
   280090.242059510        295331.602284336        311006.114396723     
   307587.196631470        280304.238651391        314864.772129231     
   285997.707002832        358917.497865364        350144.256901508     
   298669.476654414        305454.150988344        365686.592650109     
   366053.040416790        263924.844286147        286819.863698656     
   290633.782100652        281501.616718159        330824.939952274     
   318012.807833670        348471.773918702        334686.745295801     
   371582.644469583        361234.776242184        295266.483145425     
   332875.410678113        319694.713496050        357211.174385670     
   272681.326617489        333680.047338770        248152.256451388     
   327161.461913159        267515.240309613        326353.831258276     
   284491.388766172        312074.406417599        288860.020499911     
   357364.167415294        269503.423576575        347265.551610657     
   304023.507049777        281249.964828794        288583.982203345     
   342207.415029528        289053.527123376        291847.983329579     
   348060.459643680        321779.652388362        327017.976259787     
   331986.495268339        336510.837273084        287232.100536595     
   324144.160945202        307145.953394335        293416.613300448     
   275933.686728941        295601.978642854        290136.879273799     
   339899.118440717        321601.678601490        322740.252244457     
   303291.024578677        300985.523062439        312878.996677523     
   291285.312662057        321962.068509837        291978.307955471     
   305362.695126987        285163.961031401        259180.251044869     
   304878.165388849        283169.711512787        264710.914812575     
   302741.249204422        299529.437960743        278154.647267618     
   268434.085043225        278988.596467481        319269.701203873     
   293659.597073536        267877.128371662        274211.827824916     
   237556.050588749        266134.594495473        251876.080213902     
   251229.666652779        306828.372850601        326520.964372320     
   327613.272741563        282643.355079875        286744.869199461     
   314057.417030271        280993.847918063        272221.393682813     
   235376.664822322        314068.702094792        303134.064797520     
   355804.241078180        306978.689739694        294685.189097142     
   356489.865649047        301584.299650837        280723.306265821     
   307613.050568611        366601.252944840        290149.697487780     
   313528.092749569        310995.431269743        292475.241160414     
   342169.767929237        309663.395059695        382934.378602579     
   352321.696011439        343749.147570307        295534.579618706     
   280997.086258403        378974.999693041        382269.023814685     
   309747.020104643        291955.954948504        291064.650130072     
   345665.130394735        289978.482255421        318922.339245149     
   293550.572667243        289788.831807026        296600.207132403     
   288278.928312834        328754.704447365        276483.104803769     
   336014.999220350        320127.228847852        311121.000151655     
   329379.188020028        342612.589872939        343425.455332951     
   302186.872799716        273137.200042905        296713.801398617     
   353631.120106406        313702.842243018        341218.372363865     
   271330.300500218        272907.915191439        290203.820446398     
   287831.715525385        299576.939252091        321443.052294116     
   278718.577036741        257728.263954152        270658.962941925     
   320442.208424297        354692.870423079        294819.451699114     
   292703.221237520        360035.435019380        318587.329754806     
   307822.119926703        243778.321912366        287945.338011511     
   245206.907550210        356834.294661527        296311.828981679     
   294216.491285218        334957.740288829        300768.521346471     
   330579.163930735        308352.387439131        288369.701110812     
   268204.857418089        237759.335106802        279232.563855535     
   244358.398984675        250634.817379521        284427.993552667     
   254898.078357801        286436.339972514        291915.623251085     
   289713.311424132        284619.331896040        266263.512051613     
   282545.759399237        342503.357743051        349235.945030253     
   300396.029988939        295629.691417879        303456.291565148     
   305501.120344775        309877.056529773        335788.846448882     
   253943.085264531        258495.358557424        281918.390524633     
   293510.949143168        310945.458154763        257858.774343046     
   260731.205845228        265318.768606232        272816.974161583     
   268640.507045794        264262.381489320        361056.141669009     
   356947.439952389        344311.415133997        288782.252612349     
   314543.827008629        286655.597636401        300142.081196301     
   308427.362989819        380659.349707050        317913.993288163     
   339247.713956894        315203.372109608        306256.506253311     
   277317.905173466        336447.741618246        255181.222474590     
   298923.546467076        346610.829011899        311049.792149359     
   277649.888093367        348564.425726757        280433.685032025     
   310297.229543999        296375.135567727        379018.510984840     
   319878.504301057        293669.295738008        328601.995867284     
   319864.797752233        330606.917135964        287004.020447721     
   323523.582746355        301210.037722246        345460.996130573     
   313767.438721328        405197.497267835        309281.521290659     
   313887.432922814        303319.720964904        314715.068135888     
   296106.241109534        320528.054030483        297207.982576855     
   323988.994081850        302504.976712248        313309.944760320     
   298332.459234992        275332.698418747        344216.813392834     
   339356.457125917        291210.877539096        294876.938626245     
   302842.346678418        332329.351947706        274161.327143300     
   307654.048439722        319103.841943876        277080.073433210     
   313926.643583456        285711.798648504        337828.831541593     
   304568.223353402        288249.514252005        281930.513783077     
   271450.847647415        291213.987572773        283233.012216163     
   293454.226371244        320665.638464000        263850.856604083     
   267483.798212825        281817.191546669        247635.987803262     
   273512.747606681        321528.671214118        270041.358631782     
   280057.737998597        290538.679374686        286685.357952348     
   272271.325494961        278636.185595729        291770.058008012     
   329760.023877285        275535.181327789        304355.246550015     
   300441.021529296        293821.388345632        269341.984781345     
   277472.724242775        285257.795733347        314656.853837741     
   291267.372846983        242969.798274651        246745.527726353     
   286941.358542342        276168.487806669        293438.573495455     
   294963.768222381        293827.474333146        281714.084362269     
   234460.063136594        235334.488011524        279680.949720016     
   288422.330024948        289432.247624117        275877.759131130     
   246961.855697669        286287.709647481        267276.403120526     
   302488.883585487        273500.953616254        264053.835842232     
   259378.449596275        267875.867154705        287965.406748412     
   264284.239985260        244574.873614446        307749.351642258     
   277727.977657662        244523.177568848        283505.626143705     
   314774.604288068        278194.886676986        265273.043016765     
   292904.237946936        298008.684330509        363411.168367835     
   279520.059576372        351181.981716369        320172.062322385     
   284939.333206313        257127.168322551        335372.914329904     
   288606.414751363        270006.557476801        268346.490335895     
   285472.772124093        314793.181517294        289397.175152060     
   308037.430054430        251790.055860407        264294.445859105     
   246858.959719639        268751.750612243        309362.845810650     
   271527.284788171        260278.155663583        266905.977675248     
   343516.676926894        307628.492074392        313883.599798314     
   314651.465467527        267626.128670857        251418.146811635     
   276862.757767797        252556.627121257        283749.818149196     
   283415.418120179        298811.234690893        292053.667039381     
   284849.725914084        302131.570003706        290690.064784567     
   296541.760397868        305666.743186262        333521.617635023     
   329643.979158394        311999.552290209        372365.433209690     
   363306.527025264        333400.774522376        292524.483889686     
   289817.960194425        357277.724242599        287386.569401179     
   289387.911994793        291701.112515808        266643.645327249     
   363005.328346104        336424.214025501        256222.969201602     
   328895.694168703        293786.034805371        305323.824213265     
   255842.215091006        314088.278906978        257979.649088556     
   301486.252693468        305117.981545350        239250.212530417     
   377133.428981517        288949.860010904        277614.144341573     
   356013.702691764        241516.701206303        271541.206330979     
   318714.394052465        275709.535286277        295517.942778937     
   281232.837506738        353148.802735488        266006.322903950     
   315113.450658478        297991.383716573        304908.549155843     
   236483.087412544        311547.881764345        300365.458537512     
   293853.237944473        301326.647842788     
   364.379838766700     
   304.888032685709        332.720341840856        337.608414066275     
   320.898769895386        333.282770148319        337.934672489131     
   335.982273481566        334.800813727904        355.155832141772     
   312.747395636621        315.346729411014        373.138526997917     
   313.407357169220        345.951519306503        345.808536467074     
   363.562488651805        317.801709030768        330.120921861432     
   340.542016933294        320.050760751209        349.437900363432     
   350.364362897596        350.122102900298        355.590008685922     
   348.822349513578        356.798299239920        313.334682363307     
   342.074340928707        355.518896875888        373.073826145414     
   374.444458729688        338.216245078279        373.244140165631     
   391.228297950179        369.978776043896        388.517366400633     
   382.272006610793        391.438814673755        410.848489453833     
   378.204990690733        370.841680998355        375.929569776665     
   400.515638679169        406.024032768130        381.437128023231     
   366.934796296358        422.625181057988        373.994756973300     
   322.707887018151        378.476846934812        368.255249625086     
   343.384241330626        377.604872753585        374.937083065660     
   388.251063344820        385.272402694407        392.490217515893     
   371.589435327415        376.155959424259        375.456804122688     
   417.833185909646        361.078082756690        404.013785217935     
   386.142028937242        375.835300893607        423.118594264934     
   345.769871442817        369.242656159546        363.002067496519     
   384.766073714069        361.899808474934        335.351927592803     
   338.437857023997        367.529702853764        373.228469847230     
   318.201193890270        351.735421199163        391.642084472794     
   378.018705778804        384.931812209086        454.219629768120     
   442.754336656432        412.661446459971        391.886717291923     
   433.836918074079        403.377083447080        401.703329182255     
   392.572282835826        355.198857043199        354.439078705580     
   380.822029846655        374.170482753127        380.140311388382     
   362.891886153137        406.284641168283        389.300428970315     
   372.500407482727        350.354002897061        389.471468183297     
   376.862125932857        383.064258255356        371.880238211693     
   406.823129474632        408.901919515245        398.570267003667     
   399.749420020140        374.160219749475        366.017688007353     
   347.395439200099        349.315416599793        355.895048573431     
   367.263637666233        402.011722853399        408.908053924823     
   384.397029880106        390.204007573077        413.454535816139     
   393.500268496434        377.058112891722        390.957248001888     
   422.393037666425        401.634975260959        384.040294121140     
   430.860586227104        422.298977702574        415.108777674443     
   474.263808063969        401.360390391614        409.948944192436     
   416.147582226568        410.950009821822        481.031197652166     
   442.993781508041        416.776816792142        384.266940609364     
   401.578597883555        394.744968265829        406.774943812289     
   421.975154037121        406.073517610392        423.507464868985     
   400.607641698589        366.741121048108        433.753928429645     
   442.229336187180        428.928515194521        425.265063445398     
   448.878786387171        454.485217462848        456.137612808471     
   472.821157369327        426.411754317258        367.839172870265     
   402.503357371046        383.369467098711        430.973401198260     
   427.793313176899        367.519873937512        413.516968004925     
   353.703868883836        359.456617016410        328.178079425020     
   347.570266920859        393.469576298584        366.538279726251     
   308.828464709834        316.534187112342        326.364035343874     
   344.462078335524        365.195404343551        359.978521472963     
   402.544757783326        388.871666889157        365.324981555985     
   398.765642335494        399.523139073547        405.453130314751     
   354.600389130270        356.280662659398        375.492707998617     
   374.217374700186        368.828922729838        355.557738706421     
   380.143268679635        336.891924914230        356.488167996275     
   379.198898835181        382.623822105438        353.255923795209     
   382.805961935849        380.588492944077        349.616218790963     
   394.312950265864        429.229407156483        412.862455208661     
   414.838497186778        388.396127950613        363.007530221551     
   354.029201035572        360.097696509400        365.908725729100     
   391.965708708016        362.387219802508        375.482281948016     
   388.431828811567        382.366219756477        345.245033498276     
   364.232467472052        326.353274342960        383.823905461691     
   405.231587126794        399.016889091035        394.641522343065     
   366.359655973952        361.876444877575        368.037388939222     
   356.510725285523        378.611788839088        409.782994721438     
   391.532789842173        372.330141918233        426.022290745453     
   402.105729851020        401.474667380796        420.935234393904     
   392.908978585868        399.411488153270        394.161214717072     
   392.185397216891        384.470711360439        346.683065714433     
   391.636026079361        375.000143915474        336.581137149312     
   314.674376865898        399.269301834304        429.854097053341     
   424.234835455890        425.122508838942        364.515493488210     
   378.424484383438        370.443918799423        336.416399984239     
   387.450329371000        390.820892050614        330.305120507894     
   349.400722153866        316.456927405362        340.466458853799     
   366.066439936850        354.450687168429        349.753356494176     
   314.819984154347        310.848736326527        341.584958141155     
   383.299968378624        368.669922921815        372.739573716630     
   351.309050292729        335.344736357887        316.784852145346     
   368.937126352751        355.990407652389        355.252004532658     
   408.558985074606        373.636572250269        373.622520342874     
   376.111882565614        392.708723230162        395.372479277494     
   388.602308594226        386.411483462607        392.176085649060     
   354.232417547836        360.926694152261        373.153058170679     
   380.584970859919        375.149110301559        369.566068175380     
   371.881561830323        315.986463052115        344.097368479200     
   375.610578378433        389.858127143414        399.451538205173     
   384.950451471756        379.657587361999        374.894385481950     
   361.939722301384        416.179065477743        360.021434069109     
   377.167596189661        345.702943377167        350.304370030737     
   313.449066814446        329.455154422965        369.477087630471     
   330.990914653698        376.587851109751        374.293038221090     
   383.671387731682        338.246102175788        363.099572584809     
   326.219083759193        319.994417576273        380.180076416545     
   384.306098298061        367.229643946506        387.962479723270     
   340.347119545701        303.243432528151        310.691421567783     
   327.284792531004        406.055123749261        408.907766466187     
   392.134068008981        377.376147083218        370.684686179301     
   393.521249582924        372.747536274696        335.515475294844     
   355.657834465064        365.553804416506        346.888567819403     
   333.031999734547        329.698674355955        348.534304029761     
   352.896739710847        352.863808933150        337.096953781611     
   346.041053694631        364.328036511978        380.850009269293     
   355.220475690752        319.329035442187        363.087842042523     
   328.237070107160        311.037578843774        357.193322457582     
   308.185013284971        315.418005776755        334.681908836860     
   298.166284866511        348.037065891697        366.805990788306     
   364.444994344507        378.674353430838        346.562641547415     
   385.553214798492        362.364073997790        395.484072099407     
   385.608765964797        366.740406519199        357.574437316931     
   418.244097650078        416.705679137664        437.135292916485     
   422.012429081205        409.988742799579        409.424439339701     
   364.170481959741        432.602575300439        422.383686243673     
   452.248449217502        388.991748075642        462.722157385846     
   433.418579981722        442.196334640653        441.857058182270     
   397.481718343553        420.550566501872        446.269441123443     
   446.126329652511        402.363627151028        395.116963860961     
   392.162610895594        399.287845654974        430.765497185300     
   362.438748942318        368.054228690901        391.801489096865     
   395.783553443987        417.628415112319        364.430375780951     
   383.856454001076        385.650795534102        365.120863145916     
   402.128902161737        436.975611356886        401.192224993374     
   413.741980158699        413.150476920823        412.048657581732     
   391.382393706547        431.856447614397        441.912565010602     
   375.907647692278        382.956103236626        358.798566605587     
   376.333349007164        433.918513547625        384.862106825655     
   413.975732798143        405.262597155408        439.007844503006     
   409.872732778841        410.163352677786        374.697587075518     
   401.301097861598        374.348344733530        390.777030474066     
   389.307693046160        429.742833974957        435.236878829521     
   404.176973648440        385.791322547745        412.286324228855     
   416.674538911789        401.908965372131        391.486515547738     
   383.112757898262        396.890662844799        371.813153323587     
   429.022919263973        368.117257629593        342.239293384979     
   336.847793649253        346.390858581178        342.943132140866     
   337.835773618674        364.896052728907        385.667146757213     
   355.387968883750        410.426777537700        438.163437910845     
   411.693066634153        403.162703020957        406.203179729622     
   373.359984925651        382.679777197866        405.328367587042     
   400.482436207041        368.630274971215        402.733864197733     
   451.893863238643        442.300232649160        448.710452986237     
   447.548937798309        402.652093651655        424.477752833051     
   407.191636786504        366.990465054638        359.757244540766     
   416.457489463722        407.938212270119        399.032229307035     
   380.545484665304        401.121138782234        367.873927712556     
   366.174187258813        324.868489635830        363.021908702676     
   318.917963227973        381.694330996564        325.529638681513     
   372.571484566573        351.310497679163        367.806554576131     
   347.146512323923        384.583666862155        362.159082885877     
   366.990939148592        385.856672833749        383.461644223016     
   400.133037238692        378.365292816885        328.844840296992     
   319.326144044273        329.040896229682        337.824082642071     
   338.826410602925        350.209216854622        338.408586286156     
   371.530010862938        425.900037141156        401.089635193997     
   386.116688079233        353.613248379013        356.169319764643     
   391.660284821807        389.267445844596        347.957651383899     
   397.279453490008        372.523211843264        418.281187241685     
   437.580631710666        432.944476262406        435.493055973827     
   428.069712384010        422.128455838614        397.331679591364     
   388.525886150012        413.358683986849        438.901430513592     
   422.715463670310        400.632152398878        377.110048191501     
   417.675916752048        503.931684631609        436.197336850283     
   399.390507733829        421.222652588688        440.487276828169     
   463.331150752871        423.476112256577        432.572590994419     
   392.981744298022        406.495558874369        392.090493833129     
   407.792733755525        428.924282311577        424.517516727477     
   375.480333376988        381.659176079624        428.857010474386     
   436.498735369255        466.060128026851        426.508692432719     
   427.245223275258        409.779961627066        441.182009907295     
   424.636391368334        426.108497753340        421.824476498593     
   429.885689368176        413.423460174205        382.452733061133     
   408.130225445187        354.524538034934        428.959353752693     
   420.541799880508        417.911175248100        380.978022015573     
   382.435946943153        337.624043182991        385.375106619186     
   400.885405693103        432.644205505763        388.941184052855     
   403.836403372426        429.571148401603        415.336123485376     
   385.632882999238        410.802964299134        416.888164274078     
   393.834036460728        362.432541349934        408.687790048812     
   414.749894156369        392.773644918988        429.444379839945     
   399.832798995492        374.946605568330        361.947591397818     
   367.297012669596        345.835119248718        371.993883874506     
   355.756604292635        373.995293701966        374.001013200917     
   330.944910651490        377.771233200782        372.732518221068     
   388.148633449437        359.161953489145        379.712446862501     
   345.809986921372        393.649527390928        363.435329874493     
   429.879021187448        418.839072608288        426.477684707615     
   365.635745728155        334.413243773333        406.748725257559     
   378.586619612464        401.336125122850        365.168103370759     
   386.768885791233        381.946867093252        418.293106201314     
   410.205133980215        454.624468013977        413.522328527149     
   415.880353499371        408.984029338984        384.396129903181     
   485.031855531860        402.013311739261        428.463285365841     
   430.559024330876        429.784011644478        448.653408019642     
   456.234147326172        435.115681587953        403.739952929705     
   451.615444257436        386.822187815621        394.041145574336     
   399.601821012893        408.447469246834        407.113277304405     
   397.303461335422        412.776302378661        428.840937324056     
   436.413879253338        399.034210347241        396.197783435063     
   399.654543777490        444.030585932266        447.706021414772     
   400.521236970785        394.446269833369        406.368859858012     
   427.593831941320        406.947383269230        390.220809381484     
   380.245802406355        376.403584746254        371.701125620970     
   402.548162156352        381.474306378591        427.000622297966     
   398.190414310785        408.043607621770        341.665382130575     
   367.925355598890        408.946609026487        384.909781765146     
   396.479777698154        356.428430763089        403.368934573421     
   379.724191190148        366.985106330606        397.206144939266     
   387.436161060427        391.254605975199        409.905256647267     
   405.817799799503        356.661452042597        374.392076277291     
   353.898254748938        418.026929414576        375.982394411872     
   374.018368856289        370.751287123336        379.752301735113     
   407.925161950008        412.573673713857        383.376966725013     
   382.533566313775        352.433981187844        411.869153912478     
   399.944133838933        365.331608652166        345.396685081547     
   344.533758293084        351.802106451226        385.279144610152     
   361.813656744722        343.685739085218        352.432904061794     
   399.968557634873        357.200875865300        362.996525042132     
   376.131853583983        379.757681010532        370.833898852680     
   344.141483602691        364.472117696295        372.662718474346     
   359.156559508456        397.036494870387        368.638095975388     
   352.181762108496        376.952887975162        369.390119737291     
   284.005928732974        318.914366628955        295.423742120582     
   272.800544113592        305.125609205246        359.802030219650     
   315.472074800911        373.479155403545        344.036557073186     
   277.134356417104        292.808999889119        300.139305669957     
   305.158673812927        322.553355818560        364.949923075812     
   335.206426129452        320.918458699306        340.291675209997     
   331.981396875727        320.271338906465        320.658270026538     
   329.977875823619        315.768864967095        341.639767773889     
   352.307667895914        326.405079241446        320.424512938177     
   335.722479530880        339.057918272851        360.953152699470     
   324.904754998670        370.241212971196        368.740863724571     
   335.657146919863        396.281801795398        367.311856683851     
   371.867765381215        347.454254103854        372.936032045344     
   352.845848418776        381.445516927039        393.563969262337     
   346.277730614857        352.331349918455        369.627598899801     
   345.538895882563        405.348402073115        436.236277434452     
   398.191708428511        398.336706955762        364.627826657975     
   388.251182574959        368.468149421215        364.323123175305     
   414.745365609657        384.911790263689        384.355840176230     
   427.786187002189        408.859854494747        387.149592012031     
   410.630248100972        398.999251991933        410.975923989397     
   408.263741447930        400.369558748083        436.695698945922     
   359.184452505054        363.763658547362        349.627702646980     
   368.462466863380        372.884697617163        366.010655510275     
   399.337437154743        389.740676195918        368.454893715107     
   364.787465114825        393.697241179392        396.882568219743     
   426.620937561066        398.834102013562        409.163905621700     
   412.416060048625        418.287291710759        386.714487232398     
   405.016480040712        407.933260900756        396.182103023541     
   394.085943297010        385.998475275623        397.952524996312     
   418.135636082817        339.266753141710        362.940724109852     
   334.389390381670        367.254270819890        391.636560555677     
   367.086658731630        367.204874488018        329.666412718924     
   374.377299553269        353.926004238863        340.539285219745     
   345.354821942482        359.016243623534        394.988312137075     
   383.304610143621        386.744589268629        403.606534055761     
   369.158985035833        370.086278449240        364.491610836214     
   364.011150398002        363.716884426393        374.742590149138     
   356.552328184455        380.365154187162        412.889219837646     
   408.663471442700        384.744064405468     
   187298.000000000     
   649.306603781978        123.441248516214        2614.34285004393     
   1130.68050143946        1275.66290542354        7.85364412173175     
   1.99159396388413        3.86106188281310        207.341841400408     
   20.8365821315802        5.43930615607976        553.390686936426     
   43.5896037378413        2.21705743149365        1709.64250332727     
   1355.87153402562       0.883065248137302        1.71915894052262     
   214.650615475417        2.06674845308730        898.744353447314     
   177.308228652590        521.553366447731        150.797482586170     
   377.463422022945        197.149013802228        40.8370705707750     
   412.823609193038        7.82546118828056        167.575722300779     
   2.47070383255437       0.563658669023810        523.582537656217     
   8.45488003535715        3.20346010228532        1803.90502141035     
   106.296630666740        805.036099722106        109.866468903891     
   142.305025306211        1.49369547291310        418.563533305931     
   1356.20972922704        83.1208650587111        247.652830546761     
   7.12088785200080        2.98739094582619        2090.03695042914     
   107.677594405848        1924.34948466959        1760.40936078401     
   1.76613049627460        725.034145965327        193.748273165784     
   1.86007360777857        508.006769768859        92.1957696299945     
   3.10012267963095        523.404045744359        647.540473285703     
   120.885995883306        851.237321959758        5.73052980174207     
   1.70976462937222        4.63139539714564        14.5705765942655     
   725.325369610989        2574.97129201262        1103.79398292703     
   2203.07869650186        2.51767538830635        1.73794756282341     
   86.7094919181628        2.02917120848572        460.556104148205     
   7.68454652102461        252.039973853997        87.7898377004584     
   159.543586267189        4007.25615293557       0.403955379467064     
   9.21581923853929       0.864276625836508        900.115922875272     
   1.22126044955159        300.533408012345        3.40074063644365     
   99.2884745485441        148.721339821932        1088.02093450551     
   7.78788394367897        7.41211149766310        625.886586084039     
   17.9431342972579        29.6578403018028        3.02496819042778     
   155.870410607384        4.62200108599524       0.488504179820635     
   10.7283033337532        8.37972554615397        3.71075290440675     
   329.721532756628        3.89863912741468        536.161520286598     
   2.45191521025357        21.2875090667992        5.43930615607976     
   104.859301060729        108.043972540714        12.0998727617111     
   455.661668038848        4.11470828387381        119.486243521897     
   7.32756269730953        126.550765506996        2.32978916529841     
   20.9023423096329        1441.49128585034        286.817713732766     
   1346.25175940762        689.561227061428        1086.30177556499     
   128.025672357608        647.296221195793        3803.08958870400     
  0.742150580881350        2.92163076777341        1208.12720256333     
   604.336036305028        175.194508643751       0.770333514332540     
   194.095862678349        668.198563505426        1.44672391716111     
   3.49468374794762        28.0983846508369        4463.96998382326     
   442.039916870772        524.287110992497        2582.87190769010     
   1152.01498206201        3.84227326051230        11.4798482257849     
  0.507292802121429        2.20766312034326        1792.97943754244     
   659.659134669715        303.539587580472        1.36217511680754     
   362.686170583370        1887.63651669384        158.904773108962     
   556.697484461366        1322.25868872950        7.39332287536231     
   113.915417009712        1132.07085948972        3.95500499431707     
   2497.05487533123        5.18565975501905        2.45191521025357     
   4.36835468493453        1.65339876246984        2.17948018689206     
  0.977008359641270        1.43732960601072        207.905500069432     
   1231.74450079543        2334.73057296352        36.1305206844262     
   1316.17117510405        2.69616730016389        1780.33469473400     
   30.9636495517080        9.92978688596945        381.089626126998     
   245.886700050487        47.1688362861425        6.02175344740437     
   1.24944338300278        15.0308978406349        10.6249659110988     
   1.65339876246984       0.967614048490874        299.096078406334     
  0.573052980174207        5.95599326935159        116.536429820673     
   3.99258223891865        13.2177957886083        28.9814498989742     
   503.225065393307        2931.33509119177        377.510393578697     
   3.98318792776826        552.150637864574        3096.91921952867     
   8.01334741128850        976.839262040563        6.30358278191627     
   296.869626663690        1.81310205202659        833.848452020373     
   164.099827175132        986.214784568659        90.9275376246909     
   2.27342329839603        29.9772468809163        1516.11969362909     
   2.44252089910318        1249.95067580490        107.076358492223     
   169.323064174752        231.053082744010        1.41854098370992     
   2.66798436671270        1726.95621877745        1.08034578229564     
   2.83708196741984        2.05735414193691        3.71075290440675     
   185.753714376797        205.124783968915        1414.42627542605     
   1.59703289556746        5.63658669023810        1723.04818533888     
   1.77552480742500        2.85587058972064        803.213603358929     
   5.29839148882381        11.4892425369353        15.3127271751468     
   194.574972547019        1.64400445131945        205.848145927495     
   4.72533850864960        198.088444917268        1890.68027350657     
   824.397775003074        2.94981370122460        185.913417666353     
   305.380872565950        369.609777901213        576.744944456313     
   1570.48457225644       0.554264357873413       0.854882314686112     
   88.5695655259413        2.63980143326151        928.242490459560     
   10.5216284884444        47.0091329965857        4.57502953024326     
   516.508621359968        1181.73858254187        286.911656844270     
   2269.94740327039       0.225463467609524        349.365037372108     
   921.300094519417        1557.93377255951        1.08034578229564     
   2.59282987750953        255.440714490440        323.624624820020     
   2.43312658795278        1.91643947468095        2.70556161131429     
   2.83708196741984        289.091137031162        40.0667370564425     
   491.266107298852        144.587842915758       0.488504179820635     
   264.966545996943        427.741775299868        434.383553283199     
   11.8650149829512        290.359369036465        6.88603007324088     
   1918.37470277793        217.403148642483        257.535645876979     
   73.7265539083143        33.4719306288639       0.770333514332540     
   409.732880824558        3.43831788104524        1004.56187424538     
   1465.49375083960        1187.83549047848        3.06254543502937     
   2.05735414193691        1.38096373910833        4.67836695289762     
  0.582447291324603        506.118513227629        264.797448396235     
   2.27342329839603        287.728961914354        1.42793529486032     
   213.091159824451        285.784339506222        2.53646401060714     
  0.535475735572619        2.10432569768889        1062.93812373395     
   499.504918177750        435.322984398239        254.736141154160     
   596.820587384711        655.394117407435        3436.53296192666     
   469.339785073826       0.920642492738889        1.42793529486032     
   118.387109117301        79.0343397082885        12.8326290314421     
   3.41013494759405        1084.45109626836        3.62620410405318     
   730.698915589016        67.3290280148941        1.94462240813214     
   4.99777353201111        83.2711740371175        1388.35706198370     
   900.717158788898        5.91841602475000        100.303060152787     
   860.772547777410        21.1184114660921        297.884212267933     
   30.5502998610905        2.92163076777341        378.553162116391     
   2.45191521025357        134.094397360764        3.09072836848056     
   1051.33614946321        351.638460670504        1610.84253295854     
   1.43732960601072        213.870887649934        233.204379997451     
   322.628827838078        144.014789935583        15.0778693963869     
   1.29641493875476        1.44672391716111        4.60321246369445     
   1613.40717990260       0.150308978406349        165.856563360256     
   7.68454652102461       0.103337422654365        935.316406755809     
   29.8833037694123        365.720533084949        2245.82281223617     
   1.04276853769405        359.529682036837        521.243354179768     
   5.24202562192143        50.6635200340901        2.75253316706627     
   2.84647627857024        29.5169256345468        6.01235913625397     
   995.017254116581        8.48306296880834        33.2840444058560     
   778.835365923649        505.958809938073        1606.03264564954     
   1.79431342972579        150.900820008824        236.755429612301     
  0.760939203182143        3.06254543502937        2.48009814370476     
   1257.73855974858        305.014494431084        1.41854098370992     
   413.593942707371        3.46650081449643        4.79109868670238     
   757.181478721984        34.3174186323996        32.5043165803730     
   1962.19916429454        670.594112848777        2.05735414193691     
   624.825028924044        28.9532669655230        166.551742385385     
   136.508735326416        31.0763812855127        405.993944986700     
  0.591841602475000        1649.87589578844        53.2657442227500     
   357.725974295961        1.91643947468095        38.3006065601679     
   112.788099671664        698.833412166870       0.873670936986905     
   320.580868007292        475.897014256803        5.31718011112461     
   441.870819270065        1.91643947468095       0.713967647430159     
   531.699222490160        2.56464694405833        227.887199886326     
   680.345407822889        474.544233451145        1.26823200530357     
   1633.46403420870        1.92583378583135        45.4402830344695     
   3517.45555817618        1037.48893482753        1301.36574073102     
   40.9404079934294        334.033521574660        1903.17470733659     
   1735.96536317068        5.56143220103492       0.864276625836508     
   233.702278488422        1090.02192278054        55.8961513448611     
   2.75253316706627        1083.72773430978        3.24103734688691     
   1106.58409333869        270.001896773555        11.2543847581754     
   196.801424289663       0.892459559287699        3.66378134865476     
   5.42991184492937        1706.06327077897        2550.33001386513     
   239.836763669631        2242.52540902238        103.741378033832     
   2.66798436671270        3.18467147998453        800.921391438232     
   583.518242795749        8.92459559287699        2.35797209874960     
   1958.77024072464        295.667154836439        1742.02469386269     
   1006.31861043051        2.87465921202143        418.525956061329     
   2.17008587574167        342.338092631611        2.73374454476548     
   160.605143427184        2.13250863114008        456.854745554948     
   38.8736595403421        922.258314256758        2.32039485414802     
   224.298573026875        318.983835111724        436.703948137347     
   3.31619183609008        14.0351008586929        5.07292802121429     
   4.00197655006905        1.70976462937222        253.843681594873     
   4675.44532212985        27.7883723828738        631.983494020646     
   78.2358232605048        1.74734187397381        2.01038258618492     
   1.00519129309246        1009.60661933315        33.9698291198349     
   3.03436250157818        11.9683524056056        813.669471669321     
   4.10531397272342        79.5979983773124        531.830742846265     
   1.60642720671786        3.56983823715080        684.441327484462     
   1230.01594754376        716.128338994750       0.742150580881350     
   2.86526490087103        62.6506610619965        1030.62169337658     
   1175.15317042544        230.367298030031        1555.60398339421     
   2587.86968122212        146.128509944423        114.366343944931     
   75.1638835143251        986.712683059630        400.817679542831     
   1100.64688869164        901.628406970486        892.046209597081     
   552.113060619972        134.357438072975        24.3030829460766     
   117.363129201908        1488.59436195843        1.44672391716111     
   1.51248409521389        3.68256997095556        5.24202562192143     
   13.5559909900226        343.061454590191        5.31718011112461     
   67.5075199267516        1360.00503093180        797.041540933118     
   1350.71405720406        1.37156942795794        4.22744001767857     
   1103.96308052773        1323.01023362154        1.33399218335635     
   1725.34979157073        1052.41649524551        1.32459787220595     
   368.444883318564        2.42373227680238        1125.56999617365     
   162.822200858678        563.245319333192        2028.90816777350     
   160.436045826477        5.09171664351508        1457.22675702726     
   1.08974009344603        2226.45174264405        1.50308978406349     
   529.895514749284       0.338195201414286       0.939431115039683     
  0.385166757166270        1270.35511962356        792.851678160041     
   2084.10914009324        1.80370774087619        257.216239297865     
   1.87886223007937        1.61582151786825        535.043597259701     
  0.920642492738889       0.563658669023810        183.170278810437     
   344.658487485759        517.955345277129        248.263460771537     
   411.545982876584        1.29641493875476        2.67737867786310     
   7.06452198509842        14.5517879719647        1336.39712701085     
   1681.50654143183        4.29320019573135        722.441316087817     
   483.581560777827        290.331186103014        418.460195883276     
   135.005645542353        104.361402569758        1.24004907185238     
   171.690430584652        196.707481178159        7.95698154438612     
   330.980370450781        129.416030407867        2.48949245485516     
   438.780090901585        389.666632207310        1916.01673067919     
   2524.89961358101        2.60222418865992        7.36513994191112     
  0.563658669023810        2.13250863114008        17.0506747379702     
   382.000874308586        4126.97725423623       0.131520356105556     
   5.21384268847024        491.998863568583        17.8585854969044     
   80.4716693142993        2.18887449804246        1.76613049627460     
   257.413519832024        1915.79126721158       0.704573336279762     
   11.3765108031306        1412.07769763845       0.723361958580556     
   703.492990497467        264.027114881903        2135.84361159847     
   2205.86880691353        5113.53023400630        441.523229757501     
  0.356983823715080        45.1678480111080        1.45611822831151     
   1627.58319542855        676.991638742197        190.535418752349     
   289.992990901600        82.2941656774762        1.25883769415318     
   3.20346010228532        110.120115304952        2397.86973820534     
   262.890403232705       0.798516447783731        886.503566018347     
   153.211820551822        1106.64985351675        1291.53929126771     
   1.04276853769405        2099.73187953635        1024.28992766122     
   4710.48610272083        2115.93706627078        2476.36860217806     
   747.073199924158        664.685091135177        1.50308978406349     
   723.061340623743        26.1725508650056        655.694735364248     
   1.31520356105556        802.819042290612        17.2385609609782     
   260.278784732895        2.50828107715595        1374.49105872571     
   314.446382826083        1868.88547163764        373.254770627567     
   3.72954152670754        303.492616024720        1060.70227768016     
   2.67737867786310        435.435716132043        4.51866366334088     
   796.318178974538        3.86106188281310        14.5987595277167     
   1255.24906729372        352.746989386251        1199.22139559276     
   1.93522809698175        2.75253316706627        207.398207267311     
   55.4921959653941       0.178491911857540        2.94981370122460     
   735.349099608462        2.16069156459127        302.665916643485     
   1178.95786644135       0.920642492738889        292.764312690967     
   25.7216239297865        2315.23737732645        40.1137086121945     
   103.187113675959        331.825858454317        17.4170528728357     
   5.42051753377897        532.394401515289        1012.61279890127     
   28.4083969188000        167.012063631755        28.0232301616337     
   1626.76589035847        702.431433337472        447.742263739063     
   171.878316807660        2.26402898724564        6.48207469377381     
   619.282385345309        196.979916201521        451.453016643470     
   3.02496819042778        125.677094570009        100.040019440576     
   140.830118455599        17.3982642505349        6.57601780527778     
  0.930036803889286        1588.64377571016       0.591841602475000     
   3.41013494759405        7.30877407500873        1795.17770635163     
   3.07193974617976        543.141493471343        48.0049299785278     
   43.5426321820893        339.867388799057        6.59480642757857     
   3453.54605942003        26.0128475754488        21.7572246243191     
   119.382906099243        794.476893989060        2318.63811796289     
   1053.19622307099        39.7097532327274        4173.99578154397     
   429.630031841098        118.048913915887        308.584332668235     
   76.9957741886524        212.818724801090        3.00617956812699     
   3.97379361661786        24.9043188597020        2.68677298901349     
   21.5787327124615        10.1082787978270        157.627146792508     
   6.77329833943611        2.94041939007421        57.4931842404286     
   175.307240377555        405.326948895022       0.760939203182143     
   7503.40541342266        689.974576752046        842.566372767941     
   1571.49915786068        742.751816794975        196.284737176391     
   68.5784713978969        70.4667279391266        2.51767538830635     
   530.590693774413        2686.54752554588        8.02274172243889     
   10.6343602222492        86.3431137832973        1.87886223007937     
   1.07095147114524        252.528478033817        790.042779126073     
   1.19307751610040       0.807910758934127        366.237220198220     
   273.224145498141        522.934330186840        186.909214648295     
   949.389084859104        1344.37289717754        9.14066474933612     
  0.573052980174207        1.51248409521389        1.92583378583135     
   729.778273096277        18.3658782990258        13.8847918802865     
   264.271366971813        3.06254543502937        20.6111186639706     
   365.232028905128        12.8702062760437        1726.69317806524     
   20.8083991981290        719.594839809247        232.424652171968     
  0.666996091678175        1.35278080565714        59.1935545586504     
   529.895514749284        1.99159396388413        788.520900719708     
   3.93621637201627        351.807558271211        2.20766312034326     
   94.4034327503378        4.72533850864960     
 ------
  0.000000000000000E+000  0.000000000000000E+000  0.000000000000000E+000
  0.000000000000000E+000  0.000000000000000E+000
  0.000000000000000E+000  0.000000000000000E+000  0.000000000000000E+000
  0.000000000000000E+000  0.000000000000000E+000
