  -3.86666666666667       1.531229148685558E-003
  -3.60000000000000       4.272326640133489E-003
  -3.33333333333333       6.966460678521457E-003
  -3.06666666666667       9.782058526526338E-003
  -2.80000000000000       1.260702565966181E-002
  -2.53333333333333       1.551037987778085E-002
  -2.26666666666667       1.850777448314176E-002
  -2.00000000000000       2.164087477892370E-002
  -1.73333333333333       2.465456456413891E-002
  -1.46666666666667       2.840199136728552E-002
  -1.20000000000000       3.202668833704851E-002
 -0.933333333333333       3.519738280075981E-002
 -0.666666666666667       3.846794419806786E-002
 -0.400000000000000       4.265517063559771E-002
 -0.133333333333333       4.752018435165497E-002
  0.133333333333333       4.134798868448236E-002
  0.400000000000000       3.838905708689071E-002
  0.666666666666667       3.557888860131390E-002
  0.933333333333333       3.276060266923294E-002
   1.20000000000000       3.013447573945563E-002
   1.46666666666667       2.774973379491070E-002
   1.73333333333333       2.515758382230076E-002
   2.00000000000000       2.236288423215908E-002
   2.26666666666667       1.937651502705214E-002
   2.53333333333333       1.643409138641844E-002
   2.80000000000000       1.332821237476309E-002
   3.06666666666667       1.066534593175605E-002
   3.33333333333333       7.772772420221793E-003
   3.60000000000000       4.850825029529060E-003
   3.86666666666667       1.805686788394814E-003
   4.00000000000000       0.000000000000000E+000
