        4836        2748          26          59
  0.228636085987091       0.456233084201813       0.999999821186066     
  0.370075821876526       0.560723781585693       0.495757520198822     
  0.454056382179260       0.771612584590912       0.714162290096283     
  0.364312887191772       0.423304796218872       0.367633223533630     
  0.502757608890533       0.266215503215790       0.774228334426880     
  0.355858743190765       0.490716934204102       9.442281723022461E-002
  0.383014380931854       0.196918547153473       0.116628825664520     
  0.949219286441803       0.214627087116241       0.371081173419952     
  0.893797278404236       0.453273296356201       0.397820055484772     
  0.378068268299103       0.948240160942078       0.589601278305054     
  0.354958415031433       0.331513226032257       0.464420258998871     
  0.671940863132477       0.718705236911774       0.433723568916321     
  8.420318365097046E-002  0.988128364086151       0.688752233982086     
  0.277976930141449       0.970893025398254       0.872922539710999     
  0.873107135295868       4.344683885574341E-002  2.384132146835327E-002
  0.737105786800385       0.613758683204651       0.148560047149658     
  0.506565451622009       0.113480091094971       0.423166275024414     
  0.261087894439697       0.341335356235504       0.943990290164948     
  0.197139859199524       0.284976184368134       0.520211637020111     
  8.502525091171265E-002  0.860176026821136       0.395111620426178     
  0.134800732135773       0.446300983428955       0.429178297519684     
  0.334919035434723       0.376260578632355       0.869790613651276     
  0.633402764797211       0.568935394287109       0.468830466270447     
  0.516864478588104       0.968742907047272       0.496700286865234     
  0.389829516410828       0.531584560871124       0.311665892601013     
  0.924788594245911       0.512927770614624       0.156199872493744     
  0.541821599006653       0.799759447574615       0.255840241909027     
  0.802122354507446       0.770756125450134       0.914287686347961     
  0.652465283870697       0.219014108181000       0.917146444320679     
  0.799535334110260       0.957447528839111       0.440169990062714     
  0.193483054637909       0.239823222160339       0.192786812782288     
  0.420560419559479       0.739329576492310       0.391439080238342     
  4.465872049331665E-002  0.606377780437469       0.155272781848907     
  5.403608083724976E-002
