        4836        2740          36          69
  0.219428300857544       0.456233084201813       0.999999821186066     
  0.745328783988953       0.880842387676239       1.815837621688843E-002
  0.558282375335693       0.386930823326111       0.923165738582611     
  0.636872231960297       0.428128778934479       0.140914320945740     
  0.934488117694855       0.340367317199707       0.253307580947876     
  0.626957893371582       0.905379533767700       0.464092016220093     
  0.797174692153931       2.859741449356079E-002  0.372901022434235     
  0.770429432392120       7.459902763366699E-002  0.463565528392792     
  0.871483683586121       0.420259535312653       0.248537182807922     
  0.509589672088623       8.196884393692017E-002  0.702022314071655     
  0.454060852527618       0.451403260231018       0.419819355010986     
  4.620438814163208E-002  0.473416447639465       0.479904115200043     
  0.252259135246277       0.532378017902374       0.928556561470032     
  0.790245115756989       0.343060493469238       0.315850436687469     
  0.322522401809692       0.682312428951263       5.021148920059204E-002
  6.675916910171509E-002  0.576522827148438       0.378948271274567     
  0.347678124904633       0.516775906085968       0.442637503147125     
  1.164680719375610E-002  0.507429182529449       3.811919689178467E-002
  0.523914098739624       0.298088669776917       0.655139684677124     
  0.575275242328644       0.755443394184113       0.867469251155853     
  0.785345733165741       8.113801479339600E-003  0.845189988613129     
  0.268949270248413       0.386763870716095       0.878538608551025     
  0.887641251087189       8.998191356658936E-002  0.663030147552490     
  0.388848662376404       4.220718145370483E-002  0.640029251575470     
  0.555537700653076       0.971568048000336       0.791786551475525     
  0.933259487152100       0.705895602703094       0.122636497020721     
  0.648151457309723       2.044779062271118E-002  0.261990547180176     
  0.836343884468079       0.505034565925598       0.311227858066559     
  3.040647506713867E-002  0.847001194953918       0.335089504718781     
  0.394162356853485       0.118262171745300       0.991676628589630     
  0.116127192974091       0.549972832202911       0.229533076286316     
  0.425257623195648       0.841515064239502       0.431251764297485     
  0.775082290172577       0.949237227439880       0.888808429241180     
  0.924569129943848     
