  -4.06000000000000       1.180555510028719E-003
  -3.78000000000000       4.791061769577320E-003
  -3.50000000000000       1.069947005244161E-002
  -3.22000000000000       1.579819505787771E-002
  -2.94000000000000       1.988407994932295E-002
  -2.66000000000000       2.371986378112267E-002
  -2.38000000000000       2.650525855558838E-002
  -2.10000000000000       3.091791899852721E-002
  -1.82000000000000       3.451671333401676E-002
  -1.54000000000000       3.793236406581376E-002
  -1.26000000000000       4.509241988125749E-002
 -0.980000000000000       4.818507569638765E-002
 -0.700000000000000       5.140879888144781E-002
 -0.420000000000000       5.452878788198499E-002
 -0.140000000000000       5.941492859550319E-002
  0.140000000000000       5.849713524983766E-002
  0.420000000000000       5.478926557764435E-002
  0.700000000000000       4.893954561753748E-002
  0.980000000000000       4.314095271053452E-002
   1.26000000000000       3.979793843083448E-002
   1.54000000000000       3.524124384490027E-002
   1.82000000000000       3.258858957237301E-002
   2.10000000000000       2.834975789242592E-002
   2.38000000000000       2.530697428139336E-002
   2.66000000000000       2.117289031785897E-002
   2.94000000000000       1.598117778349253E-002
   3.22000000000000       1.221616421808806E-002
   3.50000000000000       1.014946008028411E-002
   3.78000000000000       6.950608646041645E-003
   4.06000000000000       3.247356174679309E-003
   4.20000000000000       0.000000000000000E+000
