  -4.06000000000000       1.163019521601200E-003
  -3.78000000000000       6.656326615905745E-003
  -3.50000000000000       9.375536372999696E-003
  -3.22000000000000       1.133784200927871E-002
  -2.94000000000000       1.754235162968987E-002
  -2.66000000000000       2.168001453322866E-002
  -2.38000000000000       2.650810172054511E-002
  -2.10000000000000       3.290899471160721E-002
  -1.82000000000000       3.669035379106720E-002
  -1.54000000000000       4.173888706415773E-002
  -1.26000000000000       4.692296192309151E-002
 -0.980000000000000       4.963553247849455E-002
 -0.700000000000000       5.118364326219413E-002
 -0.420000000000000       5.707143837231302E-002
 -0.140000000000000       5.907433447183989E-002
  0.140000000000000       6.082970075805992E-002
  0.420000000000000       5.493837527878793E-002
  0.700000000000000       5.019707194214551E-002
  0.980000000000000       4.957916952022437E-002
   1.26000000000000       4.376524870193606E-002
   1.54000000000000       3.958645085035466E-002
   1.82000000000000       3.354908049790829E-002
   2.10000000000000       2.793159574234785E-002
   2.38000000000000       2.488414947414355E-002
   2.66000000000000       1.975086977735292E-002
   2.94000000000000       1.670152659437978E-002
   3.22000000000000       1.478241089714296E-002
   3.50000000000000       1.271431713445033E-002
   3.78000000000000       8.065400572660251E-003
   4.06000000000000       4.191514206142830E-003
   4.20000000000000       0.000000000000000E+000
