  -4.39833333333333       9.461185570437303E-004
  -4.09500000000000       3.715321569641173E-003
  -3.79166666666667       6.750990293390910E-003
  -3.48833333333333       1.137097682092179E-002
  -3.18500000000000       1.448063318990770E-002
  -2.88166666666667       1.854024570852631E-002
  -2.57833333333333       2.249664218488836E-002
  -2.27500000000000       2.516278113909416E-002
  -1.97166666666667       2.818289051467380E-002
  -1.66833333333333       2.990818285214992E-002
  -1.36500000000000       3.269277423106943E-002
  -1.06166666666667       3.463047351874789E-002
 -0.758333333333333       3.740282069755065E-002
 -0.455000000000000       4.389049894498613E-002
 -0.151666666666667       4.892604735514536E-002
  0.151666666666667       4.849598051240973E-002
  0.455000000000000       4.446422853602732E-002
  0.758333333333333       4.256727992212767E-002
   1.06166666666667       3.753006918844599E-002
   1.36500000000000       3.438522855473357E-002
   1.66833333333333       3.097821575405254E-002
   1.97166666666667       2.674021217399660E-002
   2.27500000000000       2.407931666313017E-002
   2.57833333333333       2.175509391001260E-002
   2.88166666666667       1.964186275735540E-002
   3.18500000000000       1.717012066536020E-002
   3.48833333333333       1.579455270003203E-002
   3.79166666666667       1.354882011414857E-002
   4.09500000000000       7.186538054254839E-003
   4.39833333333333       2.457674085499531E-003
   4.55000000000000       0.000000000000000E+000
