  -4.39833333333333       1.990775619059708E-003
  -4.09500000000000       4.336507718468766E-003
  -3.79166666666667       6.558837712527915E-003
  -3.48833333333333       9.012786322631257E-003
  -3.18500000000000       1.216090883746904E-002
  -2.88166666666667       1.553493251536808E-002
  -2.57833333333333       1.891912604481326E-002
  -2.27500000000000       2.237909435735292E-002
  -1.97166666666667       2.553623038493131E-002
  -1.66833333333333       2.846484124985125E-002
  -1.36500000000000       3.059487662907697E-002
  -1.06166666666667       3.271310153930598E-002
 -0.758333333333333       3.550212155559849E-002
 -0.455000000000000       3.844915477550579E-002
 -0.151666666666667       4.233665712410817E-002
  0.151666666666667       4.044732799794964E-002
  0.455000000000000       3.792814013609116E-002
  0.758333333333333       3.542607498346851E-002
   1.06166666666667       3.293913118445674E-002
   1.36500000000000       2.995474920945434E-002
   1.66833333333333       2.628605680089635E-002
   1.97166666666667       2.302703447634118E-002
   2.27500000000000       1.997559473385527E-002
   2.57833333333333       1.698930529398562E-002
   2.88166666666667       1.421208092183335E-002
   3.18500000000000       1.214466573638442E-002
   3.48833333333333       9.344541902587454E-003
   3.79166666666667       6.931475305040567E-003
   4.09500000000000       4.638292380238706E-003
   4.39833333333333       1.351384500642305E-003
   4.55000000000000       0.000000000000000E+000
