  -4.39833333333333       5.262195523657077E-003
  -4.09500000000000       1.174639989333409E-002
  -3.79166666666667       1.451010353976179E-002
  -3.48833333333333       1.715775348730749E-002
  -3.18500000000000       2.268327679154468E-002
  -2.88166666666667       2.688120714477257E-002
  -2.57833333333333       3.239047431864688E-002
  -2.27500000000000       3.699513090042410E-002
  -1.97166666666667       4.122113268406339E-002
  -1.66833333333333       4.594431906404940E-002
  -1.36500000000000       4.981413934235374E-002
  -1.06166666666667       5.219060258536908E-002
 -0.758333333333333       5.525472167403258E-002
 -0.455000000000000       5.964306944831570E-002
 -0.151666666666667       6.201528025987849E-002
  0.151666666666667       5.671174464311318E-002
  0.455000000000000       5.206612476595136E-002
  0.758333333333333       4.740898564409531E-002
   1.06166666666667       4.581273591612869E-002
   1.36500000000000       4.195424648365675E-002
   1.66833333333333       3.787920601658265E-002
   1.97166666666667       3.172537250817105E-002
   2.27500000000000       2.692354306043616E-002
   2.57833333333333       2.238980519307314E-002
   2.88166666666667       1.789180928120996E-002
   3.18500000000000       1.519751715830190E-002
   3.48833333333333       1.300869918166069E-002
   3.79166666666667       9.433077183152045E-003
   4.09500000000000       3.078356659792579E-003
   4.39833333333333       2.825713786090061E-004
   4.55000000000000       0.000000000000000E+000
