  -4.39833333333333       8.456159491640677E-004
  -4.09500000000000       3.166538261598090E-003
  -3.79166666666667       5.664794619100590E-003
  -3.48833333333333       7.618624034678006E-003
  -3.18500000000000       1.034150463589125E-002
  -2.88166666666667       1.260342423583100E-002
  -2.57833333333333       1.455806338056457E-002
  -2.27500000000000       1.664441286824488E-002
  -1.97166666666667       1.909437778524398E-002
  -1.66833333333333       2.124811958584555E-002
  -1.36500000000000       2.355636846103064E-002
  -1.06166666666667       2.644752489235396E-002
 -0.758333333333333       2.942644118076686E-002
 -0.455000000000000       3.177212574996775E-002
 -0.151666666666667       3.502841627276163E-002
  0.151666666666667       3.308703182313597E-002
  0.455000000000000       3.056478933930259E-002
  0.758333333333333       2.802187692281932E-002
   1.06166666666667       2.594328201975473E-002
   1.36500000000000       2.345421491221931E-002
   1.66833333333333       2.119514112387814E-002
   1.97166666666667       1.956137311666039E-002
   2.27500000000000       1.733297159996435E-002
   2.57833333333333       1.495524393133531E-002
   2.88166666666667       1.301508583499593E-002
   3.18500000000000       1.077920188331756E-002
   3.48833333333333       8.220797096962922E-003
   3.79166666666667       5.703486905250810E-003
   4.09500000000000       3.674463553928178E-003
   4.39833333333333       1.229145339928879E-003
   4.55000000000000       0.000000000000000E+000
