        4836        2752          15          48
  0.667486310005188       0.456233084201813       0.999999821186066     
  0.138742983341217       0.910106062889099       0.272101223468781     
  0.357910871505737       0.945239424705505       0.740251719951630     
  0.997468948364258       0.532966136932373       0.854808390140533     
  0.287392020225525       1.006531715393066E-002  8.147633075714111E-002
  2.083837985992432E-003  0.777232170104980       0.284805774688721     
  9.180843830108643E-002  0.326462268829346       0.890363633632660     
  0.290433883666992       0.243749141693115       0.452326714992523     
  0.211450636386871       0.474022984504700       0.310898184776306     
  0.475735902786255       0.272378802299500       0.864834904670715     
  0.361680090427399       0.134191513061523       0.813896775245667     
  0.963713049888611       0.681375324726105       0.923201799392700     
  0.854070425033569       0.990592479705811       0.890634834766388     
  0.852507114410400       0.753698825836182       0.120574235916138     
  0.377467334270477       0.589195013046265       4.752928018569946E-002
  0.418108522891998       0.135436356067657       0.276907026767731     
  0.869738459587097       0.194451034069061       0.445157349109650     
  0.494769155979156       0.795724749565125       0.831430912017822     
  0.824942946434021       0.817014515399933       9.062540531158447E-002
  0.954672217369080       0.469853758811951       0.432908117771149     
  1.708424091339111E-002  0.866726160049438       0.356007874011993     
  0.931494235992432       5.021971464157104E-002  0.100423336029053     
  0.142001569271088       0.146801352500916       0.301311433315277     
  0.870637118816376       0.988839328289032       0.442296385765076     
  0.131287872791290       0.762470006942749       0.168496608734131     
  0.318511724472046       0.597081661224365       0.924838662147522     
  0.563230216503143       0.580294847488403       0.158250093460083     
  0.245271563529968       0.811626672744751       0.651158511638641     
  0.921494245529175       0.251611411571503       0.975060105323792     
  0.334582388401031       0.327025532722473       2.566838264465332E-002
  0.215645790100098       0.850534975528717       0.187746047973633     
  0.156841039657593       0.331001818180084       0.186018705368042     
  0.511710226535797       0.699269950389862       0.891204535961151     
  0.238231122493744     
