        4836        2751          66           2
  2.548444271087646E-002  0.456233084201813       0.999999821186066     
  0.979694366455078       0.859037816524506       0.184220373630524     
  0.650788187980652       9.127736091613770E-002  0.683568239212036     
  0.621836900711060       0.509090602397919       0.886699914932251     
  0.219969213008881       0.693570613861084       0.395906269550323     
  0.228335142135620       0.106693923473358       0.642347157001495     
  4.683452844619751E-002  0.241816759109497       0.696414828300476     
  0.718992590904236       0.581544995307922       0.740802168846130     
  0.446699976921082       0.779025375843048       0.808547556400299     
  0.627276957035065       1.473188400268555E-003  0.722154736518860     
  0.377119064331055       0.502691745758057       0.573314845561981     
  0.593367397785187       0.207753896713257       0.827629029750824     
  9.823995828628540E-002  0.953087806701660       0.389260113239288     
  0.976379871368408       0.675117611885071       0.139888048171997     
  0.857706546783447       0.376628577709198       4.585355520248413E-002
  4.239189624786377E-002  0.281225442886353       0.250671505928040     
  0.371464848518372       0.555089533329010       0.947014033794403     
  0.877321779727936       0.635192811489105       0.902200639247894     
  0.150173664093018       0.947430729866028       0.196907758712769     
  0.504127442836761       0.697175621986389       0.148667216300964     
  0.606441080570221       0.456272184848785       0.280212402343750     
  0.782450735569000       0.223969578742981       0.800302445888519     
  0.137684166431427       0.660274863243103       0.230514705181122     
  4.834443330764771E-002  5.001425743103027E-003  0.460746109485626     
  8.972418308258057E-002  0.392648220062256       0.881143033504486     
  0.558714509010315       0.131579458713531       0.550743401050568     
  0.424529552459717       0.548825740814209       0.575841665267944     
  0.256370186805725       0.320251762866974       0.210293352603912     
  0.593669354915619       0.599569857120514       0.557321131229401     
  0.788361728191376       0.108667075634003       0.379587054252625     
  0.475424885749817       0.737819671630859       0.705883383750916     
  9.723502397537231E-002  0.614090204238892       0.627536177635193     
  0.804472744464874       0.899289727210999       0.167202055454254     
  0.721068263053894     
