        4836        2751          42          75
  0.137890219688416       0.456233084201813       0.999999821186066     
  0.120826065540314       0.348779916763306       4.231667518615723E-002
  0.842365801334381       0.294342398643494       0.817100346088409     
  0.379436135292053       0.260374784469604       0.986701905727386     
  0.146574676036835       7.788437604904175E-002  0.430193662643433     
  0.224932074546814       0.425274729728699       0.898443222045898     
  0.785907506942749       0.411720812320709       2.966576814651489E-002
  0.467610955238342       0.247455716133118       0.947612941265106     
  0.990123331546783       0.842894494533539       0.388156771659851     
  0.689953446388245       0.591299891471863       0.737394630908966     
  0.281124770641327       0.414315700531006       0.369224727153778     
  0.853182256221771       3.104758262634277E-002  0.296733617782593     
  0.800482153892517       0.433703064918518       0.891229689121246     
  0.926209747791290       0.171950399875641       0.921770095825195     
  0.308980703353882       0.965042710304260       0.327061533927917     
  0.600449204444885       0.763353586196899       0.469892501831055     
  0.456145942211151       0.583439469337463       0.938205420970917     
  0.243807733058929       0.358048498630524       0.665393412113190     
  0.553831458091736       0.211097240447998       0.508299469947815     
  0.807695865631104       0.760225117206573       0.296059310436249     
  6.206804513931274E-002  0.283146142959595       0.404972195625305     
  0.495315849781036       0.854303359985352       0.792983472347260     
  0.578122138977051       0.733720839023590       0.847754061222076     
  0.789500832557678       0.787639737129211       0.237135529518127     
  0.923529148101807       0.788233697414398       0.799969673156738     
  0.754774808883667       0.458808124065399       0.841610789299011     
  0.190377295017242       0.820740759372711       0.953900396823883     
  0.184487998485565       1.099795103073120E-002  0.765400588512421     
  0.992446482181549       2.379947900772095E-002  0.766776978969574     
  0.448969602584839       0.449261248111725       6.408798694610596E-002
  0.112874448299408       0.493508636951447       0.411635458469391     
  0.851067781448364       1.327556371688843E-002  0.288739502429962     
  0.496698021888733       0.209438681602478       0.538295984268188     
  3.965634107589722E-002
