        4836        2741          19          52
  0.428861796855927       0.456233084201813       0.999999821186066     
  0.976802587509155       0.163796722888947       0.707845270633698     
  0.846806406974792       8.362001180648804E-002  1.625621318817139E-002
  0.614032506942749       0.187467813491821       5.454540252685547E-003
  0.307326972484589       0.625835835933685       0.287680387496948     
  8.606749773025513E-002  0.535572946071625       0.888740062713623     
  0.499203622341156       0.898644804954529       8.817052841186523E-002
  0.754928410053253       5.904555320739746E-003  0.533581137657166     
  0.555035889148712       0.668689489364624       0.786888659000397     
  0.177952706813812       0.254586994647980       0.742368221282959     
  0.835956394672394       9.701889753341675E-002  0.992574810981750     
  0.566625177860260       0.644253790378571       0.444986283779144     
  0.788610756397247       0.127751290798187       0.934929907321930     
  0.846230030059814       0.938197970390320       0.755415678024292     
  0.476846992969513       0.847233593463898       8.050203323364258E-004
  0.287865281105042       0.588466227054596       0.441700339317322     
  0.303917050361633       0.991872370243073       0.865331053733826     
  0.882778584957123       0.653645932674408       0.175793588161469     
  5.326086282730103E-002  7.021594047546387E-002  0.379936456680298     
  0.417894542217255       0.115513265132904       0.184360802173615     
  0.477670490741730       0.811920881271362       0.530525267124176     
  7.448542118072510E-002  0.463454008102417       0.795653760433197     
  0.699379026889801       0.831701695919037       4.477554559707642E-002
  0.978292584419250       0.817650973796844       0.291917800903320     
  0.293274581432343       0.452808737754822       0.937395155429840     
  0.875295162200928       0.542112946510315       0.713934659957886     
  0.694185614585876       0.116681933403015       0.896958410739899     
  0.161072134971619       0.183422565460205       0.533020317554474     
  0.946727216243744       0.368790984153748       0.468928873538971     
  0.589697062969208       0.456553876399994       0.164508521556854     
  0.291991710662842       0.980693042278290       0.682237625122070     
  0.439445018768311       0.755939066410065       0.370325922966003     
  0.179268479347229       0.316705405712128       0.181440234184265     
  9.462964534759521E-002
