        4836        2758          89          25
  0.486138939857483       0.456233084201813       0.999999821186066     
  0.772634327411652       4.089200496673584E-002  0.572295308113098     
  0.304742097854614       0.910189747810364       0.670845806598663     
  0.923384547233582       0.536677956581116       0.471034348011017     
  0.543920278549194       0.458853065967560       0.357915043830872     
  0.984302341938019       0.477787613868713       0.879864275455475     
  0.386905074119568       0.341556370258331       0.625522255897522     
  0.416242837905884       0.672466516494751       0.476695597171783     
  0.200129985809326       0.126883745193481       0.614333987236023     
  0.886275529861450       0.783344745635986       0.930963754653931     
  0.556996524333954       0.290794968605042       0.600208759307861     
  0.571236193180084       0.314812481403351       0.670308649539948     
  0.437354803085327       0.951417088508606       0.210864603519440     
  0.996583640575409       0.373409271240234       0.966714859008789     
  0.919251978397369       0.261892020702362       0.411284685134888     
  0.145600259304047       0.612798690795898       0.402640104293823     
  0.178371787071228       0.667961657047272       8.615374565124512E-002
  0.727587223052979       0.258006930351257       0.823862791061401     
  0.560119390487671       0.365541696548462       0.550226509571075     
  0.276540935039520       0.718448936939240       0.388264119625092     
  0.331476330757141       0.156387984752655       0.838130891323090     
  0.120524883270264       3.510946035385132E-002  8.722937107086182E-002
  0.443029105663300       0.823328852653503       0.486094236373901     
  0.112547934055328       0.299088835716248       0.679815113544464     
  2.689343690872192E-002  0.201250255107880       0.194734156131744     
  0.132884085178375       8.800554275512695E-002  0.460335552692413     
  0.327328205108643       0.635089993476868       0.814441740512848     
  0.489898383617401       0.430033624172211       0.512518286705017     
  0.292392671108246       8.320569992065430E-003  0.771661102771759     
  0.337470948696136       0.663931787014008       0.842319130897522     
  0.543809056282043       0.917632043361664       0.684744298458099     
  0.526551008224487       0.997045695781708       0.367002844810486     
  0.570275068283081       0.408924639225006       0.780255734920502     
  0.804425537586212     
