        4836        2755          10          43
  0.556137919425964       0.456233084201813       0.999999821186066     
  0.186319053173065       0.328615725040436       0.359792768955231     
  0.952365219593048       0.485392749309540       0.550152659416199     
  0.533182919025421       0.263653576374054       0.540646374225616     
  0.948567688465118       0.725936233997345       0.623817682266235     
  0.908157706260681       0.146107316017151       0.674512565135956     
  1.126861572265625E-002  0.620067059993744       0.296118795871735     
  1.965147256851196E-002  0.781327784061432       0.664965629577637     
  0.112472832202911       0.749405324459076       0.702877998352051     
  0.129929602146149       5.495548248291016E-004  0.380957782268524     
  0.794693708419800       0.771884500980377       0.825132846832275     
  0.905378103256226       0.535342335700989       3.659665584564209E-003
  0.783825516700745       3.221780061721802E-002  0.877537965774536     
  0.808312416076660       0.280316531658173       0.565888702869415     
  0.682341754436493       0.483971536159515       0.966283082962036     
  0.755210161209106       0.959249973297119       0.500459671020508     
  0.963657975196838       0.967617809772491       0.893987298011780     
  0.806899726390839       0.106069684028625       0.645063102245331     
  0.719532787799835       0.498546779155731       0.825899183750153     
  0.441947460174561       4.549574851989746E-002  0.808401107788086     
  0.439256072044373       0.910403609275818       7.368248701095581E-002
  0.396937668323517       0.998571217060089       0.815949857234955     
  0.358557343482971       0.672990620136261       2.964639663696289E-002
  0.164349853992462       0.989796102046967       0.221048891544342     
  0.678642094135284       0.507265269756317       0.733894228935242     
  0.445385694503784       0.800298094749451       0.380433857440948     
  0.943792223930359       0.476520299911499       0.881906509399414     
  0.342086255550385       0.293505251407623       0.568493247032166     
  0.591183662414551       0.683495759963989       0.604767680168152     
  0.968980908393860       0.688634335994720       0.718985080718994     
  0.630652129650116       0.753958225250244       0.853720843791962     
  0.421235740184784       0.302749872207642       0.451516449451447     
  0.690733373165131       0.367835044860840       0.609964728355408     
  9.240114688873291E-002
