        4836        2753          27          60
  0.656315386295319       0.456233084201813       0.999999821186066     
  0.989722728729248       0.271755218505859       0.349585473537445     
  0.993535697460175       0.208498597145081       0.246985435485840     
  0.155949354171753       0.553047895431519       0.777813136577606     
  0.168335556983948       0.455392062664032       0.859658300876617     
  0.101866424083710       0.186375558376312       0.709285616874695     
  0.680858433246613       0.192659080028534       0.722708642482758     
  0.857552051544189       0.622244775295258       0.544527351856232     
  0.705396711826324       4.270106554031372E-002  0.138313114643097     
  5.484837293624878E-002  0.264534413814545       0.987603962421417     
  0.937250256538391       0.930364727973938       0.359526395797729     
  0.939982652664185       0.612866401672363       0.773004055023193     
  8.464932441711426E-002  0.814347088336945       0.973026037216187     
  0.245511412620544       0.585275709629059       0.706391870975494     
  0.952213704586029       0.554761171340942       0.701444208621979     
  0.583119869232178       0.648281931877136       8.208411931991577E-002
  0.941278398036957       0.919288277626038       0.640084743499756     
  0.558134853839874       0.150955319404602       9.686148166656494E-002
  1.229715347290039E-002  0.595642745494843       0.363995432853699     
  0.621608912944794       0.431520044803619       3.585159778594971E-002
  0.246579885482788       0.461344361305237       0.229737341403961     
  0.538754284381866       0.545765876770020       0.462237477302551     
  0.522000491619110       0.682687461376190       0.467431724071503     
  2.876091003417969E-002  0.678669631481171       9.925830364227295E-002
  0.641877949237823       0.858949601650238       0.908487796783447     
  0.104965209960938       1.203137636184692E-002  0.652145743370056     
  0.558716356754303       0.936300337314606       0.244010686874390     
  0.998297512531281       0.792591094970703       0.660528838634491     
  0.304432392120361       0.894493341445923       0.828473150730133     
  0.952669024467468       0.492383062839508       0.949990212917328     
  0.648439288139343       0.703231632709503       0.721421897411346     
  1.735627651214600E-002  0.365733742713928       0.851536273956299     
  0.301589787006378       0.312187552452087       0.208261072635651     
  0.209491908550262     
