        4836        2759          30          63
  7.025212049484253E-002  0.456233084201813       0.999999821186066     
  0.953472793102264       0.232181847095490       0.835092902183533     
  0.217837810516357       4.780536890029907E-002  0.550442576408386     
  0.949029028415680       9.875303506851196E-002  0.680349051952362     
  0.920621216297150       0.315417468547821       6.207573413848877E-002
  0.142798781394958       0.556323349475861       0.790604948997498     
  0.102625072002411       0.478785037994385       0.958429276943207     
  0.793957531452179       0.627925157546997       0.360055446624756     
  0.805758535861969       0.100172996520996       0.227652966976166     
  0.338232576847076       0.160835504531860       0.923712790012360     
  0.352228343486786       0.586491525173187       0.782799720764160     
  0.897366821765900       8.522331714630127E-002  0.457061946392059     
  0.210915267467499       0.159115016460419       0.349788129329681     
  7.987022399902344E-005  0.853701472282410       0.704026520252228     
  0.757782995700836       0.571594357490540       0.387404024600983     
  0.547747552394867       0.133504509925842       0.758472383022308     
  0.104404032230377       0.575023055076599       0.672188699245453     
  0.172666251659393       0.771777331829071       0.339266777038574     
  0.560634553432465       0.707742929458618       0.608624994754791     
  0.538160264492035       0.620103716850281       1.389312744140625E-002
  0.287959396839142       0.184247255325317       1.689124107360840E-002
  0.522251725196838       0.998866736888885       0.727275371551514     
  0.564646184444427       6.108057498931885E-002  0.438581049442291     
  0.704295933246613       0.678944766521454       0.250069499015808     
  0.414367794990540       0.646280050277710       0.148183584213257     
  0.548690617084503       0.851716279983521       0.518086731433868     
  0.662906229496002       0.563822031021118       0.206459343433380     
  0.401392042636871       0.799124121665955       0.484327197074890     
  0.561720609664917       0.169785439968109       0.399087905883789     
  0.211203575134277       6.916558742523193E-002  0.301798582077026     
  0.218463480472565       0.940839052200317       0.109386205673218     
  0.700373113155365       0.389018416404724       0.512237131595612     
  0.545618474483490       0.844555318355560       0.928413391113281     
  0.804423809051514     
