           3          12          12          12
   4.20000000000000        7.91500000000000       -5.20000000000000     
   54000000.0000000        996421.000000000     
        7180         138        5581
   4430256.42857156     
   6078755.00000109        6096753.33333366        6242637.61904698     
   6377690.71428576        6481814.76190508        6677650.71428589     
   6590000.71428593        6577481.90476156        6150912.14285748     
   6165383.80952477        6204771.19047602        6201826.42857155     
   6163517.38095283        6257198.09523861        6259905.00000008     
   5970732.61904753        6090248.09523846        6015828.57142910     
   5971994.99999946        6015723.33333278        5969446.90476149     
   5961113.57142837        5979123.33333351        5983527.38095228     
   6208119.76190486        6077921.66666645        6114905.95238105     
   5937555.95238095        5667999.52380943        5719342.14285644     
   5757633.33333309        5753224.52381016        5735043.80952322     
   5712173.57142850        5715260.71428595        5732447.14285716     
   5754459.99999999        5692533.09523837        5888570.95238105     
   6030172.14285687        5977336.42857226        5762509.28571430     
   5668925.71428559        5527540.47619059        5423665.95238085     
   5557012.61904780        5543785.47619083        5653833.09523840     
   5718619.28571403        5893626.90476193        5883434.04761924     
   5895018.09523756        5929214.99999967        5947905.47619025     
   6042341.42857035        6073967.85714305        5998524.04761923     
   5954125.71428593        5806829.76190399        5761831.42857163     
   5824321.42857190        5816457.85714201        5776321.42857165     
   5756065.71428480        5796680.23809510        5842026.42857111     
   5867343.09523737        5826450.23809568        5815249.76190522     
   5848717.38095264        5949313.33333266        6066565.47619110     
   6125943.09523765        6169484.76190506        6220052.38095290     
   5988189.76190447        6072822.38095180        5979525.23809425     
   6003108.09523732        6095863.80952346        6051197.14285698     
   6045804.52380954        6103301.19047571        6229451.19047579     
   6300237.85714308        6324009.99999950        6335491.66666639     
   6359974.76190484        6348450.95238023        6298241.42857182     
   6038759.76190397        6018970.95238097        5935067.38095284     
   5984209.28571366        6025596.90476191        6194159.04761840     
   6306502.85714232        6265684.76190461        6253773.09523839     
   6212197.61904683        6086347.85714291        5878494.52380888     
   5868182.14285661        5582550.71428515        5493851.90476171     
   5499599.52380979        5649736.90476282        5780808.09523813     
   5963487.85714316        5994092.14285700        5954964.28571397     
   5909019.04761871        5750605.23809558        5780615.47618978     
   5916219.76190473        5917578.57142860        5854718.57142783     
   5817235.23809424        6135901.90476280        6085031.19047533     
   5784094.04761859        5911939.76190472        6173345.95238110     
   6174848.09523795        6121319.52380917        6103661.90476192     
   6017646.66666752        6006277.85714284        5998474.52380918     
   6000777.38095200        5994244.28571443        6005130.47619114     
   5936538.57142797        5743329.52381065        5746904.04761831     
   5753983.80952324        5730402.38095264        5759230.71428633     
   2451901.32371058     
   3455755.74823541        3309252.40782448        3507373.52146439     
   3324515.90556058        3365015.51285052        3428504.11893287     
   3847117.01690044        3560775.13351589        3347557.30584069     
   3475756.26729540        3256961.94502009        3376581.86246468     
   4070780.10955592        3662716.31289527        3390075.17852809     
   3642430.61635052        3152393.76510191        3366611.36378476     
   3218420.79259818        3235791.48879838        3266971.60674003     
   3462626.50087639        3385296.33660433        3428919.33583716     
   3159652.22974733        3376131.07165841        3210264.80811495     
   3212103.70474490        3090581.93773953        3506011.58396864     
   3061157.95696422        3097582.46906324        3104530.89266611     
   3485282.10883774        3324424.63258773        3083896.82204572     
   3100686.89902652        3230846.09131716        3577882.43846360     
   3353266.01458636        3605621.54801686        3550111.22149975     
   3138184.70783165        3015335.24162067        3095409.60201130     
   3314108.96413460        3329079.23435170        3248985.82112622     
   3457874.10016823        3483046.40933131        3559914.44602524     
   3458750.84198188        3047075.51513655        3505992.37849230     
   3268846.55581431        4075598.99728887        3688266.47377772     
   3299504.25662314        3383469.25261322        2983348.33684139     
   3790567.14792484        3622651.90761351        3214392.88497702     
   3170018.63774941        2986058.04439506        3104583.30086067     
   2976381.22456416        3320424.11657567        3000762.67361228     
   3165314.10850393        3308315.34581557        3394585.91167158     
   3368900.24255187        3375745.00152150        3597788.50958944     
   3658125.18310179        3369962.71012092        3494646.33783388     
   3168670.17332407        3167650.85943078        3197767.07739954     
   3380094.64018855        3464786.95720712        3221535.05272765     
   3224638.15167454        3132487.55732475        2986686.02898267     
   3419274.82626970        3254881.53249300        3369292.34633316     
   3233843.97584105        3160384.71263926        3061855.74229364     
   3268693.11519352        3165013.78747183        3376186.20838765     
   3197930.59549099        3186226.43826759        3296148.05482667     
   3193423.69614291        3304633.18424432        3543452.39618872     
   3342542.81964405        3472188.60341321        3113077.25791711     
   3304884.31475430        3023619.85363949        3210534.95945030     
   3331138.27645799        3197794.56416759        3283373.47162316     
   3196958.32301034        3235382.84906024        3583417.26349702     
   3235888.86546734        3219802.15100409        3253853.44417346     
   3171998.87179846        3845560.84547057        3678618.14361932     
   3582518.81197942        3362939.56338935        3233091.04746088     
   3591421.37319775        3280955.52759058        3276752.22900732     
   3468451.43252472        3530952.92341916        3268513.47061055     
   3197845.99195299        3274896.37483647        3369692.08337988     
   3372483.56920698        3273938.04845366        3355807.02673690     
   3364168.55113187        3231328.22684423        3278340.92132735     
   1015.23105668302     
   1411.00954447838        1476.17587378706        1398.58548441308     
   1395.15726898006        1444.04688271621        1503.24359672431     
   1521.21596859663        1447.02959734468        1439.49753974704     
   1431.01443694051        1465.80403161994        1402.13625432872     
   1440.07552017082        1375.67607707677        1325.89700713338     
   1378.03984078762        1421.93419307418        1289.48609241966     
   1381.03589257893        1336.62159330174        1332.47126806135     
   1336.52017147780        1393.43050684052        1341.03683380762     
   1396.96724028214        1373.68664572995        1435.13008453294     
   1388.48026654137        1242.97624276085        1394.84486996798     
   1359.93704030698        1301.14310000092        1314.20715443805     
   1361.23523398111        1322.97406517420        1325.86157942744     
   1387.82373985816        1380.69883516128        1401.75621832789     
   1414.96395077914        1338.38729216659        1296.83703920642     
   1300.31666475958        1278.61549507755        1265.41627020720     
   1365.31583900999        1291.52271105530        1306.68821217207     
   1306.70095705337        1391.69502846106        1415.04812987267     
   1476.65102747562        1372.69649286073        1397.73501221021     
   1421.16322445810        1415.82449297361        1412.56192399278     
   1497.54152839416        1311.84921139759        1313.35860518344     
   1380.35105587839        1326.64174037503        1303.79650802302     
   1272.79223170782        1315.89499954485        1328.86815200900     
   1312.33898111033        1267.09290164652        1317.55236773354     
   1349.99865945181        1328.17772976783        1419.86723161632     
   1404.40600589963        1380.53877945660        1443.63507022033     
   1388.05168130852        1382.87430665807        1345.59863987224     
   1358.77604505647        1346.16950693898        1432.06970180520     
   1328.95580433944        1421.32712924221        1352.09651295611     
   1352.87543613572        1325.42648806637        1373.43924308172     
   1405.63444035512        1374.44238462138        1374.63868688405     
   1352.38851928948        1393.17988975192        1303.49050293057     
   1325.23524394383        1253.36299949271        1389.39618592724     
   1404.09362918903        1371.27519489042        1411.16234236729     
   1383.36987979029        1360.42409157664        1377.90826686321     
   1357.14724017095        1258.41584091830        1194.25508269769     
   1250.10910676628        1278.12034659579        1299.22939070354     
   1382.48579427884        1448.36455901595        1356.62822846052     
   1334.76602997741        1361.55366396342        1339.36485101665     
   1327.52198163131        1370.95641066870        1410.39308762160     
   1331.37723436591        1466.27712263014        1463.06374048971     
   1287.51763937810        1353.79849806230        1426.41507823078     
   1413.89446354483        1412.15806883746        1408.42561733378     
   1446.77062676624        1404.54164944155        1400.11863439850     
   1388.73563329182        1319.07754811420        1389.96400266081     
   1345.48858518275        1287.20999684344        1329.41797861724     
   1337.63445933794        1304.92210749080        1388.57669657638     
   635027.000000000     
   1853.96520852814        2238.32074682415        1755.80133557146     
   11234.3755253040        6421.95162042615        6037.02367154182     
   1152.50329018205        1191.90421901180        1962.40975736880     
   587.633984210468        3.09828588284234        21.9651205917048     
   1504.45402906117        6414.41942395438        8256.02328953939     
   4204.99632595832        3566.32694056332        3480.58801172625     
   716.053845407223        1725.74523674318        803.600864832816     
   24.2456770626533        2.38504411802379        845.286893074695     
   3594.17062703831        1225.54015548770        534.972210084502     
   6637.58232340139        2676.46925159924        53.8656535379202     
   66.2905976575299        1159.54939194786        284.733381221446     
   2676.30570571686        827.646652483673        5379.47382261443     
   354.190408879476        2317.54509801313        704.873667170163     
   325.433591227875        153.310635906569        3463.34754995882     
   141.971454728308        3861.24559590403        2006.36271325809     
   3.18460176520891        687.219797755610        1351.28422433109     
   102.484210016188        1803.07972440246        55.3103088322660     
   33.9493994171272        55.0104747145716        1.94437882383654     
   1757.36865027759        792.507002478123        91.0041976614335     
   3414.50184642170        523.778403023911        3617.97109586560     
   2405.78264449766        2170.80809798995        18.8304911794450     
   14.6782429434950        1214.45537901536        234.111387684038     
   4.53839823601099        39.1238094179446        519.267262434963     
   11.5027270606405        3934.83215709212        1039.48399957596     
   237.191501802172        137.719261786460        8758.02737550103     
   10.9802888252638        4804.69636193540        510.167751257055     
   4093.44440535247        26.2536570629705        154.005705906679     
   5.71502000090272        2238.92950094189        1534.57372906593     
   3179.74536109050        1.81717647087527        1493.68271553005     
   798.585457773201        254.540994157853        2013.62687620042     
   1065.71948487422        1690.97356497298        173.563067674474     
   530.433811848491        1259.47138314012        3038.83695459765     
   8.76787647197318        154.355512377323        2.68487823571821     
   656.350512456616        1971.08677501723        123.677030607771     
   327.114479463435        14359.1921846211        814.526638363954     
   22.1150376505520        619.707148921416        3190.78925109224     
   1107.80074899851        5.71047705972554        8198.64139953032     
   2.49407470627631        3057.73558989475        126.298307667008     
   1291.10842549806        3447.81069113284        12.9791829432266     
   211.996350033486        1909.88427147815        3839.00335590051     
   437.671495951486        8693.51761078496        533.477582437208     
   2.55767588275694        1649.18759202521        611.838774802526     
   1518.92783965169        505.479435962197        136.224634139165     
   15.7821776495517        2288.90639683214        409.073681241086     
   2943.58964987672        1790.24137263572        6.99158647169260     
   8.79967706021350        1272.28702020097        1260.19371078729     
 ------
  0.000000000000000E+000  0.000000000000000E+000  0.000000000000000E+000
  0.000000000000000E+000  0.000000000000000E+000  0.000000000000000E+000
  0.000000000000000E+000
  0.000000000000000E+000  0.000000000000000E+000  0.000000000000000E+000
  0.000000000000000E+000  0.000000000000000E+000  0.000000000000000E+000
  0.000000000000000E+000
