           3          12          12          12
   4.20000000000000        7.91500000000000       -5.20000000000000     
   120000000.000000        13214561.0000000     
       14360         920        3361
   1539225.47619038     
   7505362.85714220        7453460.47619086        7397455.95238159     
   7380507.38095255        7460671.90476238        7379932.38095204     
   7846692.85714326        8032384.04761927        8039343.33333275     
   7942833.09523811        7849365.95238062        7709876.19047615     
   7663887.85714277        7775698.57142839        7720733.33333311     
   7700187.85714325        7730126.19047577        7451266.19047662     
   6816608.09523726        6834949.76190471        6831290.00000002     
   6949901.42857167        7076618.09523815        7062121.42857176     
   7020181.42857200        7013087.85714306        7000734.04761912     
   7026273.09523790        7008147.85714234        6945146.66666605     
   6995518.33333325        7248843.80952366        7287359.52380902     
   7452668.80952321        7462463.33333268        7526727.85714311     
   7460654.28571482        7347579.52380925        7267544.28571449     
   7034221.42857119        7007293.80952362        7118071.66666673     
   7221357.85714291        7222140.71428587        7256485.23809546     
   7212860.00000057        7153169.52381018        7142473.09523822     
   6923888.33333321        6964984.04761927        7006060.95238100     
   7019784.52380931        7064843.57142855        7079719.76190513     
   6937635.23809487        6827414.76190420        6784010.95238040     
   6764059.28571499        6898217.61904843        7074593.80952412     
   7212661.66666697        7443051.42857152        7611324.76190449     
   7884946.42857082        8062964.52380975        7800498.57142957     
   7893456.66666658        7898570.71428568        7324853.57142883     
   7067993.57142884        7002824.52380897        6947209.04761863     
   6885320.95238101        6699253.80952359        6489530.23809532     
   6446689.28571408        6519238.09523755        6767241.90476227     
   6671425.71428586        6468473.57142824        6508933.80952343     
   6810803.33333358        6679463.57142849        6717491.42857097     
   6800833.09523785        6535160.95238080        6646949.76190413     
   6443235.71428592        6435942.14285719        6665438.33333267     
   6767800.47619073        6957888.09523828        7091961.42857147     
   7162710.95238118        7262041.42857178        7219617.85714280     
   6605950.71428623        6620076.42857162        6540944.28571435     
   6137722.61904725        6091344.28571444        6122562.85714295     
   6535580.23809553        6738945.23809603        7060771.42857179     
   7431571.42857161        7270114.04761865        7270393.57142892     
   7211860.95238114        6998956.90476140        7230587.85714305     
   7066088.57142898        6974609.76190503        6873288.80952284     
   6835869.52380881        6677515.47619014        6788753.80952443     
   6763107.38095231        6728910.71428611        6633997.14285761     
   6851763.80952325        6950789.28571413        6852333.80952352     
   7033046.90476265        6997316.90476134        7055037.38095235     
   7075156.19047649        7064065.23809547        7213581.42857207     
   7246944.52380919        7509256.42857074        7387420.95238147     
   7501554.52380940        7459112.14285671        7243177.38095254     
   7253870.95238110        7186266.19047546        7311378.33333319     
   7362458.80952385        7333975.23809456        7307217.85714297     
   7299485.71428522        7437903.33333337        7418947.14285757     
   7273141.90476174        7304910.47619033        7374095.71428594     
   7534984.76190398        7072282.38095275        7238606.42857124     
   7157004.28571464        7071272.14285678        6964501.90476223     
   6971829.99999929        6975444.76190479        7148510.23809445     
   7353533.09523749        7411910.71428625        7435851.66666718     
   7561490.23809493        7468126.90476232        7444290.47619092     
   7438562.14285782        7548033.09523753        7401721.66666677     
   7297164.52380933        7273960.00000059        7388901.90476204     
   7471726.90476157        7576840.23809555        7957655.47619076     
   8045165.23809477        7788004.04761867        6916559.76190428     
   6763684.99999998        6721528.80952404        6324817.61904756     
   6285817.85714263        6697683.80952359        6716855.00000052     
   6842564.76190522        6818726.19047580        6765546.90476214     
   6787096.42857200        6638716.42857185        6673896.42857148     
   6739061.90476189        6858997.61904752        7180520.71428647     
   7342239.28571429        7254523.33333281        7229881.90476163     
   7265429.04761857        7336813.33333385        7375543.09523858     
   7773192.61904674        7741199.52381030        7570739.76190457     
   7599682.85714248        7569430.47619121        7398607.38095231     
   7298490.00000060        6717640.47619020        6645568.33333302     
   7024064.04761906        6917618.09523829        6612140.71428530     
   6452407.14285698        6362451.19047654        6183198.09523768     
   6310444.52380889        5957039.52380918        5834856.42857107     
   5720174.76190418        5767466.90476209        5996813.09523800     
   6275389.28571411        6427668.80952413        6303370.95238046     
   6169409.28571459        6043591.19047611        5965131.19047628     
   5956053.57142842        6095979.04761958        6177973.80952441     
   5888985.23809512        5757569.99999973        5501301.42857147     
   5633053.57142894        5841496.66666631        5903107.38095260     
   5831055.71428570        5919544.28571415        5844510.47619047     
   5865211.19047553        5861033.57142882        6189932.85714292     
   6197450.71428663        6339892.38095200        5998294.76190525     
   6285355.23809537        6259496.42857139        6224535.71428586     
   6416194.52380924        6329677.38095220        6247800.23809533     
   6094760.00000008        6074332.38095214        6208748.57142910     
   6287364.04761894        6018692.14285758        5991734.04761910     
   5766142.61904722        5529671.42857194        5550826.19047551     
   5538178.09523800        5704629.28571465        6000691.19047596     
   6076569.28571375        6198698.80952408        6423291.90476118     
   6587002.14285719        6837317.85714272        6786618.57142784     
   6809147.61904730        6725636.19047564        6925513.09523799     
   7179351.19047665        7267447.61904751        7001349.76190458     
   6904228.57142833        6733336.42857116        6902791.66666696     
   6981377.38095264        7140529.52380981        7299303.57142884     
   7147970.95238077        7189763.57142888        7019779.52381009     
   6691464.52380958        6446431.90476192        6177135.47619027     
   6138399.04761903        6133670.71428595        6374497.38095217     
   6466863.33333336        6561921.90476220        6465231.42857155     
   6405484.28571367        6367536.66666672        6349050.00000006     
   6232227.61904740        6211165.47619059        6174715.47618985     
   6172632.14285731        6114609.76190513        6029745.23809584     
   5958029.52380945        5997419.99999946        5883980.47619057     
   5888652.85714273        5964560.71428545        6088560.23809512     
   6117610.95238087        6291055.71428531        6321590.71428537     
   6015394.99999915        6971267.61904769        7151062.85714308     
   6434207.38095264        6536615.47619042        6519848.09523788     
   6544279.28571351        6460032.61904786        6284431.90476166     
   6028705.23809496        6111533.57142860        6188335.95238145     
   6194419.76190410        6437925.23809545        6629980.23809535     
   6672468.33333332        6610400.23809500        6625542.61904791     
   6771867.38095248        6749881.66666697        7231544.76190384     
   7285162.38095298        7190063.09523801        7137814.76190524     
   7037757.14285745        7005694.28571460        6935914.99999933     
   7519559.04761954        7767053.33333291        7749921.42857148     
   7747853.80952350        7545467.38095176        7568599.04761906     
   7565662.61904786        7650063.80952443        7434844.28571433     
   6738968.80952451        6635307.85714245        6588648.09523789     
   6696635.71428525        6689658.57142824        6582540.95238195     
   6715093.80952308        7012881.42857173        6966945.95238115     
   7001745.23809511        7224395.23809620        7173294.52381033     
   7138134.28571371        6779472.38095278        6645461.42857132     
   7288175.23809507        7359194.52380977        7243230.71428531     
   7319640.23809577        7323087.85714281        7424638.80952369     
   7260223.33333332        7160175.47619044        7172561.42857160     
   7323805.47619087        7511794.99999958        7476086.42857169     
   7503849.52380949        7438017.38095248        7517886.66666693     
   7515989.52381022        7544902.85714350        7612160.95238084     
   7694463.80952349        7697265.23809488        7720460.00000009     
   7513159.52380912        7641938.09523832        7453660.23809547     
   7341519.04762023        6931072.85714251        7049651.42857209     
   7209580.95238087        6826784.76190454        6857237.14285703     
   6880275.47619077        6940000.47619054        6935606.42857132     
   7047466.90476187        7046057.38095244        7161194.04761925     
   7182739.04761987        7290430.71428653        7328150.71428638     
   7148080.71428546        7067023.09523752        6964380.47618970     
   6979805.47618991        6879161.42857176        7072849.04761934     
   7434000.47619100        7385242.61904717        6924834.76190518     
   6683439.04761903        6585727.38095197        6555467.85714324     
   6648436.42857041        6610783.33333325        6955600.47619102     
   7138710.47619064        7384243.57142850        7513247.85714289     
   7432907.14285714        7380870.71428600        6984234.28571407     
   6851337.61904796        7059263.09523813        7119624.99999984     
   7083420.95238045        6994177.38095219        7245829.52380938     
   7236289.04761879        7010869.52381043        6663781.90476213     
   6656650.47618989        6531156.66666689        6641441.19047606     
   6990831.42857155        6754284.28571434        6889817.85714369     
   6933804.28571446        6887221.19047611        6791562.14285679     
   6754681.90476131        6714092.85714336        6385019.28571409     
   6434534.76190452        6599256.19047577        6611727.85714209     
   6644128.09523852        6703098.57142856        6211967.14285711     
   6101013.33333287        5928573.33333265        6120675.71428565     
   5945005.71428568        6008082.14285675        6075388.57142947     
   5951679.04761919        5830328.80952300        5550480.47619068     
   5436292.38095229        5344090.95238149        5357981.66666661     
   5328952.61904778        5324501.66666716        5106096.42857145     
   4885259.04761891        4885427.85714279        5079058.09523793     
   5075592.14285649        5036698.09523758        5061347.85714262     
   5061459.99999996        4891899.04761922        4865929.04761882     
   5008514.28571418        5066566.90476137        5226792.14285683     
   5234912.85714293        5291856.42857178        5390652.38095203     
   5393749.76190499        5221601.66666620        5212910.23809494     
   5163753.09523801        5304708.33333304        5297790.47619089     
   5145970.47619075        5019613.09523801        5095235.47619040     
   5087564.04761905        5148883.09523783        5227680.23809551     
   5128388.33333337        4932782.61904775        5159506.42857100     
   5333498.57142850        5359797.14285696        5875780.47619048     
   5806495.23809498        5728663.57142900        5596532.14285667     
   5546475.71428569        5491445.23809505        5557969.76190419     
   5588164.04761886        5658790.95238088        5962308.09523767     
   5943114.04761999        5885422.38095272        5905543.33333437     
   6009765.00000049        6143790.47619032        5952876.66666754     
   5839038.57142795        5827435.71428639        5873678.33333456     
   5822410.95238021        5893659.52380984        5908044.52380766     
   5379226.19047632        5363222.14285720        5356813.80952397     
   5327470.47619081        5295977.85714282        5083216.42857197     
   5055890.23809574        5105176.66666657        5064248.09523668     
   5037191.66666713        5367863.33333376        5661721.66666646     
   5927589.52380978        6032691.42857025        5820668.09523830     
   5789959.52380984        5837339.28571529        5890752.61904774     
   5880095.23809566        5727744.04761987        5756893.57142896     
   6109032.14285788        6174862.38095144        6079216.19047662     
   6113276.19047549        6132989.04761882        6219053.33333217     
   6264567.38095118        6253781.42857101        6167967.61904863     
   6122935.47619085        6380951.19047703        6439945.95238095     
   6486020.95237910        6346819.28571532        6421048.80952528     
   6448762.61904664        6495324.04761852        6384178.09523886     
   6192614.76190493        6087136.90476134        6099580.95238071     
   6237784.76190548        6402226.19047519        6498669.76190446     
   6535410.47619069        6581156.19047541        6479223.57142874     
   6481014.52380929        6455061.19047549        6457069.04761965     
   6447944.52380828        6220599.28571429        6336930.23809453     
   6260387.38095325        6188136.66666702        6274040.00000066     
   6744878.09523893        6681744.99999930        6679205.95238123     
   6397249.52380967        6737799.99999989        6515541.42857102     
   6428649.99999997        6481496.19047606        6388962.61904800     
   6457729.28571401        6572368.57142791        6565128.33333342     
   6504550.95238221        6503856.66666777        6140131.19047746     
   6336520.71428614        6749721.42857313        6862740.47618926     
   6782151.19047571        6703433.09523733        6507504.52380983     
   6403086.42857022        6357239.76190428        6700242.61904822     
   7017079.28571475        6819827.38095294        6676392.61904664     
   6596260.23809352        6534480.95238077        6408564.28571593     
   6273680.95238148        6324563.80952384        6189484.99999987     
   5896170.95238059        5893249.04761857        6220436.90476303     
   6001385.95238063        6197528.09523759        6005136.42857115     
   5836633.33333433        5734161.19047644        5712054.99999934     
   5718412.14285525        5599418.09523830        5782999.76190536     
   6156034.52381051        6643470.47619135        6680434.76190446     
   6659454.99999955        6612105.71428638        6657869.04762019     
   6456252.85714326        6278850.71428510        6337960.47619105     
   6300035.23809566        6969048.09523592        7149143.57142816     
   7280132.14285820        7553708.33333345        7474889.28571300     
   7289715.71428438        7244535.23809456        7749074.28571514     
   7974563.80952488        8113981.19047413        7807719.52380968     
   7496433.09523864        7242779.76190544        7170404.99999925     
   6985704.99999942        7098666.19047588        7088008.33333314     
   7053994.04761964        6694624.28571417        6584291.42857064     
   6513683.57142846        6361731.19047622        6345165.23809441     
   6324596.19047529        6597057.85714283        6569099.28571560     
   6328305.95238081        6123319.04761996        6259301.90476057     
   6088035.47619228        6462026.42857292        6729383.09523733     
   6854820.47619035        6836037.38095099        6826383.80952287     
   6632500.71428500        6591306.42857248        6832995.47619089     
   7091638.80952452        7106057.38095037        7056497.38095202     
   7117150.71428673        7323127.85714262        7386552.38095354     
   7608647.85714107        7545598.09523730        7413260.23809514     
   7449070.47619137        7402995.95238078        7341066.66666604     
   7276412.14285797        7309763.57142803        7621333.57142834     
   7809254.76190433        7595095.71428492        7544143.09523835     
   7550789.28571438        7614920.47619102        7180875.23809529     
   6954161.66666646        6881766.42857135        6854930.23809486     
   6907425.23809393        6651354.99999869        7108117.85714209     
   7442452.38095246        7457344.76190397        7551447.85714249     
   7456327.14285752        7356664.52380802        7607250.95237957     
   7945192.14285775        7993003.80952433        7713187.85714267     
   7824742.85714161        7918413.80952340        7717999.52381029     
   7614173.33333328        7915267.85714465        7890760.71428453     
   7878007.38095206        8043835.47619071        8071313.33333325     
   7719400.71428599        7746550.23809423        7267773.09523841     
   6584597.38095214        6322667.85714137        6079658.33333250     
   6099435.47618987        6074541.66666717        6154645.95238247     
   6152954.99999928        6170554.28571487        6408080.47618886     
   6156751.66666507        6120653.80952519        6255835.71428418     
   6422853.09523887        6521129.99999810        6452252.38095127     
   6232542.38095163        6137016.90476210        6591472.14285592     
   6625511.90476231        6480839.28571380        6138753.57142842     
   6201415.00000025        6002850.23809552        6023079.76190621     
   6037322.14285658        5967705.47618874        6001732.38095329     
   6094569.28571357        6108442.14285705        6138881.66666601     
   6065964.04761840        5953000.71428570        6168314.28571515     
   6242626.90476123        6360441.90476337        6342874.76190387     
   6299972.85714189        6332920.47619101        6508009.28571409     
   6624386.66666480        6919190.23809401        7063102.38095272     
   7316882.85714454        7086987.38095183        7223659.04761867     
   7297243.33333358        7256986.90476245        6718642.38095205     
   6824477.61904820        7173416.19047423        7011314.04762072     
   6779157.38095217        6648989.76190547        6612150.23809501     
   6465821.66666615        6389234.76190328        6390620.00000151     
   6460161.90476157        6222931.66666886        6093710.23809358     
   6001979.04761961        6361852.85714343        6215134.28571411     
   6178834.52381066        6968937.85714278        7003785.47619077     
   6842786.66666796        6729343.09523913        6799425.95238030     
   7095588.09523835        7328130.47618960        7458961.66666711     
   7464351.66666599        7469867.85714377        7416435.47619075     
   7291859.28571534        7175241.19047782        7305920.47618824     
   7098145.23809390        7199982.61904690        7181160.71428718     
   7307495.47618922        7420478.80952264        7717745.95237987     
   7557131.90476221        7438681.90476176        7393810.71428490     
   7222244.76190498        7171685.71428568        7219266.42857272     
   7212444.99999997        7266598.33333206        7225833.80952297     
   7533509.28571441        7610858.80952434        7466249.76190519     
   7207915.71428616        6982937.85714207        6874398.09523855     
   7141066.19047585        7151257.14285791        7071355.23809500     
   7052980.71428542        7182047.85714277        7224843.33333583     
   7254740.71428557        7368443.57142935        7210300.23809467     
   7031631.90476018        6995904.76190493        6952348.33333335     
   6776594.04761899        6681680.71428682        6734267.61904846     
   6703799.52381105        6757984.52380973        6800670.47618903     
   6982464.04762039        7044357.38095163        7176850.23809349     
   7061778.09523776        7074827.61904773        7034398.09523790     
   6937303.33333253        6741454.52381044        6857105.95238190     
   6675913.09523781        6408005.95237978        6336389.52380921     
   6523689.28571451        6796953.80952396        6711811.66666646     
   6836216.90476236        6927856.42857119        6852430.95238131     
   6711786.42857170        6773506.66666646        6899996.90476118     
   6946330.71428420        6875868.80952450        6628141.42856972     
   6618461.66666686        6733999.99999821        6840958.09523874     
   7000901.66666546        6970096.19047629        7101841.90476023     
   7023363.80952345        6876097.38095206        6672440.95237852     
   6946956.90476100        7291219.52380962        7347442.14285735     
   6510998.33333359        6307493.80952405        6451752.61904938     
   6400460.71428656        6194808.57142836        6180864.52380971     
   6193324.99999882        6179978.09523841        6309457.38095187     
   6188665.95238083        6002451.66666764        5968558.33333316     
   5527491.66666809        5541883.57143020        5504562.61904819     
   5865782.14285750        6029287.38095263        6076172.14285687     
   5908599.04761828        6043727.14285667        5883193.09523738     
   6136304.76190459        6362635.23809559        6390738.57142865     
   6330788.57142855        6380887.38095309        6252883.09523841     
   6177827.14285712        6131462.85714352        6016062.85714081     
   5843449.28571373        5788215.95238235        5897437.38095188     
   5871335.23809606        5979005.95238239        5986668.33333277     
   6065263.09523726        6299795.95237971        6504355.23809444     
   6599473.09523870        6283895.71428571        6233392.85714344     
   6151687.38095294        6185076.19047628        6315807.85714229     
   6296702.38095168        6598700.47619092        6562740.71428560     
   6457795.00000023        6435749.76190466        6818456.66666466     
   7005879.04761828        7202972.85714300        7118328.80952440     
   6895599.04761794        6661905.95238174     
   1178923.71515233     
   5589032.98159644        5410832.91210468        5034607.19684400     
   5477755.33075688        5226900.86637916        5212400.24421705     
   5809849.06889644        5812273.62355014        5590580.85681548     
   5804883.14637936        5822421.89849902        5576408.31096592     
   5475673.74793706        6009061.09961211        5568170.45423078     
   5286095.79018445        5268619.67445238        5442227.04232923     
   5292124.06885086        5426637.71224697        5525098.45780408     
   5435970.13380564        5604034.02873956        5494306.69293162     
   5646389.49726952        5101706.77894138        5143857.64039121     
   4870796.55591274        5477814.29334335        5316417.00659649     
   5271416.07189968        5249516.41509661        5298003.78526948     
   5412821.27302806        5369283.95944217        5473839.15863270     
   5482126.72648856        5863156.80177261        5460329.99932232     
   5227340.55258875        5475778.49540525        5377884.44819004     
   5461486.76389762        5200415.61458219        5213462.05725120     
   5426444.02979008        5211960.11282714        5054251.29250780     
   5162344.27582250        5427391.72375305        5306418.16613999     
   5315428.07580162        5702675.41201280        5375412.28329816     
   5338917.05750774        5274388.16715150        5297533.04813932     
   5225809.90028731        5173812.45835625        5214416.86886852     
   5285873.74150752        5492764.39390510        5607011.97755657     
   5895887.12068447        5804483.04258274        5805837.22456045     
   5567348.67143990        5661080.13942699        5265538.71175521     
   5126151.45623685        5123567.46653268        5387783.29323673     
   5296575.07843357        5070742.42629009        4999835.01345612     
   4918262.26903058        5800943.54578409        5473017.60868839     
   5183465.59614345        5108748.17003046        5339369.85294847     
   5371039.28513991        5195276.37895039        5600449.15543351     
   5263291.26353622        5180488.45028443        5328128.40915273     
   5779007.51681648        5276385.54542720        5242544.37119229     
   5092098.75639365        5306086.31528883        5158517.07342951     
   5416776.56662612        6074382.57617206        5735431.74098174     
   5207038.60573665        5135834.16537607        5242615.80126530     
   4659112.37361902        5043969.59538093        5308090.63304541     
   5259713.71815012        5108680.01723517        5138247.81834024     
   5446491.13906293        5335446.77191521        5372622.62909894     
   5178716.01762826        5544712.06123114        5246372.79836347     
   5476096.32910963        5476421.68600572        5151995.14229616     
   5194797.70214002        4977655.38678135        5257958.76541429     
   5067071.96665816        5133865.97072994        5185547.43606471     
   5080394.44418200        5289415.77207805        5010615.21790189     
   4916098.07856487        5135251.80131328        5149269.97955818     
   5419666.73634069        5389923.56566501        5798376.92123794     
   5672821.78011254        5637335.63680384        5846370.00997611     
   5796333.03906082        5928273.06739126        5580743.16981106     
   5710834.52069981        5644315.51741459        5842504.59522043     
   5780195.41761485        5652452.84024064        6016952.21146417     
   5717383.36602526        5903246.50742767        5520957.26963155     
   5534584.15638197        5368944.01728220        5267414.20062849     
   5491806.24649056        5433838.95396039        5362279.17805565     
   5465927.88830606        5105966.84803187        5283217.47384249     
   5573329.95034045        4889888.67795996        5505959.50014414     
   5165473.45684535        5227493.61149987        5361210.50088910     
   5339476.10509403        5405756.60322804        5388198.65125645     
   5326068.17816944        5241685.58415433        5381471.26717136     
   5094597.88692916        5098115.01919990        5238632.46586534     
   5146837.68403502        5555696.16003444        5923462.39621218     
   5955991.41274742        5437832.94020828        5600850.08464992     
   5294264.77574646        5017465.94456708        5107136.71021658     
   5070569.45909570        5301925.01729885        5361248.99380198     
   5463136.32175672        5541508.91052643        5738024.08034905     
   5331036.38643446        5319255.16931204        5294275.29343577     
   5138013.32754219        5221969.71929017        5762819.96056128     
   5657291.27122556        5538878.34165668        5139247.21605491     
   5650482.72001344        5279592.29865873        5368924.04034330     
   5421986.59619872        5816985.14970561        5283890.58043438     
   5933140.70831083        5369539.13680792        5368021.84646977     
   5500069.20251612        5115746.87957304        5612146.72186697     
   5650260.15896432        5551428.48960226        5945462.09448530     
   5322520.14275325        5385665.00802989        5076499.80881714     
   5241172.42731109        5568894.40634886        5187889.95887515     
   4723089.27129722        4971875.04138000        4838172.71391641     
   5274044.00741889        5640933.14488300        5262309.70001629     
   5293011.19459010        5001623.87702311        4691732.58786009     
   4546891.66925468        4903430.28110747        4865799.06102438     
   4692494.31035788        4822315.20344244        4350782.21636896     
   4397421.05101668        4918082.53570937        5179025.23902911     
   4626111.97781719        4838294.61387261        4704186.97069828     
   4908309.35846769        5528763.43159365        4843658.56653296     
   5183354.48641850        5167946.39126656        4695294.71879646     
   5353272.76631135        5281702.01457933        5452200.20072642     
   4994850.18733974        5164393.51528507        4981862.13628509     
   4933657.87986190        5194570.29174233        5142414.77488193     
   5352392.22273286        4910122.60776767        4486433.87815629     
   4750214.40762546        4737868.25836599        4790395.04501970     
   4749076.63751125        4810675.50522451        5154579.79830533     
   5178696.68976528        5114566.48487900        5345774.86476746     
   5266124.79749719        5400790.10910207        5251098.83456999     
   5196853.61782149        4854923.89937820        5105530.42651573     
   5403740.04287417        5343796.24638800        5487517.92515707     
   5081294.13600149        5054237.50991956        5248413.34966813     
   5198519.28134576        5515382.61249617        5209184.02518023     
   5176250.70370018        5183821.54206698        5282451.92309815     
   5611591.80358670        5288723.41615851        4908169.63591930     
   5006383.12950371        4719585.14093224        5630217.91405490     
   5122114.58832747        5091727.40850399        5210834.75178376     
   5163999.18895833        5102614.28209493        4911314.13061112     
   4936847.93634995        5376537.84439064        5185877.65961302     
   5171238.94497392        5029188.97398181        5257636.25908121     
   5335414.88225037        5073480.03780420        5093698.80027398     
   5619304.00988574        5189619.01846854        5233789.60870400     
   5510008.18586014        5527149.24548808        5401006.83234638     
   5313382.43411339        5560297.68325230        5328959.27355646     
   5356499.19870772        5358173.59928634        5483260.29111497     
   5507568.06831570        5200737.01470751        5028928.09516852     
   5288021.37859292        4844042.50157250        5115122.12817797     
   5124387.10671807        5649679.47728787        5513574.38066614     
   5588596.53996167        5175601.81795845        5178731.00114727     
   5636957.73329932        5564951.78897218        5499971.02941400     
   5748714.82237788        5400206.08095559        5471963.59724205     
   5261333.97227994        5308253.77182611        5105539.65921928     
   5621608.33747477        5500939.85423864        5633274.48798989     
   5380699.59202847        5029622.44371311        5531098.83088663     
   5510281.99901845        5299791.08392747        5363033.65904249     
   4858978.17183436        5272803.37159712        4888385.01099307     
   5013118.22876642        4948906.38323861        4948377.26726730     
   5121866.02398778        5336664.81261654        5132261.51776566     
   5384689.20180325        5300977.69177492        5634643.08446232     
   5179555.27216284        4937427.51018630        5245536.44967752     
   5465650.30789182        5509260.76387952        5549162.75293709     
   5336718.80002916        5135302.29411225        5005520.94239328     
   5325069.99977563        5243980.56440053        5215494.65824513     
   5104793.71935792        5381137.05956447        5301383.99227527     
   5186542.80848853        5163916.67858193        5055121.14287448     
   5285640.19543902        5509939.98544779        5830198.41611054     
   5334731.95430513        5291432.72290723        5401955.31693291     
   5211256.29139791        5605707.98001016        5541210.91272854     
   5610680.88356762        5413167.89138623        5136845.62011471     
   4908430.05196030        5060913.11623035        5204496.02194421     
   5358794.58954856        5018498.57343766        5103578.72241729     
   5178990.97680425        5272055.71635332        5482608.18461219     
   5458442.62154156        4905889.18334599        5550458.23842935     
   5534509.92780374        5335811.43200498        5356734.50626813     
   5366295.65526785        5522784.35062448        5355504.54516031     
   5573502.57308027        5527054.82643799        5240079.99478576     
   4959630.07706041        5166666.37562379        5120254.37808382     
   4928359.93428874        4762401.43465657        5379943.65259762     
   5351551.82980759        5226393.51461707        5520138.97349226     
   5576454.86465064        5267046.81132246        5510980.85765870     
   5348600.94520596        5175506.58747245        5241347.37092888     
   5503679.68600277        5704784.13305450        5066901.82973422     
   5668653.86194512        5484176.22488637        5579383.00828151     
   5526541.31539730        5371606.75460811        5642250.21399893     
   5307545.19297246        5374189.66371275        5648627.04487285     
   5374262.89642224        4975852.81867335        5694236.79866211     
   5336462.15131063        5200056.57554295        5075358.99475089     
   4863374.18363276        5272723.70041564        5219139.29280591     
   5377228.57093573        5464891.27252633        5401192.99498917     
   5171543.55873677        4804587.69808718        5150531.14431532     
   4756285.75903691        4844542.65965923        4778209.07099209     
   5006674.68026605        5016451.12791343        4778961.81679470     
   4992608.06454033        4940168.83877456        4832896.48113758     
   4799326.24269590        4641150.80826760        4603884.45151420     
   4915133.31505511        4845009.25406545        4963361.12187150     
   4781149.34635035        4725705.76624727        5149117.45533095     
   4647649.05284244        4964482.88962294        4953849.11607017     
   5129508.43388222        4901108.34841668        5246219.89719689     
   4840876.85984916        4485985.75197656        4975859.63188020     
   4761805.68245479        4769519.66783046        4561178.87829061     
   4964995.34220411        4596133.28809468        4979209.96818375     
   5034090.79251746        4870449.49459015        4820706.89881373     
   4811006.08173707        4578181.57826200        4985637.04588196     
   4649903.32477861        4750699.82313550        4982679.30244002     
   5255039.03765473        5053974.79838809        5086926.33140464     
   5069202.07750286        5256089.31494437        4980550.40461604     
   5230817.30076990        5065859.92905971        4939860.21402167     
   5574073.97682907        5318534.36490531        4884487.33361402     
   5038617.24353073        4890445.86193417        5024124.08886368     
   5076336.51546192        5284588.13857229        5228318.86196377     
   5200123.34443346        5350783.97926952        5202287.41993176     
   4972570.28634024        5383496.97124863        5707622.30022681     
   4900012.86358662        5019948.45101837        4968232.48572670     
   5084299.62237920        4821404.16980051        5246774.90801626     
   4954801.96775325        4770623.20391690        4777138.23874433     
   4958865.26757988        4727918.48659435        5191943.17488940     
   4917722.93493354        5221313.80935436        5395157.44713247     
   4958082.56919886        5211733.55054067        5052159.60019810     
   5041301.84791456        4988741.78189744        4901545.70028741     
   4656125.84826195        5199549.23253813        5294626.21899952     
   4736139.48148913        4917566.80643971        4994104.08760208     
   4900271.17735800        5361973.78097934        5125753.99775149     
   4964631.83018283        4869439.12618460        5440266.05297496     
   4964524.90159438        5309027.62702095        4877178.05817651     
   4809386.70494132        4837771.25675488        5398195.37091401     
   5225138.13055390        4898957.30793848        4824504.19597422     
   5068742.08352178        5167556.52222266        5486409.02826526     
   5477511.65083207        5405454.41514981        5066306.94606846     
   5293149.18242343        5133902.54038717        4775869.62967181     
   4823602.26860531        4581806.34855377        5027216.77826477     
   5004853.89802931        4895172.69402170        5027281.89496737     
   4942130.71758876        5147720.87884598        5347158.16199408     
   5118435.10001639        5338138.71663315        5130500.80834794     
   5207645.87991093        5120637.12214573        5011807.45130556     
   5079830.82963597        5076088.17254345        5019137.97971120     
   5202321.05701591        5088152.40253120        5125414.59224246     
   5464890.18226319        5431356.93571897        5279270.88484769     
   5603207.94570885        5711299.51371312        5550668.77035584     
   5545395.34206942        5140393.31318283        4957794.10440839     
   5667051.52295831        5264963.31111001        5394430.83190874     
   5422733.09006166        5125649.00941288        5152603.75769293     
   5173574.47429414        5337086.11662912        5373609.59744027     
   4814196.38270521        4935457.58689458        5493790.12568416     
   5072945.59316085        5078346.23919788        4705687.52352563     
   4927722.27131773        4471539.21623822        4955501.12521413     
   5177635.81483296        5079434.47382555        4878454.73392785     
   5302065.90879567        5189621.02784230        5434615.21259026     
   5472917.55817176        5395422.02378655        5218383.02605806     
   5314725.18893380        4863685.96327997        5172720.62681914     
   4828749.44049698        5296294.43953323        5329877.34728661     
   5258681.57004591        5143516.42898990        5210651.69136967     
   5506332.95746193        5632340.41866794        5242202.80081038     
   5512056.71129633        5473030.21809263        5454661.10562602     
   5551926.81562539        5212425.53190631        5713782.87454857     
   5540311.62656330        5386695.30384674        5510418.24690134     
   5772790.65257633        5050459.56029085        5166446.44072577     
   5653490.44711212        5013782.41294034        5735212.59855185     
   5143938.60575682        5453982.24933666        5432807.22967930     
   4980257.07217025        4650083.64669352        5224338.15123938     
   4725394.36257154        5274983.32552374        5008477.69555326     
   5198801.48973059        5119392.73394585        5348462.69232386     
   5440303.45273180        5059019.69305004        5221991.18429629     
   5043869.75560798        5319694.80599880        5110058.49867139     
   5418012.30240209        4846052.29218262        5325456.52799095     
   5615236.60564493        5530239.80124749        5423943.89317903     
   4895388.77071652        5266006.37889119        5090831.23760093     
   5862058.27604678        5527868.58589398        5580913.94313255     
   5341532.93210286        5467637.01414397        5696749.11019039     
   5258746.88860237        5355717.58261820        5296149.83928310     
   4979967.10531588        4783146.72945317        5207603.82397962     
   5566885.52702512        4840851.50954311        5299447.89931055     
   5307039.26017881        5410371.57265142        5444996.10903088     
   5740688.79909290        5280031.97805591        5302848.72302646     
   5412023.38747231        5521589.67682843        5037939.62685417     
   4969591.18558383        5370928.26472526        5404491.55121663     
   5375472.23303733        5218017.47914682        5330119.42027023     
   5688819.19476750        5536780.31598926        5818366.53118060     
   5341744.43587193        5337580.19783957        5588967.11830143     
   5204326.43153626        5303788.62936431        5089560.04953418     
   5032369.14352032        4945156.18049008        5296928.37595640     
   4912222.14561505        5058514.51574065        5248770.26317671     
   5400973.45456723        5003115.72352883        5752313.69024148     
   5328556.16922767        5133226.60953220        5049971.66536881     
   5364724.39883523        5297598.21918476        5218691.12346937     
   5277097.40449917        5208636.27392396        5045841.75544119     
   5170163.97787287        4731732.20964898        5047760.27934196     
   5035304.91114473        5162261.53286070        5632338.31069857     
   5296339.01056445        5340267.92748292        5076899.41838195     
   5156422.39456047        5479548.37046125        5085212.11345732     
   4846003.43049870        5254744.51996781        5136199.75506168     
   4964054.33483254        5133357.32695414        5330727.52878578     
   5303192.73077202        5060919.30472507        5669605.88339551     
   5581251.31226096        5513517.81813556        5299317.84250194     
   5819850.89630613        5963993.60245093        5420617.69819841     
   5176716.13516841        5345542.26937782        5594148.61007466     
   5516935.69781449        5512006.27416753        5197551.89346485     
   5531060.88479741        5281941.87162140        5184995.23599857     
   5014230.88223884        5231685.85398840        5193455.22629428     
   5218384.04671482        5134134.05689510        5124553.76559545     
   5294802.29358199        5346210.54232611        5205321.83300875     
   4748766.02530573        5307366.24609626        5351402.76085084     
   5400843.09058941        5664253.97527645        5113134.18348197     
   5628087.49936965        5667333.29950579        5679202.43235710     
   5188862.55642288        5332538.09217461        5465325.26938837     
   5411148.20530058        5428354.28137101        5159479.58188947     
   5227607.46734834        5248934.42868592        5794877.81298328     
   5283604.30093069        4958849.78976394        5405817.31753015     
   5149966.55568278        5182919.06563318        5048429.51429867     
   5352952.07608040        5319334.59714496        5475600.08956697     
   5508860.09452789        5740685.23082525        5411637.21287082     
   5690747.47045527        5468904.74449774        5126618.67621691     
   5494686.86622641        5177463.65245229        5347129.07585589     
   5264373.81814117        5376685.82597138        5452373.62535080     
   5613821.65648866        5572298.80052855        5654755.50335340     
   5214397.40174283        5563764.04055223        5613671.49216885     
   5265746.10647014        5047323.18468515        5325581.64266678     
   5218442.86577688        4847321.76547006        5030800.47346984     
   5255820.84170872        5126060.77789490        5401970.74012973     
   5160397.61304623        5556151.30172257        5064311.83774649     
   5076023.41147058        5009335.02109437        5201067.85469845     
   5123545.42559435        5123803.57847083        5371240.61169072     
   5224855.16865700        5638123.94459726        5208089.04326358     
   5034448.99999201        5030685.42968790        5097402.03959907     
   4957834.78914270        5054946.67174369        5228730.23607497     
   4898152.22167904        5035543.03181274        5118441.60237864     
   4857389.27042347        5142827.08389954        5069200.36877875     
   5101123.86203372        5174417.03194622        5222672.58500227     
   5204364.77167039        4906731.59406954        4899497.20105503     
   5094835.65854208        5169830.42972987        5371434.74090852     
   4985843.63472440        5335970.83363387        5147817.82804017     
   4757335.07398842        5423913.52077300        4872333.48704260     
   5059676.39145618        4970210.75751332        4993946.83315178     
   5142809.83111551        5180485.41123923        5170710.31766791     
   4743664.52738492        4944518.52236811        4501045.56260234     
   5031745.52438208        5036816.97358874        5087530.19895411     
   5285974.49836013        5193661.01725901        5066919.08302693     
   5028709.79844982        5298236.22161400        5000708.36609072     
   5193956.26511472        5226184.04922421        4870389.16930075     
   5135096.25638074        5196919.42121790        5110078.50763873     
   5033804.81353302        5321083.74763492        4896542.55754471     
   4507333.26297512        4901321.46981611        5079197.53617913     
   5334801.79931767        5235242.07159015        5132975.08565035     
   5151420.22050694        5210712.92515735        4833644.32783993     
   4776472.77310425        4995404.99455822        4917441.84985015     
   5266149.96777713        4741280.89656434        4964248.77085972     
   5056562.94605317        4858091.12876160        5427303.66047938     
   5622265.93730260        5399220.98306874        5255007.50349635     
   5207249.11245283        5271316.23626731     
   430.126510399760     
   2030.94715068625        2052.63406619377        1977.85140983596     
   1968.51531653244        2019.83386432312        1968.24728612623     
   1997.37140223832        2175.91967547951        2135.25241681347     
   2232.57730242210        2128.44036860827        2132.85721705095     
   2016.98750732323        2074.78627108663        2001.87503923862     
   1931.80365876478        2034.88203706543        2042.34502756522     
   1905.47102607732        1910.14304280347        1955.41548223076     
   1970.68562755123        2017.33434558509        1915.52207725373     
   1890.09149345331        1916.62380073464        1809.23188064071     
   1852.20026924287        1897.97988661142        1845.15986082149     
   1909.70675240476        1949.07086452848        1973.10175064521     
   1999.54638280168        1975.72013347357        1946.06133432662     
   2036.90730904861        2046.84410246008        2071.03517721572     
   1977.26564400631        1942.10376668596        1957.71017623614     
   1875.14496691059        1952.87029286282        2070.88446973671     
   1990.56919775042        1940.60655670999        1985.73568917799     
   1930.58935871474        1990.76012941749        1993.45844417210     
   1952.66376672781        2033.43699588024        1926.63010842100     
   1969.30795655955        1940.35593690213        1994.04074514980     
   1884.76528900366        1905.16070203814        1947.05565327881     
   1876.56398516038        1975.43638945193        2031.47475059936     
   2030.36402569076        2057.37013631411        2115.46633808275     
   2039.77895125469        2056.67985393611        2008.83419863269     
   1884.42385545915        1923.79629015462        1867.37139281561     
   1896.19413895183        1843.35025248589        1826.73629970664     
   1800.05225241295        1896.99656081006        1922.09788606614     
   1823.44105035289        1819.81310278420        1800.71137273045     
   1845.41414783047        1921.58551040059        1923.67757573322     
   1835.93685714605        1789.67963356784        1946.49741316661     
   1807.94173962628        1779.32204346852        1905.09184295539     
   1851.46309530291        1899.68856989741        1935.84880125767     
   1995.90316579042        2101.91696338058        2009.94357869387     
   1895.97403624306        1837.36813642837        1865.27238657514     
   1810.58365571696        1741.59778153629        1798.54551835914     
   1756.20500787916        1837.55967692657        1916.65265496053     
   2000.28679831396        1979.60758232821        1975.69550534378     
   1874.90403528587        1924.95178963732        2016.21789104143     
   1940.03736240204        2051.89356823965        2003.71954766638     
   1943.16141575836        1834.52319406924        1856.29363685555     
   1838.21031848003        1886.33319335064        1860.16785844266     
   1868.27389900370        1904.37190832861        1886.05349725996     
   1990.97929957538        1779.73241088672        1896.65033573762     
   1847.93073478121        1934.61070969180        1933.66010255708     
   1966.80397576499        2072.11443443399        2005.18506771933     
   2031.39705127239        2074.38226074282        1998.46774514007     
   1914.77355879635        2072.35133192159        2044.41089046118     
   1959.63334970110        1977.80740716839        2106.82102416162     
   1952.00097430499        2058.63953491452        2030.93894368125     
   1936.68972565512        1866.70921745435        2021.47399562864     
   1928.62143853475        1923.94018977127        2027.50694919056     
   1928.98281673084        1896.79078596996        1840.40007667463     
   1872.64489580120        1896.26671663292        1903.37307402119     
   1994.49623679369        1914.52612769699        1991.42110847928     
   1942.75210997831        1971.00385137669        1905.77386360443     
   1992.92379990269        1953.30803824537        1965.63842612436     
   1901.96883878542        1887.48110435218        1994.81880850597     
   1992.96197594253        2064.82031887046        2098.65388583282     
   2091.43387709617        2079.00382050364        1999.83553157244     
   1935.31317804750        1826.33353263674        1835.46678659627     
   1805.93661475685        1863.64666078802        1837.40404751168     
   1960.44217135311        1862.53091580338        1928.72423546694     
   1904.37351099435        1827.00634639136        1797.08584306284     
   1889.56668219260        1921.08935758058        1980.91472250324     
   1892.64942181267        1895.48026682209        1914.16407437735     
   1974.77915941380        2019.19151696707        1961.36379203501     
   1998.06012209226        2034.35333533811        1991.36069731992     
   1950.06583139489        2012.78614173832        1995.02973764739     
   1961.40864416706        1898.96716555919        1892.25384425442     
   2002.69215657770        1896.82836677949        1863.51999148710     
   1876.48792719637        1916.71824106889        1766.54863674509     
   1823.86375375865        1867.53877360084        1760.86643301627     
   1738.35276998253        1672.78983213687        1765.91502358360     
   1753.15019239747        1825.83505074858        1843.72324099252     
   1778.08768694639        1780.07506569205        1742.57998390019     
   1714.28020111114        1733.57270028451        1657.32069118825     
   1728.22216565436        1682.34811424724        1590.27283748585     
   1528.52044417273        1661.17704340564        1651.21531157691     
   1688.80137136327        1747.73089580233        1791.35461507722     
   1749.59813746603        1734.67633475109        1788.76381283053     
   1763.38251663198        1787.42221637678        1817.54291144080     
   1875.59914879837        1805.12572028505        1831.84383953767     
   1835.77194863175        1749.63056523093        1762.83631118446     
   1790.93529840759        1806.92907025521        1839.54147105458     
   1859.55181957242        1740.30831104589        1674.46023393334     
   1769.50470123016        1653.05135667466        1785.05262610177     
   1687.12437346373        1698.33716269059        1803.68545102467     
   1735.16920507412        1844.77679598704        1829.39431703986     
   1868.13476844874        1892.58215179011        1864.13562135122     
   1836.44740607073        1826.69274818172        1836.10212493982     
   1856.35292923204        1894.20513677871        1805.82342853009     
   1955.66812822938        1838.10084688932        1920.76900142418     
   1862.89671503549        1867.88536890343        1918.12124618900     
   1928.64794192523        1953.33575901428        1921.25124209505     
   1954.68758042450        1884.30236112255        1758.01840437474     
   1739.80246615847        1689.80678583896        1838.17872185434     
   1766.70925115321        1817.72863739902        1841.53322463760     
   1803.53031630597        1915.35022744356        1827.27713599154     
   1817.55800604056        1754.44692119943        1743.42122046926     
   1790.55912297661        1690.90130879360        1815.47593462197     
   1823.17778193850        1802.26358291784        1795.11691708985     
   1828.54917782140        1837.19079418313        1758.78274575738     
   1865.44658908505        1845.62536988569        2000.49049334368     
   1855.37611343229        1939.64069992340        2011.77506830102     
   1861.83312548206        1866.32400868725        1830.63228294663     
   1817.19982434421        1755.89342022410        1801.73567504200     
   1719.91493600062        1789.07423523552        1776.64096287508     
   1813.97135926980        1772.78550736566        1923.29057738768     
   1933.84415483942        1779.80068595568        1884.72259821835     
   1962.74148156257        1995.74298469210        1945.36191906797     
   2018.98566986233        1901.34582865726        1946.47625757894     
   1847.39503344510        1885.86544637673        1833.85141291127     
   2045.34777508785        2040.36535707278        2007.58485970818     
   2035.16770521073        1940.41088801111        1908.22060711604     
   1908.19898117955        2009.86157414450        1979.41406414387     
   1875.05001473810        1828.60279691847        1768.44133966657     
   1826.89094340267        1749.61408369730        1827.83187390956     
   1875.84201702286        1968.80446656485        1891.09455956664     
   1906.37782010313        2021.98279461201        1913.16384093371     
   1937.34220674950        1779.34550133824        1826.37268042241     
   2012.37978944734        1975.25096200004        1984.97171686361     
   1964.77938319441        2033.62399321158        1963.13122545436     
   1884.77119659012        1940.00624305219        1958.79280329894     
   2013.01647090308        2006.31198467058        1905.78490519457     
   1966.28810628574        1940.98978367536        1836.28223059723     
   1887.88132343262        2086.17151598824        2027.80635552751     
   2104.82422603617        2133.99699567480        2034.18307322755     
   2012.50813958955        2062.49054436761        2040.92080693080     
   2035.81379743087        1849.13738945976        1941.11863874112     
   1985.06112556085        1866.99558466979        1896.54090240605     
   1915.80638039050        1940.32271078750        1868.30682870263     
   1918.37937241755        1874.31974917577        1895.87061112643     
   1971.00543915594        1910.55988905993        1989.99187326382     
   1967.28750720633        1991.55386974472        1907.76345438495     
   1962.80111075274        1822.28767765961        1963.53944997827     
   2082.55927206850        1998.51747436041        1937.21624703484     
   1832.96242061258        1875.15535103195        1839.96554118015     
   1846.96409771419        1804.77670515476        1872.20715519829     
   1956.42725338899        1997.04967903423        2020.83558766673     
   2087.54471140458        2048.93123577988        1924.57479383249     
   1818.75337442230        1857.64692675033        1879.30414846718     
   1942.44288341066        1875.39595760102        1946.57624502510     
   1966.56627028761        1924.54195794214        1891.75579672200     
   1940.68496459970        1853.89539826861        1942.88341962769     
   1953.36657473171        1871.59819603265        1915.84827136435     
   1948.44331117424        1825.19466683558        1954.40278466461     
   1854.25607073488        1866.58354218917        1880.71814086258     
   1803.95621789283        1820.45569382452        1795.23503356426     
   1801.26547984666        1868.00406157622        1788.18425621298     
   1669.15070131212        1713.07099924239        1758.88219581358     
   1592.06329338616        1657.80954559453        1744.30104839067     
   1688.05176110392        1701.01477734530        1650.83271715490     
   1648.18681353085        1696.13088609562        1598.61081943208     
   1656.18254847082        1624.71894877921        1565.37314394991     
   1496.11443261511        1582.69402112034        1642.27465841609     
   1582.94109085923        1607.18468255749        1581.63240337961     
   1682.11761783176        1614.48054782046        1598.98698345442     
   1646.46022900978        1601.30827079079        1634.61385402262     
   1653.01662410456        1632.46276926582        1674.82542956664     
   1683.53832430407        1606.54890670528        1587.97215537021     
   1591.28149793002        1611.39186692300        1609.16080749378     
   1617.17832382091        1571.13603846240        1651.59534043039     
   1549.45838354513        1521.12647843332        1609.52398167549     
   1610.31956825012        1508.20353069160        1666.76953691567     
   1678.74064174134        1675.52138947903        1760.68281440245     
   1676.05536771591        1680.92259627207        1778.63833094306     
   1799.48593300269        1676.10122184809        1760.49151332302     
   1660.71089285608        1682.99473679026        1703.23306003376     
   1684.67413148926        1641.83728980018        1699.41163181834     
   1714.09775179605        1762.82913771651        1787.67553817765     
   1763.94207712027        1770.32228637017        1793.30169568188     
   1759.40918831295        1755.93361529364        1761.17764660232     
   1615.30717288579        1678.88224828096        1775.00131207287     
   1697.37115139119        1648.74675134629        1604.07139646304     
   1675.07788139692        1594.16564887787        1567.25928436568     
   1576.69103741899        1691.44653554691        1750.05430237761     
   1771.89371794945        1764.57545086423        1745.58673588174     
   1680.87212482398        1755.46826897120        1725.13369821578     
   1752.28684744767        1612.06467684260        1686.73656465882     
   1756.66167591171        1611.57128737195        1763.02495797690     
   1696.94173756739        1739.38967496083        1810.18861765533     
   1874.79298025879        1802.26439064331        1765.77624208365     
   1797.45899756046        1892.86762660951        1818.33980605700     
   1865.42692786817        1766.24537218020        1722.74611728373     
   1680.58449659522        1900.01965957025        1765.95177767897     
   1857.91488581503        1742.49670173954        1765.83574385239     
   1763.21299813600        1811.50854957094        1868.57290747962     
   1890.81600473108        1758.00552970128        1833.66775983745     
   1800.29580139811        1898.22503830036        1837.67003318553     
   1814.21788466087        1829.50528114178        1829.86433182885     
   1724.62783841816        1655.24288020676        1741.12054231141     
   1778.03239970617        1812.09746389716        1834.32375664549     
   1831.04912643404        1818.82545725888        1805.04672939991     
   1802.75931629538        1798.62040985663        1701.03912000919     
   1795.79717550241        1753.42359606498        1790.97516616780     
   1796.73252705220        1778.05017973243        1773.11877447655     
   1821.82351696155        1852.50131546637        1890.95119895591     
   1983.28867774419        1977.38172699944        1876.95436861283     
   1778.82467736312        1823.59941219586        1860.49836303972     
   1889.87152700377        1902.42196073568        1806.27941100120     
   1842.20527857675        1865.34572030645        1833.80504108581     
   1728.24006116444        1742.60394504725        1794.45347826946     
   1674.32185741831        1679.81763572634        1752.60735939956     
   1770.03709660921        1707.40618321397        1653.20119812613     
   1684.08848203038        1600.60117117902        1693.24567032956     
   1732.39583474845        1698.85551758694        1743.02511634955     
   1820.98845180798        1861.47609939454        1924.65368845298     
   1838.67759028966        1783.95352040279        1832.41964111281     
   1784.35163742040        1819.15166991513        1769.36835625793     
   1787.20613430244        1908.89387027538        1902.01214981283     
   1949.27018051517        2016.96367814118        1961.95037586633     
   1889.80638221834        1868.83308590889        2033.59670073356     
   2120.67606546241        2151.49206588795        2091.32799174534     
   2090.46433449811        1989.86354110795        2015.49948451530     
   1947.06515441877        2023.94579802633        1997.15506907411     
   1967.43943102641        1817.71136921641        1899.12143121120     
   1805.08377776627        1846.83730810262        1788.13111706922     
   1831.37129397099        1872.77649828486        1810.82496485981     
   1819.25745693549        1719.29095864829        1757.50156832730     
   1690.29959433343        1716.55870403940        1708.74492392557     
   1850.49264361463        1801.48917718675        1931.06825097696     
   1854.21060711941        1851.58468897015        1911.85517681794     
   1892.86440258673        1929.87702591013        1935.54349534152     
   1918.50282310442        1897.76528212766        1889.01771485716     
   2012.90609777245        2039.81939412204        2037.39716604662     
   2029.35952597953        1920.83641446308        2016.73453956081     
   2014.32170292485        1992.01900868075        1956.75917489502     
   2081.85469340633        2009.62354968391        2104.48562011842     
   2059.10908707360        2068.23389727078        1802.57097228930     
   1904.59467684375        1921.83663656988        1908.45491419330     
   1871.94688696498        1802.72548382352        1945.78547282034     
   1934.96254691346        1963.43691431043        2078.70986439196     
   1999.25626161274        1989.52210485688        2018.94205666616     
   1987.45498483028        2084.98592054165        1975.53989559932     
   2058.41624128215        2026.64844747592        1944.50656254343     
   2053.19150239836        2000.67610824342        2037.01761859695     
   2026.89283487199        2006.01577894376        2130.93445317176     
   2093.48178517862        2044.57021297043        1925.24990042233     
   1842.69214872212        1757.16628295297        1731.42808034882     
   1781.67055776442        1781.91590210446        1700.31606381130     
   1744.13494787918        1746.84288574329        1852.64261031171     
   1826.10513538381        1827.00671237417        1742.47504175361     
   1760.42716940938        1814.34686682849        1788.18022701465     
   1844.36355645377        1797.08587149477        1858.87185736526     
   1868.04122911231        1831.84749575099        1692.45280219650     
   1837.74483808773        1694.16312139894        1762.50295522325     
   1787.02426068643        1733.50189082572        1787.22576125613     
   1793.43466518878        1878.78357415577        1853.60455963098     
   1775.72309564656        1793.68232817770        1786.69456032629     
   1825.01738832131        1891.85140648529        1881.21183300138     
   1827.84879244686        1870.73918542605        1845.92702989851     
   1895.30145898651        1915.97330180101        2029.99111010129     
   2019.07804469473        1987.40580387266        2058.37116152686     
   2063.61772484093        2022.63015308082        1920.04072964225     
   1848.88665226454        1980.29704282732        1877.23677726844     
   2026.59190700489        1929.65925973570        1796.54870678949     
   1784.38862041516        1816.58328106693        1772.36897627889     
   1839.40935777806        1779.25629731350        1788.48903899040     
   1733.44608195805        1800.81903204202        1842.45246121384     
   1727.95318647399        1959.48337715090        1908.04776814784     
   1948.34420591614        1879.77041550560        1877.24888323002     
   1909.37671293470        1944.93460642500        1979.41911702750     
   1995.75238872039        1954.85794479649        2089.43129858132     
   1988.55107625068        1941.78823103495        1990.23835657200     
   1965.97555089581        1917.79021787570        1854.48729678751     
   1945.70997663584        1918.72536586735        2044.67283039721     
   2032.70408911036        1989.44830229343        1941.08111464037     
   1916.18686740399        1932.64357990354        2012.22774796750     
   1988.20309053526        2008.55057716623        1939.96235532929     
   2047.35839942929        2059.63234000326        1992.39930247059     
   1929.79484884424        2011.38675355441        1910.44728991175     
   1963.66268618701        1935.29652437376        1926.75389367426     
   1935.81134168314        1937.35828849991        2021.93674148288     
   1985.89619612372        2005.41997698937        1910.81467586973     
   1943.50353847092        2002.73108802632        1952.33347728101     
   1911.26858304998        1899.25430362870        1822.12860750913     
   1779.54734178326        1857.04057655435        1844.38179393371     
   1877.99163267237        1949.30732957895        1876.78725046214     
   1908.34903755025        1855.92383646928        1804.42459682774     
   1889.66753635250        1832.14071067857        1803.14369240557     
   1830.21935440148        1795.12257765777        1759.26109113716     
   1758.69261877706        1834.69429183541        1854.21304563861     
   1733.08616644160        1918.93133986400        1821.98257985205     
   1766.26182216136        1854.45360585302        1894.86890143038     
   1879.69788546646        1768.43224754711        1830.42242964939     
   1888.40695452830        1854.55009104585        1786.80175031892     
   1892.66207132324        1828.39709160991        1809.70046842467     
   1801.55539262614        1799.83386413429        1852.53691224084     
   1880.97660411880        1813.35921453266        1937.55035286728     
   1792.57256998224        1764.49575258738        1794.66221866611     
   1811.85184958778        1812.86049016111        1797.94747613508     
   1715.76252340166        1782.54690875759        1818.40895732359     
   1786.16583046961        1823.76736285315        1757.14653218401     
   1672.26533099472        1677.49976962259        1596.24706532579     
   1714.65426213351        1755.67268612232        1726.31669537277     
   1704.57481636253        1835.36729092368        1725.45155047539     
   1743.07648907870        1919.87510413661        1783.90031073172     
   1809.26240036661        1795.78134147151        1835.61485171706     
   1738.11681051292        1857.20557478332        1786.25321666924     
   1809.60079015796        1726.72059587050        1704.91175208007     
   1648.54351364590        1712.27661602959        1695.12724444955     
   1857.27860807735        1820.60532959136        1873.69894180287     
   1839.00179502844        1759.55840237703        1744.44018019325     
   1617.39635135097        1754.97626367057        1805.63925032417     
   1732.27331481460        1822.42107510415        1895.36294033731     
   1711.25365292558        1789.55739625889        1907.71558877530     
   1917.86904644033        1881.18306620669        1904.40814429098     
   1927.95501094115        1867.66530834854     
   22773.0000000000     
   1406.98976904577        836.046550720294        49.0319641253920     
   1114.69693370549        1212.26113842678        1833.27665440722     
   641.917588336689        1746.77451145238        1155.76966488844     
   43.2533429480086        2077.01453444573        3403.87136406708     
   804.913774833024        385.886509472718        829.545601895738     
   669.815790105802        955.989283680416        1783.66773675233     
   760.942647179019        580.610597150535        528.834696554121     
   561.453014206332        21.7288876504910        1138.33839959157     
   52.2574523611956        756.903972472499        1245.06571666725     
   363.875959469241        206.076897679610        158.584990613285     
   275.524839455286        357.411354174102        1265.64069725874     
   47.1103000074414        498.914885961160        799.307785420374     
   433.301186539031        302.696170636048        347.630401819616     
   258.775015334993        44.1937317716866        2907.78218751813     
   12.1114811783837        414.661498889028        337.822191818067     
   123.390825313608        547.406240086466        248.330793568637     
   542.009225967967        241.489124155792        63.2468270688138     
   357.742988880037        409.100938888150        138.487018845404     
   301.119770047564        109.098732370174        444.117929481916     
   34.9988188290577        62.9787935393597        508.187028903801     
   1203.51143371951        1486.40038082302        57.9225000091492     
   1778.41609675150        672.777787753328        1005.76174721769     
   2954.61082517258        1112.88430017579        85.0665735428486     
   459.300438896079        122.096087078109        70.9380264817934     
   994.022787215836        114.881896488735        1219.77062019267     
   90.4635876613481        102.170747074962        905.526293084210     
   575.699677737994        437.766897716207        203.060384737957     
   936.590924853823        1573.70662436622        1847.57783323301     
   278.246061220421        1607.31076025389        334.619418288149     
   217.852201210882        113.550814723818        307.947810636878     
   211.532970033413        260.110640041086        549.968458910400     
   1554.30826553963        154.391855906740        256.476287099336     
   1006.67487839430        339.989174759586        650.699093632194     
   369.413804764234        224.148717682465        250.211571215993     
   237.673053566954        466.900779485515        640.918141277708     
   670.733464223594        575.095466561428        399.660707121953     
   797.931274243685        437.576094186765        497.938153608064     
   39.4054717709302        34.8897882408052        92.0399882498324     
   812.073450128272        73.5229600116134        495.012499489955     
   6.91889941285759        111.842668841196        46.2743988308387     
   369.968043587851        81.9228582482344        50.7037664785972     
   235.079034154779        546.116044792145        449.787520071047     
   240.716824155670        105.777842369649        3203.95469462373     
   518.549477728967        3014.15515518199        1937.49626795310     
   366.115629469595        2850.92273574444        1166.15937136067     
   333.451882405612        521.965769494213        438.770887716366     
   666.926479517110        587.206947739812        565.405373030486     
   378.790435353950        287.795323574871        130.050777079366     
   648.254991278867        44.1119588304972        212.468815915914     
   182.489947087649        2567.31600393494        632.586387158745     
   482.473981840916        417.260061242380        404.498939475658     
   124.399358254944        389.679865355670        238.763359449479     
   116.885333547875        254.209359451919        468.386321250455     
   21.3518235327844        90.1637535436537        62.3564105980849     
   222.363341799830        1065.33333487416        143.089018257896     
   864.235500724747        1403.66433610407        565.528032442270     
   838.036358955903        1255.92788902191        127.820192961367     
   676.148650106802        311.441332402135        1822.14190558194     
   175.975369439561        93.5982170736080        1089.27463487794     
   27.6392541220129        1276.96624961347        2178.16766269700     
   420.912585948839        106.086762369698        516.591470081599     
   428.158577126454        25.2587529451663        184.352552970296     
   163.318735319915        722.295846584680        3474.39143996057     
   863.295111901069        290.025907692870        20.6158670620799     
   176.706782969088        164.145550614163        1000.95531545223     
   2048.38037620591        1364.85853256853        1054.89365604898     
   625.826490687089        2068.48743385614        628.343280099251     
   623.518676569077        1777.69831204550        820.123541894250     
   87.2562711902533        334.723905935225        587.815701857555     
   676.475741871560        930.008203088077        104.678450604770     
   93.5527876618361        1185.12615077543        129.601025902824     
   153.524154141897        1137.91590606209        297.390015341092     
   258.965818864435        883.851920727845        16.8588547085453     
   121.578191783910        199.207970619701        31.3099505931809     
   16.8679405908997        150.839275906179        155.277729436292     
   523.742059494493        141.339985904678        331.911825346545     
   87.1018111902289        446.939095952950        234.047786507558     
   137.087792962830        453.390072424557        219.037908858128     
   509.218276551023        1648.51069378980        1664.96976967476     
   736.592482469291        492.359421842477        873.180551902630     
   42.5446441243673        54.5198370674353        224.657527094310     
   227.678582977140        656.682147162551        556.841928911486     
   571.938122443283        137.251338845209        514.256398316524     
   1792.34929734194        186.892057088344        13.9831729433852     
   259.451913570394        108.567208252443        115.068157076999     
   497.515660078586        122.027942960452        145.964700023056     
   42.3356688302166        83.3402558955171        2054.54514738335     
   3030.12813636098        1861.55646323522        134.648233550680     
   524.296298318110        9.29485764852701        1539.65273730202     
   386.245401825716        1470.07759317338        587.611269504582     
   799.925625420471        157.667316495493        697.863908933762     
   12.7156923549497        708.630679523698        1559.21009906982     
   177.692601204538        836.655304838037        1018.04586016081     
   341.710949465740        442.591501246381        544.117150674182     
   177.142905322099        268.714970630681        333.883461817445     
   627.693639510913        76.1624088355598        127.252325314218     
   51.8031582434768        263.813137100494        358.765150644905     
   1183.26808783396        483.150880076317        22.9009664742056     
   694.097810697873        427.313590067497        555.828853028973     
   180.291163557890        142.970901787289        909.678541320160     
   181.127064734493        728.842224821008        444.572223599635     
   288.653939457359        672.405266576799        56.0553511853249     
   1380.58165198278        2499.41266215950        685.638854225948     
   1182.61390430445        401.786803592877        520.734632435195     
   71.5558664818909        303.890964165649        409.900496535335     
   398.234223592316        155.109640612736        91.3676329556086     
   454.771126542422        2226.73170388114        1067.26408487446     
   87.7287370726809        144.592731787545        272.962620631352     
   377.741015942020        222.145280623325        1937.29637854130     
   36.8614247117049        461.235731837561        67.4127041282953     
   1621.53925202084        77.8205823652334        123.281794725356     
   1573.24324436615        370.013472999622        458.123817131187     
   39.4236435356390        1800.98997146095        721.550804231621     
   408.496727711584        185.847180617591        1666.44168261617     
   407.215618299616        17.2813482380238        46.9149535368223     
   119.002344136444        44.7661423600123        81.1369294245808     
   383.937587707704        56.5914182442331        351.841708290870     
   195.496387677939        111.801782370601        113.496299429692     
   340.875048289138        1774.93620380977        155.654793553998     
   1157.14163312395        316.806545932395        922.557779557489     
   487.307671253444        96.1558929563649        359.691910645051     
   348.429959466801        32.1140511815432        18.0491052969686     
   169.901457085661        13.3698758844648        393.527736532748     
   386.658809472840        157.512856495468        500.082421843697     
   889.880403669974        73.7501070704729        524.786935965246     
   44.9069735365051        121.510047666252        252.405811804575     
   299.520654753194        236.264741802025        622.610088333639     
   111.211200017567        635.080461865021        684.825667755232     
   243.833281803221        1722.22900027204        475.323392428022     
   213.182057680732        183.671111793718        133.616985903459     
   2303.13034565791        42.2720676537360        285.764628868668     
   429.026278891297        214.713028857445        1254.81486843350     
   394.963305944740        247.890128274450        673.345655400477     
   25.7448476511254        2232.50578211735        804.713885421227     
   294.605192399476        236.346514743215        205.922437679586     
   889.389766022838        584.417581857018        16.9088270614944     
   53.7747947143764        1514.65293200396        800.057370714610     
   1110.86269135194        136.787958845136        147.100435317353     
   829.209424248626        733.371537174664        985.777348979239     
   31.0464600049040        798.185678949608        341.770007701044     
   165.135911790790        103.997009428192        273.058022396072     
   721.432687761014        382.988113001672        688.596308932298     
   21.9514917681733        711.211070112340        291.693167104898     
   1887.25588147457        686.806390108486        547.687902439452     
   459.927364778531        610.889300096494        1247.46893254999     
   646.960253043368        581.819019503667        971.594286624058     
   363.476180645649        167.689044732370        81.3186470716683     
   214.940175916304        81.7184258952609        637.987944218421     
   637.647223630132        486.494484782727        111.056740017542     
   404.153675946192        220.945944152547        100.598889427655     
   290.348456516451        385.831994178592        217.175302975481     
   205.272797091248        266.588874159757        16.6544223555718     
   27.9436311808845        376.891485941885        143.429738846185     
   45.1250347130101        163.763943555279        261.832414747240     
   16.9724282379750        124.349385901995        267.892698277609     
   402.845308887161        288.744798280903        82.7042441307107     
   373.520623588412        84.5077917780544        396.071783591974     
   58.1314753032999        209.634020621348        540.087561850016     
   782.862338358952        157.299338260141        53.2614423613542     
   20.5068364738274        295.895387693797        42.4901288302410     
   117.712148842123        34.1174882406832        336.014101229546     
   413.843769477134        51.7940723611224        24.3229070626655     
   43.9438700069412        33.1907282405368        317.710591226655     
   95.9151170739739        511.916783610272        563.965260677317     
   106.300280605026        53.8247670673255        397.366521827473     
   44.0710723599025        116.594585312534        265.471310630168     
   48.1142900076000        246.191068274182        587.197861857458     
   187.155547676621        49.6816047137299        625.085991275207     
   328.127555345947        466.328368897189        221.295750623190     
   386.027340649211        307.620718872120        196.972843560525     
   120.524229430802        36.6887929469717        444.681254187887     
   1039.15690781120        210.410863562648        245.346081215225     
   182.630778264142        321.040567109534        22.3512705917658     
   59.9577376565295        14.1012894139921        146.387193552535     
   403.040655357781        130.600472961806        885.401063669267     
   370.899346529174        164.309096496542        242.343197097103     
   514.047423022374        476.913421840038        277.451046514413     
   616.949583626863        842.379410721295        336.009558288369     
   247.785640627375        79.8149335420190        80.5963194244954     
   87.1744982490639        159.466321201659        667.289914811285     
   78.0977017770419        34.9306747113999        86.3840264842332     
   236.628177096200        168.315970614822        74.2089441293688     
   181.604073558097        29.7290070635194        151.434401200391     
   203.514678855676        263.227097688637        243.846910626752     
   98.2138453096312        524.023721847479        28.6886735339433     
   23.5869505919610        96.8963923682466        1030.19368486861     
   623.146155392548        649.613330690846        1325.55754844467     
   922.239773675086        917.233452497824        58.8356311857641     
   131.599920020787        120.519686489625        253.546090040049     
   179.864127087234        277.928055338018        453.412787130443     
   635.616528923929        1274.37223020130        720.101605996098     
   778.750976593597        202.801437090857        129.519252961635     
   399.256385357183        171.659575321232        166.212588849784     
   1102.37647723295        30.9328864754743        609.558218331578     
   228.714373565539        504.666249491480        1264.15969843498     
   1030.63889310397        1989.64923266722        14.5510405905337     
   1652.88554614344        134.698205903629        564.542214206820     
   231.426509448320        26.7261229453980        1188.98310783487     
   721.419058937482        597.215047153158        530.370210672011     
   326.419409463325        116.276579430131        696.328394815872     
   1008.27399368868        582.082510091944        1063.09366487380     
   443.790837717158        988.066991332542        414.534296536067     
   1123.96453370695        802.387899538507        1383.04392610081     
   84.9393711898873        70.2429564816836        804.032444244649     
   285.514767103922        152.215787082867        429.139852420727     
   840.280571897434        941.174752501606        1196.43353136546     
   161.606046496115        215.617074151705        231.612770036585     
   654.964915397574        30.9556011813602        187.537154735505     
   204.237006502849        995.390212510169        842.324895427168     
   206.817397091492        713.287194230315        233.148284154474     
   81.7138829540837        909.773943084881        934.346711912292     
   1639.27035143540        4345.69575715702        2906.83725575327     
   728.088096585594        2108.76060739192        344.822864172114     
   956.884243092322        439.665847128272        172.263786497798     
   39.7779929474597        987.262890744180        104.228699428228     
   142.271288846002        685.570710108290        221.350265917317     
   440.092883598927        620.747482450992        731.195468350791     
   1669.94883320496        242.334111214749        241.788958273486     
   175.389330027704        1161.43925547757        933.778844265144     
   21.7743170622629        989.934140156366        498.387904784606     
   133.398924726954        135.220644139006        1012.83510663057     
   801.497483067778        6.16477117744435        392.046737708985     
   251.419993569125        51.2807200081001        222.290654740995     
   641.145288336567        1804.07917146144        241.207461802806     
   258.366150629046        387.531054178860        275.729271808259     
   914.798436026851        277.387445337933        648.572997161270     
   1993.77876619728        679.337794813188        87.7787094256299     
   78.5928823653555        810.006411892652        835.973863661459     
   900.810720142289        160.029645907631        145.301430611187     
   36.0164376527479        172.286501203684        943.473480737263     
   480.902124193609        100.140052368759        133.112719432791     
   100.353570604087        130.287010020580        354.113178879464     
   102.906703545667        489.447396547900        42.4628711831779     
   614.528195979422        335.346288876500        377.318522412541     
   1055.57509722556        455.588855954316        42.2902394184447     
   529.525223613054        49.6816047137299        861.119043077196     
   82.9768206013420        1380.00015551210        2201.62741093600     
   918.764423674536        1550.71479906848        193.306690030534     
   691.989885991657        73.6047329528028        48.9047617724307     
   177.610828263349        1053.83969369587        1073.37434075778     
   40.9455288299970        629.451757746485        156.068201201123     
   1029.41229898613        76.2214670708632        328.813539463703     
   309.233462990022        216.784610034243        334.751163582288     
   453.072066542154        287.981584163136        380.135145942398     
   252.610244157548        1292.30776196883        824.648311306729     
   19.4392452971882        88.2648041315891        478.140015957878     
   140.876605904605        102.811301780946        70.4701035405430     
   116.190263547765        12.1569105901556        1057.21509899052     
   108.689867664227        87.9149976609456        123.009218254724     
   23.7141529449223        36.9795411823117        292.828902399195     
   279.499912985325        685.379906578848        862.868075430413     
   78.9654035418849        1020.98514310245        576.989873032316     
   189.758652971150        376.786998294810        985.332140743875     
   251.588082392681        1245.31557843200        419.776850654542     
   1711.38954262327        546.034271850956        509.917889492310     
   433.296643597854        579.974585385728        39.8688517710034     
   163.386879437573        176.933930027948        722.586594820020     
   235.964907684331        288.367734163197        839.594587779678     
   970.004257212042        1850.63068970408        287.713550633682     
   623.314244216104        1453.44134258252        1413.58157669387     
   984.627984861411        3303.99025934542        886.518627198855     
   1160.33077783034        474.651037133798        128.238143549668     
   73.7228494234097        326.801016522209        109.330422370211     
   439.756705951815        1075.22786075807        319.768543579921     
   458.696227719513        319.982061815249        428.826389479501     
   163.305106496383        498.651395372883        796.068668361038     
   119.515696489467        58.6039411857275        62.5744717745899     
   301.378717694664        611.647971273084        92.8440888381947     
   1028.83080251545        151.020993553267        407.756228299702     
   1278.76525431964        59.5988453035317        355.980327703288     
   496.370838901934        241.030287096896        57.1274853031413     
   46.9876405956573        637.220187159477        53.4022735378470     
   1777.52568028077        2265.04232682837        175.757308263056     
   1101.97669840936        203.573737090979        850.806566604979     
   360.037174174517        56.5868753030559        1932.41725971700     
   72.7960894232633        7.94106117772493        1157.22340606514     
   41.6269700065752        68.7892153049833        263.740450041660     
   1137.23446488552        958.092665445455        916.379379556513     
   18.8486629441537        758.444029531566        356.589081821031     
   592.226897740605        97.2961711918392        437.203573010236     
   1244.41153313774        337.313382406222        535.421961261044     
   621.569754804063        174.153650027509        181.018034146240     
   154.478171789107        224.607554741361        1168.37632665514     
   344.645689466204        809.774721892615        710.588687171066     
   80.7462364833426        54.2109170673865        297.598990635243     
   29.7062923576335        18.4443411793840        871.027197784643     
   91.1950011908754        293.274110634560        107.776736487612     
   390.424907708729        124.767336490296        386.999530061129     
   681.681952460617        1305.90932785334        135.833941197926     
   255.304208275621        348.348186525612        659.080820104106     
   824.848200718525        267.461118865777        102.302492369101     
   888.958186611005        64.0418417748217        305.367420048235     
   288.663025339714        297.067466517512        204.391466502873     
   325.188272404307        142.080485316560        53.3068717731260     
   588.524400681197        460.985870072816        301.301487694651     
   762.882483061679        82.7542164836598        129.478366491040     
   250.783981804319        338.585405935835        455.148190660129     
   365.915740057799        1800.40847499027        614.087530685234     
   759.448019531724        427.736083596976        211.728316504032     
   183.652940029009        90.2455264848431        54.6016100086247     
   479.121291252151        1222.23743725188        505.779270079891     
   659.880377751291        492.863688313145        1174.76370195027     
   268.065330042343        393.532279473926        298.503035929503     
   956.270946033402        78.1522170711682        17.1496029438854     
   1280.76414843760        446.830065364697        10.8167429428850     
   1022.03001957320        166.989431791083        2527.36992216392     
   597.233218917866        628.861175393450     
 ------
  0.000000000000000E+000  0.000000000000000E+000  0.000000000000000E+000
  0.000000000000000E+000  0.000000000000000E+000  0.000000000000000E+000
  0.000000000000000E+000
  0.000000000000000E+000  0.000000000000000E+000  0.000000000000000E+000
  0.000000000000000E+000  0.000000000000000E+000  0.000000000000000E+000
  0.000000000000000E+000
