           3          12          12          12
   4.20000000000000        7.91500000000000       -5.20000000000000     
   72000000.0000000        2896571.00000000     
        7180         403        3031
   2043365.95238083     
   4729125.47618994        4723636.19047534        4705643.33333305     
   4738992.85714299        4920257.14285761        4892347.14285698     
   4857860.23809475        4532095.71428512        4485292.85714252     
   4559693.57142843        4688763.09523816        4768535.95238162     
   4690938.80952381        4587121.90476199        4536334.76190527     
   4524335.23809595        4602010.23809533        4696856.90476170     
   4682315.47619059        4622358.09523837        4668659.28571424     
   4748880.00000039        4734665.00000001        4703017.38095212     
   4795609.28571434        4802976.66666611        4790945.95238060     
   4875425.71428541        4768128.80952347        4747123.57142796     
   4869468.57142853        4934117.61904761        4954079.76190447     
   4948644.52380957        4950576.42857131        4936451.90476151     
   4941076.42857160        4936054.04761855        4987578.33333300     
   4958504.28571388        4901942.85714327        4893760.71428573     
   4900062.38095234        4899276.66666722        4940915.47619136     
   4913010.47619123        4974305.23809533        4944859.76190474     
   4840658.80952395        4708359.52380943        4691904.99999963     
   4782501.42857132        4777913.09523779        4682635.95238077     
   4641641.90476165        4796540.71428518        4782036.90476190     
   4697681.66666701        4688970.23809473        4702895.23809531     
   4766419.28571376        4946105.23809585        4945890.47619064     
   5016280.23809496        5279218.80952396        5303218.80952411     
   5300414.52380887        5300611.90476206        5379407.14285737     
   5353322.14285715        5350650.71428523        5329114.99999991     
   5342798.33333326        5360944.28571458        5251482.38095202     
   5301593.80952464        5283912.85714197        5298072.61904828     
   5429691.66666671        5357373.80952411        5310751.19047628     
   5286156.90476201        5267085.47619082        5283644.76190460     
   5279170.47619020        5324190.47619061        5212423.80952332     
   5195779.52380973        5215016.90476230        5083669.76190429     
   5014756.66666716        4999785.71428537        4975778.09523840     
   4960258.80952310        4819188.33333298        4806122.61904815     
   4857997.38095254        5002601.90476164        5074381.19047642     
   5150188.09523825        5185941.19047631        5262841.90476193     
   5246683.33333270        5270653.33333279        5316003.33333375     
   5271722.38095267        5252097.14285632        5263615.23809426     
   5245745.47619083        4990824.04761898        4978390.00000039     
   4889551.66666649        4801772.85714249        4827168.09523810     
   4841575.23809550        4811936.42857198        4793121.42857100     
   4813248.33333350        4833848.57142815        4832556.19047609     
   4825807.38095253        4849241.42857147        4926219.99999987     
   5018781.42857181        5007018.80952360        5090548.33333349     
   5303208.09523834        5249960.23809515        5192365.71428533     
   5184923.57142827        5211125.95238075        5145347.61904778     
   4908827.61904798        4919235.00000033        4927956.19047627     
   4842564.28571485        4853339.99999986        5024565.95238105     
   5023980.47619060        5029257.38095242        5030840.47619009     
   5014677.14285739        5020621.90476132        5021649.28571380     
   4861325.71428634        4711918.57142816        4697747.85714323     
   4813388.57142859        4857560.71428581        4546835.47619012     
   4398280.47618988        4359800.95238069        4390311.19047657     
   4386474.76190476        4401570.95238137        4445867.61904761     
   4455694.04761914        4433524.04761886        4436839.76190420     
   4433789.99999958        4450648.09523816        4519178.33333311     
   4522646.19047655        4515630.71428554        4565624.52380975     
   4536895.95238119        4514190.95238127        4540139.04761884     
   4562627.61904713        4648571.90476154        4751776.42857100     
   4705923.09523776        4709028.09523813        4741251.42857100     
   4711021.42857099        4669481.42857153        4659006.42857131     
   4650175.95238138        4651411.66666672        4614566.90476191     
   4607280.71428603        4456411.42857118        4461296.90476183     
   4583956.19047646        4560443.80952362        4641871.42857137     
   4650559.04761949        4676264.28571418        4709537.61904757     
   4711424.28571399        4715590.23809534        4750085.23809479     
   4799689.28571425        4792960.47619030        4807043.57142833     
   4787295.95238035        4772837.61904758        4829695.23809499     
   4856980.95238057        4814670.95238113        4741879.28571419     
   4818552.85714209        4777232.85714283        4768972.38095209     
   4812891.42857077        4812396.19047591        4617150.95238071     
   4586112.61904799        4596505.47619038        4592494.28571434     
   4571624.76190520        4568067.61904762        4611997.14285710     
   4568739.04761946        4528463.80952353        4487880.95238043     
   4438932.38095213        4449622.85714366        4459651.66666693     
   4459203.80952401        4431148.09523817        4567530.00000033     
   4731194.76190458        4763455.00000027        4784310.71428577     
   4801856.66666733        4846272.38095244        4939853.33333398     
   5073810.71428573        4785319.99999976        4726369.76190498     
   4696138.09523772        4738445.71428581        4745894.76190486     
   4696000.23809545        4775566.90476223        4730008.57142858     
   4646251.66666681        4948700.47619077        5130417.38095227     
   5162857.61904780        5131674.52381014        5103964.52380947     
   5105819.76190427        5128121.19047638        5206850.47619016     
   5225080.71428543        5090355.00000003        5041265.71428595     
   4936730.23809473        4990778.09523790        4939855.23809555     
   4932216.42857156        4907417.85714333        4876710.23809513     
   4886223.09523864        4913905.47619053        5023256.66666701     
   5123304.04761958        4857421.66666657        4814218.80952379     
   4504830.47619038        4553529.99999989        4599094.76190407     
   4611582.14285729        4620593.33333370        4567829.28571384     
   4519322.14285744        4610542.38095211        4666849.28571463     
   4723745.71428532        4740629.76190508        4820211.42857143     
   4807278.33333369        4834781.90476211        4831478.57142842     
   4723613.09523850        4808252.85714221        4868574.99999987     
   4833468.57142852        4879397.85714348        4886257.14285775     
   4917973.57142925        4928709.76190464        4973498.80952440     
   5138327.61904817        5181576.19047551        5117435.47618975     
   5146445.00000015        5271590.95238091        5242225.23809556     
   4953767.85714325        4883254.28571395        4803604.76190456     
   4742878.80952415        4630194.76190384        4473413.09523815     
   4405860.95238132        4400761.42857189        4340111.90476219     
   4336319.76190459        4295075.71428605        4276814.04761924     
   4193181.19047594        4149663.09523803        4187042.14285713     
   4279068.80952370        4645456.90476133        4623771.19047614     
   4579730.95238089        4515773.57142854        4780269.76190415     
   4684187.85714351        4510511.66666674        4600469.28571449     
   4702899.04761875        4672363.80952365        4752812.38095297     
   4730426.66666679        4634582.61904774        4579036.66666715     
   4599991.19047624        4615628.33333276        4620281.19047600     
   4626525.71428575        4610680.23809490        4530697.61904794     
   4511441.90476174        4506024.04761896        4612972.85714300     
   4590208.57142820        4568204.28571416        4377744.76190494     
   4320226.66666655        4278442.61904732        4290876.66666620     
   4357130.23809486        4378685.23809552        4370692.14285778     
   4411132.85714334        4432969.76190458        4660197.61904679     
   4658906.42857145        4656812.61904759        4659901.19047633     
   4654183.57142891        4573026.66666685        4541034.04761885     
   4567600.47619020        4583304.28571430        4622015.95238124     
   4607239.04761905        4587344.76190526        4607041.42857186     
   4605593.57142852        4671733.09523804        4571446.42857192     
   4508660.47619045        4535747.85714260        4453018.09523842     
   4496984.28571462        4583105.95238153        4472173.80952353     
   4505568.80952402        4327130.47619008        4436213.57142831     
   4447641.42857108        4460036.66666665        4507715.71428516     
   4557695.95238115        4456357.85714291        4463782.38095251     
   4449318.57142811        4388405.71428573        4505399.04761929     
   4543333.57142888        4555241.90476198        4535413.33333379     
   4480474.52380929        4427135.71428533        4427705.95238115     
   4453094.76190499        4523250.00000022        4605925.95238073     
   4591557.38095240        4597845.71428532        4507510.23809510     
   4508618.33333329        4612715.23809545        4424630.71428598     
   4376623.33333356        4245479.76190466        4286710.23809497     
   4336484.28571473        4344496.42857135        4386278.09523782     
   4404747.38095263        4427547.85714318        4420117.38095279     
   4328005.47618976        4524037.38095252        4711242.14285752     
   4775267.14285698     
   1367480.97451251     
   3177303.94819411        3192871.10170697        2924794.00297214     
   3276962.00279611        3208905.53793246        3007972.76396240     
   3257601.86100813        2784303.81366105        2661257.82770009     
   3029992.69032618        3088489.36003406        3280931.27564783     
   3259013.55607419        3294906.45260881        3153342.97406740     
   2961297.08543638        3062604.02595337        3006282.28772082     
   3191182.84926794        3012989.82877820        3048541.80053012     
   3184202.28479833        3131353.28007136        3065570.89964236     
   2981858.92643688        3001927.14319747        3225151.06316907     
   3451607.20706589        3101602.26781629        2927745.92960143     
   2827094.91241819        2774242.53534690        2922548.17996431     
   2616146.76538015        2733121.48121097        2834103.00034399     
   3000017.72583973        3217870.98900281        3115427.12845011     
   3011454.46384105        2848954.91116319        2676286.14826986     
   2888737.74803548        2756074.94202537        2956493.63807999     
   2645258.42219432        2991797.26762410        2949500.35095786     
   2750490.25499534        2813887.58305204        3180471.50300837     
   3003665.33536175        3203552.44881656        3315658.70155519     
   3047370.52051694        3146672.91215916        2953052.08936510     
   3124835.93765417        3076209.96155401        3109638.67613009     
   2986173.90433690        2894437.56000803        2990453.29653895     
   3193625.73446818        2985628.60665713        3403072.45928135     
   3260381.06949269        3028962.23414920        2954923.93547967     
   3058275.34278667        3309361.72367490        3141872.20634360     
   3294224.09987145        3161614.30991207        3163098.03769490     
   3020818.75758848        2820810.09655111        3186687.18191314     
   2809867.62058194        2789274.77439487        3289351.51224713     
   2950716.82413582        3111356.62566709        3151699.10632609     
   3141555.96851041        3191649.91362092        2986210.66674079     
   3033446.86645543        3351688.49123485        3083189.71665282     
   3177950.58006929        3013125.84567577        3330062.34368914     
   3080174.70965840        3121855.01289902        3229637.30701705     
   3001958.84831513        3207440.96163790        3575059.78339170     
   2997890.84339606        2921886.91589879        3322815.77423012     
   3006908.62686101        3214843.45955416        3136020.48573770     
   3065596.90069281        3052868.53255835        2998541.18363604     
   3382942.91845350        3042947.53560033        2815100.93524708     
   3106968.69960873        2860888.56117031        3246798.10879280     
   3079541.12813624        3190223.10510017        3001247.63679913     
   2864747.75536905        2750200.93515433        3072859.81034338     
   2833909.49154529        2973906.91464243        3138355.21962287     
   2831301.66192288        3291458.06772335        2929708.85611009     
   2934031.19396694        2822084.41147609        2796469.77605952     
   3125183.11211330        3023576.31814573        3038502.19632178     
   2983239.72958897        2909678.38192829        3062824.12546271     
   3037732.37278406        3107870.85450975        2927578.34170866     
   3319414.93496784        3113172.06926833        3188582.25794403     
   3083896.46870725        3382784.13145403        3003561.68411650     
   2835027.39392341        3291748.95266216        3082281.75414835     
   2961783.84608214        3051016.87149807        2965880.81072740     
   2816821.66547222        2753650.62211460        2698152.15400911     
   2645271.07530288        2924058.94313640        2857938.04385929     
   2813811.85958440        2655480.21535781        2891782.49054967     
   2862878.70077211        2812830.16297181        2828966.70310683     
   2921086.76111349        3117159.93372628        2806500.63391002     
   2742188.35997594        2955973.39159378        2823670.27818009     
   2843311.38951778        2864681.36935214        3244461.63115961     
   2850929.81255181        3249958.01894374        3120095.38233031     
   3071928.36365271        2858718.82869244        3084734.92758622     
   3239684.84813462        2874940.24448018        3010882.56383524     
   3086930.80359686        2820752.41906710        3007279.31063659     
   2816630.35508456        3112871.60173156        3024698.08007079     
   3221288.34465094        3005907.23848901        3093450.14169534     
   3401945.81259283        2981630.17571928        3056762.25368167     
   3169282.22582145        3018325.30965142        3004977.01339923     
   3112328.65188733        2975363.40198156        2988010.80613366     
   3185999.80463822        2935166.84510877        2952986.62013195     
   3196566.27231308        3016735.75296475        3079808.02557594     
   2904476.27597791        3279660.79178206        2960499.20718188     
   3199679.75142825        3064547.70788372        2838436.16459566     
   2733807.14966861        3205131.60343468        3092769.34422590     
   2915136.11115053        2893549.84524720        2851790.89317072     
   3313023.97959036        3117963.90145562        2868614.01511785     
   2876852.13947774        2881221.43242444        2763455.56890199     
   2818644.71912358        2846062.99855077        3488641.52123520     
   2842673.09022156        3001734.26759594        3369664.57068148     
   3129003.65888018        2844661.90721221        2951510.04832474     
   3049467.13698279        2937944.47333378        3230951.14026241     
   3063769.99869193        3105446.44624898        3104531.21149798     
   3273313.94489023        3326538.79680506        3097122.39988117     
   3201768.89781114        3227639.39398234        3063238.35029234     
   3102743.82314687        3237053.33219187        3130509.45543356     
   3763520.33507370        3146734.82768401        3308892.83479621     
   3161272.55380197        3201095.65625851        3179326.52139820     
   3372071.38382763        3069224.94388962        2776353.46382096     
   3144744.18717121        2874768.90252440        3251764.54720855     
   3379626.72653391        2916287.68187153        2970017.95921576     
   2843839.66296805        2972372.98063451        3075883.28994268     
   2803679.98911441        2922912.47203116        2853995.69145624     
   2772500.03577062        2893118.28448552        2694355.68647665     
   2604676.30625062        3023422.05056103        2944164.47836116     
   2890058.60917480        3263280.74208291        3215864.82441436     
   3389626.17319358        3280313.48839835        3518386.22106030     
   2983748.82444162        3046496.51797585        2981606.64949667     
   3422267.88396196        3226883.68677593        2900607.09843063     
   3414078.75845496        3223152.01888446        3039866.10517092     
   3239919.04810094        3282544.03645020        2733421.14252018     
   3087159.66457761        3359922.74310849        3055230.34415418     
   2978218.77649264        2705555.51880872        2813753.83078329     
   2826010.89118115        2928042.02257303        2814241.08322649     
   2778450.53508202        2845660.59258290        2827806.74075701     
   2708706.81116001        2711860.87280770        2815844.37514081     
   2843540.57592907        2975962.28630571        3001429.69663246     
   2983807.82398644        3162333.69473837        3524493.44539764     
   3180492.04194258        2787538.29518520        3081990.99317482     
   3321212.30789597        3090455.93861237        3047763.17375802     
   3018572.17066242        3030469.04369863        3162234.31765927     
   3153243.08865255        2981648.01579780        3217733.91339833     
   2966871.17347078        2877789.31917210        3011188.92078522     
   2939649.71379340        3136119.77155463        2679706.83251381     
   3080458.74193038        2902547.31783948        2686564.84230756     
   2943645.46588773        2794882.39656923        2859493.18362339     
   2843342.97852997        2933529.46299129        2769806.98997259     
   2549238.53949358        2714628.10603010        2905527.35230280     
   2670504.13044421        2772892.41976379        3061880.84261323     
   3067908.36266061        3213306.92853904        2991442.61532611     
   2891410.18549516        2916930.58219331        2826937.44915285     
   3087206.22241077        2875410.39858223        2917770.81557755     
   2725620.04562302        2841503.86778281        2709629.11420751     
   2944659.00443866        2865410.37743390        2880911.29232424     
   3194975.69636060        3102115.53512447        2958687.40692976     
   2993743.41178286        2719412.19513251        2790070.08135626     
   2851941.19800293        2821395.25541039        3265203.40952285     
   3368243.93759217        3237661.24252620        3307980.59286918     
   3249683.62306743        2921528.37051834        2842704.56206930     
   2962833.11655992        2995828.08680618        2759315.23462083     
   3010232.56464981        3018455.33494989        3265528.98761098     
   2947928.82991624        3078340.56738218        2847603.14837387     
   3005722.47840702        3343242.72558777        3249740.79580676     
   3055247.04206628        2523515.73015796        2992097.26811429     
   3097120.86370638        2829298.47351235        2949123.83275799     
   2963953.96606118        3084984.26776934        2747157.77705753     
   2754818.57412238        2829629.51177043        3112748.24257469     
   3088183.80705277        2832048.16997982        3112305.69304212     
   2661047.49566917     
   481.568747230598     
   1199.93817576376        1172.84008981378        1120.44112698596     
   1144.07856153670        1179.20569809718        1191.27927778896     
   1155.97041973507        1131.64117393208        1128.17466250321     
   1180.05949589903        1219.05643131816        1229.35996576547     
   1177.21059807822        1196.61872461258        1254.64143742962     
   1179.09313437576        1201.51024365631        1203.44084449203     
   1196.80929465233        1110.75076227463        1141.56086328673     
   1156.13357347855        1155.59856709403        1163.96074767732     
   1177.19016361651        1157.94103030748        1188.03032992662     
   1194.97976008153        1141.27791596668        1172.24669860820     
   1149.64539309255        1169.05268562164        1232.16702674123     
   1213.64030439853        1140.05378978898        1108.88158660391     
   1184.63201596963        1173.28889795342        1197.28017524352     
   1097.09366018638        1131.45795164186        1208.07498977012     
   1277.11563149135        1142.68668120780        1136.65260757499     
   1171.68375871726        1203.81924643094        1233.02511365904     
   1138.40894771432        1136.32682363168        1165.24247199007     
   1113.30893239768        1221.03841224052        1197.41384051549     
   1125.81662191104        1184.74869237774        1167.40368791318     
   1155.77673553830        1148.59586919211        1094.19668431828     
   1183.53470243325        1129.31866697146        1113.86398890486     
   1188.45208432982        1226.35903621638        1230.84870372819     
   1242.33652016731        1261.65317116206        1222.47791500805     
   1362.32321897193        1245.07288404274        1278.86600412827     
   1272.53934306996        1385.09377083890        1293.33433623766     
   1190.71127308324        1215.98661068962        1274.93933698049     
   1264.46695158582        1280.98795457115        1189.25863889889     
   1242.52847989436        1181.13243007672        1138.38636313733     
   1176.45809182217        1213.50684264624        1213.03339779264     
   1180.32624617561        1275.55538240276        1098.76827692704     
   1183.63457970038        1156.88630119094        1253.62996371158     
   1215.73200737793        1190.50478245297        1133.97844557205     
   1159.10047617516        1175.77533843614        1306.04691841397     
   1257.72643771138        1201.56870771455        1286.75383903229     
   1217.28725466696        1246.47629134984        1309.58483439860     
   1187.95739448696        1314.89019535577        1202.27070958281     
   1285.95634961374        1203.00466656784        1124.35130299357     
   1138.73402737078        1174.55309252867        1227.87051707198     
   1211.48486063193        1236.25199472929        1078.04349070099     
   1121.82499756678        1166.49605908727        1193.24951709789     
   1193.80661244256        1203.46510846355        1199.79513250924     
   1215.30061191057        1205.21345274554        1184.78127788621     
   1233.82981535403        1196.21365675729        1236.05805169117     
   1243.06738798058        1181.65807452283        1129.64445638289     
   1122.14585465562        1168.45579809620        1197.22902137583     
   1190.96028245224        1167.10591914932        1207.10823760300     
   1259.51612134222        1241.41656097347        1243.23406520703     
   1232.75678245378        1189.76719877252        1175.42059104380     
   1137.76608462353        1160.73910373260        1228.10746426959     
   1222.83996234411        1198.83326895205        1125.32685122768     
   1081.81791004636        1171.56584422054        1059.74429146922     
   1106.62834794775        1068.20281456140        1078.74824023999     
   1203.54130161446        1125.61995701047        1187.05020888210     
   1114.06917323444        1147.20441418086        1135.39889145887     
   1133.28128076078        1141.77095917931        1169.30143920605     
   1122.76990607227        1175.03444669325        1185.87183694608     
   1222.56150955564        1198.79116737819        1164.86566389385     
   1166.39718985098        1198.47913195578        1190.50583500501     
   1221.73828230318        1111.91036693221        1214.86132099562     
   1177.02773742817        1162.16522187919        1124.85438675091     
   1204.26523231000        1153.36550116143        1113.77448326210     
   1177.08072883847        1184.24398870257        1174.88191179935     
   1164.92966756044        1118.97706409419        1151.38022091813     
   1238.87599934637        1130.23061502041        1098.82549174583     
   1154.73661871559        1202.41707001840        1168.69917331615     
   1209.98919983812        1159.08824694071        1164.53597978264     
   1221.62213430476        1144.79750370989        1169.91575676824     
   1232.74244448500        1203.34452503922        1196.74389681979     
   1263.90992087915        1201.31860371145        1190.37897787921     
   1134.16259376892        1126.22752977798        1175.05375252751     
   1182.01456257017        1168.63837939529        1136.91834316902     
   1169.62843541552        1143.79475870837        1102.68236273591     
   1143.34582647553        1163.80033941826        1152.52116157746     
   1152.94692690739        1179.44258948990        1140.55838293188     
   1203.61708823834        1158.53975729368        1150.56160758781     
   1200.09173103022        1167.41615211413        1234.77641919275     
   1209.43783605204        1144.51932976997        1107.80380181203     
   1154.11248258357        1154.42543716344        1212.63316677037     
   1184.47759711916        1232.91372304540        1226.50380745269     
   1219.13266268433        1225.88427779820        1306.39886950708     
   1264.61823592347        1280.76805022318        1244.16045175088     
   1324.68743477724        1241.89486999275        1239.00079517949     
   1226.18891267133        1257.05967365246        1226.07322179553     
   1278.21573573302        1141.64488158459        1238.47923255293     
   1202.33533659721        1215.28995404951        1285.38196885417     
   1245.02573520583        1265.40069505763        1216.58314695216     
   1248.59437357903        1204.88213135339        1145.45460844163     
   1112.84205769155        1154.90146021443        1140.68690890218     
   1161.19754191530        1174.00815547384        1137.78043415010     
   1074.96806328389        1127.93395082450        1145.66683264991     
   1209.23267317160        1123.45212552190        1179.95266055619     
   1204.98955874912        1163.70955051031        1200.88023882594     
   1228.80263348099        1211.39881001057        1224.85092140397     
   1173.76802744259        1206.44427651293        1198.59170049472     
   1238.93928617948        1181.40088410974        1231.14508662303     
   1265.43920035171        1247.76189968501        1226.64657210731     
   1231.91471324303        1218.62988185953        1204.56574779892     
   1227.04841934146        1187.29527155825        1169.72078683878     
   1142.49609468483        1207.78646370623        1146.42487600384     
   1115.24953358435        1119.62349468176        998.969286825004     
   1039.70184176659        1037.67441212160        1076.22063355623     
   1069.62514119774        1049.27630530400        1059.14603999571     
   1092.30485236569        1118.38220956060        1158.80066711644     
   1118.40007170866        1119.04910074128        1209.38534552642     
   1211.70620125881        1119.37049309010        1122.11448804006     
   1190.16742354526        1203.37970920052        1159.29851558024     
   1134.15380253744        1161.75224967843        1155.10833977812     
   1182.58746972441        1182.50489130772        1176.47140652145     
   1097.78998873034        1129.01959258171        1080.46849063234     
   1140.53535320689        1143.23927847958        1111.04017903260     
   1132.43694708137        1131.49012116785        1085.51217600565     
   1113.91573046596        1053.79501141513        1038.34490461362     
   1073.15554030649        1056.00403534031        1088.66943827717     
   1052.65073481356        1139.99768587339        1199.60625990952     
   1191.03447861995        1145.28840268454        1187.58629734652     
   1198.41820422055        1142.71733858919        1138.27235827459     
   1078.20224199864        1119.61108897424        1124.60152067363     
   1128.81987675458        1107.98852902935        1110.58844347480     
   1170.26551568549        1169.06133630164        1179.44078549777     
   1141.05163224049        1168.01883568611        1181.44289267159     
   1113.13602604824        1177.94479677240        1162.96818283429     
   1135.22647312893        1142.87651720621        1093.46909561232     
   1126.86059581368        1141.41993126311        1183.68121050905     
   1104.90478163539        1186.51470650607        1181.43573881525     
   1177.01237276114        1120.68062449576        1180.52407500042     
   1083.03241487594        1161.84793460883        1123.48053882860     
   1173.60913231201        1154.44729770716        1096.56317386074     
   1125.07666464710        1177.87001917635        1145.29999530464     
   1114.33263905733        1144.47029610935        1156.72800623204     
   1179.46799810256        1137.14964087827        1054.92087760841     
   1145.99837264180        1077.67496849620        1160.19570581031     
   1123.25903525387        1102.04752526057        1097.10662544286     
   1133.15308120174        1059.59205526513        1117.29645678559     
   1118.65338816367        1127.18784669624        1187.24382289570     
   1181.90248417000     
   695905.000000000     
   1933.84374324664        176.774927086746        493.486071254420     
   1608.50101084231        415.651860065655        339.439478877146     
   71.0561429524003        1389.35861433711        306.980164166137     
   1341.89850785902        1910.19773441938        734.402784821886     
   2.83933823574261        513.202435963417        25.6585317687588     
   8.49075706016470        565.028308912779        29.9788688282648     
   183.707455323135        231.226620036524        866.629630725125     
   353.477167114658        283.756648868351        3849.45212060805     
   213.118456504252        141.498988845880        331.820966523002     
   28.0026894161879        1511.74999259173        65.1821200102959     
   1662.82550143912        116.113033547753        62.3927541275024     
   127.765677667240        31.4734964755597        2.61219117688320     
   12.3431711784203        109.066931781934        315.688982402806     
   182.535376499421        8.25906706012810        32.2003670639098     
   56.4142435383228        6.86892705990852        213.300174151339     
   469.808261838915        1216.04086548620        624.368206569211     
   3954.73932533056        1021.25771957308        7562.65234942986     
   694.511218344997        1182.98188253980        289.040089457420     
   6.98250058933823        4512.95322247756        1693.77201673813     
   464.915514191083        166.871315320476        61.1888747155475     
   2040.94358149885        13.8332558845380        6.34194588335469     
   1823.38667146449        229.482130624483        7.45496647176580     
   5.36975647143642        8.44987058957001        600.358762447772     
   574.927377737872        96.0059758975177        8.23180941306497     
   14.0058876492711        35.7802047115341        855.840145429303     
   720.387811290261        552.017325381312        303.114121224349     
   977.277506036720        663.859994222508        9.90361176627022     
   958.047236033683        677.638734812920        8047.20699832993     
   341.797265348107        100.662490604136        670.624433635341     
   1027.04088369164        534.990381849211        254.849914157902     
   2360.52132154933        8.65884588372066        2665.57073571516     
   645.133990690138        294.368959458262        28.3933823574261     
   822.285981894591        2676.95534630519        1835.52541028993     
   338.844353582934        380.975590060178        184.697816499762     
   6.28288764805125        2338.31996801641        1192.34942724716     
   487.662020665265        14.7282152964441        20.9611305915462     
   1284.90276785002        12.5657752961025        169.647052379738     
   231.958033566051        1015.63355839572        141.835166492992     
   42.6718464773285        18.6624023558890        1004.26711957040     
   88.3511200139556        5.30161235377860        145.228743552352     
   42.9943953009089        208.062162974041        504.607191256177     
   438.003130657421        98.7907988391341        1577.03660024910     
   2305.30641448179        454.807470071840        2.92565411810918     
   576.726382444039        392.823580650284        4562.70751425012     
   5.05175058903325        98.3319617802381        1122.71068194205     
   11.4164111782739        19.3620152971760        136.506296492150     
   29.2519982399147        4.07956117711498        288.681197104423     
   218.774418269851        40.6002653005307        37.1748876529308     
   1120.04851841221        1638.49805143528        63.5375753041538     
   2727.84083043088        636.020850688699        2458.30813038831     
   141.526246492943        273.966610631510        32.3684558874657     
   29.9107247106069        23.3507176507472        62.2928094216043     
   65.3411229514975        4.09319000064655        29.1929400046112     
   19.4983035324916        104.196898839988        66.4450576575543     
   162.591864731565        305.113015342312        226.656421212272     
   8.93142235435195        3.69341117705399        89.1643064846723     
   95.5335100150901        576.485606561648        358.147310644807     
   5.81496470680086        131.286457079561        487.425787724051     
   166.239846496847        4.47934000070754        3.37540529465081     
   35.9755511821532        25.7811911805429        7.09153117759074     
   473.192753015920        112.115245311827        719.315677172444     
   383.074428884038        103.833463545813        28.9249064751571     
   145.324145317073        86.3385970724613        23.2371441213175     
   157.471970024874        257.085041217079        149.231074729454     
   104.923769428338        42.8126776538214        220.727882976042     
   23.1690000036597        326.542068875109        338.435488876987     
   84.2443011897775        132.926458844526        170.342122379848     
   957.284021915915        123.150049431217        56.5459888324612     
   42.4356135361147        35.6075729468009        1191.01834548225     
   27.4575364749253        37.3475194176640        419.268041242697     
   5.58327470676427        18.3671111793718        823.335401306522     
   137.428513551119        162.855355319842        418.609314772004     
   85.0256870722539        3.68886823587680        21.1791917680513     
   133.785074727015        412.530859476927        2296.40679271567     
   10.4215070604697        3500.74049878826        1037.89397016394     
   2.94382588281794        157.294795318963        1145.19824076913     
   225.529771800330        2996.97829459104        600.726740683124     
   625.344938922307        2243.03177682489        81.4640211893384     
   2155.11223622277        2344.49836801739        2.33507176507472     
   3644.16569469327        5106.98366786550        4124.72709829859     
   3888.04440590826        21.3427376504300        116.608214136066     
   1423.47155963661        3558.76294350331        357.234179468192     
   305.167530636439        1208.07708960259        447.170785952986     
   384.323737707765        2003.93223972830        11.6253864724245     
   709.639212465033        4.19767764772187        784.120733065033     
   1811.63408263910        1265.33632019987        1128.41661606059     
   859.815218959343        680.968710695799        1564.83426024718     
   391.497041826545        2525.13479510474        63.0741953040806     
   10.8985158840744        2.40321588273254        1853.27468146921     
   779.218899534847        13.3562470609332        172.804396497884     
   140.399597081001        841.747941897666        492.082302430669     
   17.8174152969320        814.135945422716        768.602046003759     
   622.555573039513        2529.10986863478        142.162258257750     
   4796.64627016943        679.964720695640        427.154587126295     
   2762.32175396574        6665.89393281763        3695.86436528967     
   2745.09037808066        109.012416487807        3104.62782872569     
   8774.64091138601        13.1790723550229        754.100977766174     
   2163.01241092990        4163.81002124594        2975.33117988174     
   1070.14885252198        3.28000352992986        2943.91219870030     
   52.7708047142178        496.616157725503        9.11314000143948     
   5.40610000085393        2372.74183331597        510.426698904155     
   973.247917212554        656.623088927247        337.890335935725     
   2713.73499807571        230.463405918756        55.0877047145838     
   1802.08027734347        1946.79566854280        311.859282990437     
   3583.59465997782        14.9962488258982        3621.14206880728     
   2350.99023095959        1250.34915725632        1203.78401019015     
   355.144426526686        1303.79686020594        3.45717823584020     
   989.825109568114        672.805045400392        1642.62758496535     
   138.282586492431        196.550350031046        279.808832985374     
   391.783247120708        1063.52978722681        8.79059117785912     
   1511.91808141529        780.109316005576        29.8652952988351     
   109.598455899665        344.881922407418        236.128453566710     
   87.0836394255201        39.5099594180056        9.46294647208297     
   187.709786500238        220.396248270107        183.421250028973     
   85.4663523664411        180.204847675523        15.9366376495761     
   25.4859000040257        134.093994727063        8.56798706017690     
   192.984141206954        1016.85560957238        41.4861388300824     
   761.687689532078        2.30327117683440        60.3802311860080     
   4.77917411840196        1162.71127900719        270.309542983874     
   320.836134756561        169.869656497420        6.82349764813664     
   417.727984183630        17.0950876497591        176.520522380824     
   626.430701863655        643.698421278147        844.210216015701     
   354.717390056030        5.84676529504118        1535.25517024250     
   675.862444812639        8.21363764835622        310.955237696176     
   521.329757729406        1024.89207251483        4486.36338776747     
   3.42992058877707        4.96543470666668        448.061202423715     
   404.258163593267        40.5820935358220        427.359019479269     
   546.479480086320        967.737329564625        101.834569427850     
   169.928714732724        913.585470732542        502.122202432255     
   1736.68463909785        495.221474784106        738.895753646125     
   3209.22904933045        553.770900675707        384.623571825460     
   2.63944882394633        15.5913741201098        714.441101289321     
   2.67124941218665        56.2597835382984        25.9174794158585     
   351.941652996768        2903.71625516454        3451.62676172168     
   1362.71880727407     
 ------
  0.000000000000000E+000  0.000000000000000E+000  0.000000000000000E+000
  0.000000000000000E+000  0.000000000000000E+000  0.000000000000000E+000
  0.000000000000000E+000
  0.000000000000000E+000  0.000000000000000E+000  0.000000000000000E+000
  0.000000000000000E+000  0.000000000000000E+000  0.000000000000000E+000
  0.000000000000000E+000
