           3          12          12          12
   4.55000000000000        7.91500000000000       -5.20000000000000     
   50000000.0000000        1078264.00000000     
        7779         138        4762
   2998952.96703308     
   5219932.74725280        4877623.95604411        4757000.65934091     
   4798630.54945098        4739847.69230747        4666920.43956019     
   4651723.51648350        4609771.20879164        4676291.20879150     
   4707589.89011018        4589274.50549381        4504136.70329631     
   4398650.98901094        4895939.78022019        4873491.20879073     
   4592426.81318731        4484388.35164841        4506360.21978021     
   4587616.92307724        4524478.02197735        4495869.23076920     
   4492375.16483562        4488449.45054924        4522881.09890118     
   4721608.13186895        4871456.04395571        4882090.32966999     
   4801882.41758202        4680395.38461533        4625720.87912031     
   4744976.92307682        4915633.18681257        4933309.45054982     
   4879485.93406591        5005557.58241819        5046510.10988981     
   5035334.28571370        5089265.05494525        5170410.98901028     
   5146445.05494466        5254666.81318641        5290241.31868157     
   5123552.30769192        5032883.29670337        5019520.87912084     
   4980588.57142839        4981517.14285742        5030911.86813190     
   4933496.70329677        4803554.50549414        4899496.92307728     
   4868553.84615428        4898360.65934027        4989856.04395620     
   5089544.83516487        4840279.12087972        4872206.81318616     
   4765946.81318709        4682982.41758243        4673067.91208760     
   4676274.50549415        4659471.86813151        4642900.43956021     
   4765273.18681385        4822355.16483479        4856270.10988972     
   4880083.29670330        4907225.71428560        4950974.94505477     
   4788144.61538435        4389455.82417561        4283919.78022022     
   4560444.17582417        4914996.04395621        4837260.21978077     
   4798663.29670342        4931512.30769176        4847963.29670304     
   4869666.81318711        4804813.62637358        4816021.97802185     
   4748492.08791203        4675861.09890142        4709110.76923055     
   4679312.74725238        4741045.93406634        4789386.15384594     
   4766558.46153834        4843008.57142818        4984204.83516510     
   4963421.31868191        4951358.02197815        4973195.38461474     
   5119210.10988985        5106672.74725335        5005947.03296647     
   4819197.58241787        4855443.07692309        4933025.93406667     
   5129844.17582437        5400401.75824165        5399337.14285682     
   5347524.39560419        5387906.59340599        5395077.14285738     
   5403816.04395668        5364035.38461481        5464318.24175829     
   5122131.42857222        5101311.86813191        5141325.71428644     
   5172467.69230819        5179515.60439556        5185161.53846107     
   5205412.96703368        5137744.17582443        5123015.16483530     
   5111386.37362587        5189553.84615388        5248369.45054835     
   5435769.89011078        5013967.47252781        4911019.12087943     
   4968074.28571395        5099409.45054927        5081274.06593361     
   5182242.85714342        4946517.14285688        4858898.90109891     
   4663302.85714298        4969644.83516501        4848021.75824270     
   4876937.36263737        4878861.31868197        4890507.03296641     
   4907839.34066015        4911952.74725283        4894228.79120863     
   1983628.71552404     
   2954180.18083334        2873751.36227915        2861107.70456777     
   3163575.04655441        3174761.76953389        2908080.30221453     
   3153426.99347176        3018478.95297125        3041124.68326443     
   3379760.37970202        3278950.47580925        3283928.43027314     
   3382293.20671149        3293642.14528787        3596114.91694886     
   3325808.82585776        3250442.33252996        3544995.65451399     
   3516561.95669195        3465693.62721650        3080123.26178661     
   3346670.10749728        3444184.85193356        3315659.25413105     
   3494299.22492604        3272400.22044482        3303166.94449160     
   3352770.27978562        2999620.08019376        2855057.18538080     
   3207866.67611200        3126870.72211814        3027407.40136365     
   3293970.31985789        3257646.49165682        2937024.62898553     
   3197603.61299986        3178885.95977044        3219887.90085317     
   3530049.22907805        3362511.95136794        3284793.79613206     
   3689483.31857418        3405720.68368390        3118672.70061542     
   3172259.42834685        3661895.44571673        3276408.25651989     
   2980268.91128335        3307106.87815479        3618628.50501373     
   3232704.10630858        3199017.42111329        2946630.47516294     
   3170859.16468494        3313218.83205762        3007721.48449257     
   3070838.84788391        3083796.20378694        2961718.44653886     
   3233024.97770520        2946967.09130753        3150890.07717163     
   3157067.04625494        3033378.06108218        3243866.17209882     
   3019999.65800693        3311364.69190019        3123338.64262323     
   3297415.17101001        3246560.76038128        3013637.85312718     
   3202916.00609560        3454407.73408016        3375118.17097397     
   3448389.10692525        3319469.52359151        3390814.88625387     
   3094647.11731161        3053532.41925603        3652575.30358790     
   3296487.30905957        3359687.02475299        3386954.30768315     
   3102091.55770299        2957118.64386575        3359194.82259252     
   2975836.12799314        3438630.22276825        3372123.11476342     
   3121817.15283820        3399303.65925488        3125976.91289877     
   3335749.08854554        3453919.84466901        3237473.74464755     
   3058205.88710511        3597972.82525361        3311890.23467390     
   3321250.70711398        3283686.95358845        3311570.92036863     
   3344726.81710498        3411811.58422786        3272196.58473311     
   3567813.93684332        3408519.55317826        3297147.16685321     
   3030548.18457541        3450623.31243965        3042143.13485339     
   3387650.50401725        3319206.59334592        3562118.68911539     
   3149546.03416036        3307270.82645546        3161026.46666281     
   3364060.49856711        3300564.22157099        3551840.24841640     
   3307769.81004991        3435373.53182971        3130562.54981262     
   3349461.64080246        3252609.05583730        3523731.65025983     
   3010953.78333278        3003363.44474178        3629958.04071504     
   3095448.94289004        3214142.06321297        3407919.23297102     
   3367027.75527035        3269878.81836657        3344305.19870282     
   3418590.21230753        3257512.40020788        3451469.25270469     
   721.876753660774     
   1247.52999271998        1228.69116611909        1144.12494892928     
   1139.06031561229        1234.66900242825        1177.29487729355     
   1189.16931372478        1176.21663097082        1127.35469774223     
   1155.29182234950        1125.09374227643        1159.17056696540     
   1127.55279904642        1180.03849941383        1197.96932905983     
   1217.55212872908        1253.87186626419        1183.90954854336     
   1191.99159585353        1173.52393857228        1149.08647650218     
   1152.82077894141        1154.89966348907        1259.01861934205     
   1251.28241158518        1212.84720911166        1163.37477756950     
   1204.04253058438        1239.30082480402        1201.77498472626     
   1204.61893820126        1271.82314629095        1247.36522964181     
   1211.01050410250        1215.61153926942        1239.17481259642     
   1256.93431955655        1236.74080798220        1290.71802864523     
   1248.19525136923        1380.39098098222        1351.58650961240     
   1320.34002696014        1225.29875851867        1201.59187825657     
   1268.60225295863        1250.92140723029        1303.82387774458     
   1225.76614158626        1213.63212846040        1271.15738762480     
   1240.15746913091        1278.08148411798        1211.52905593401     
   1294.17140101973        1242.46797477416        1233.86460337185     
   1188.96666777451        1222.35571032648        1195.17956088231     
   1114.45495103142        1164.57268895034        1193.72096275776     
   1141.79513275079        1266.60161720161        1204.64096660556     
   1265.80476682428        1206.16272874269        1192.36825189280     
   1186.72029697853        1171.38207781897        1124.97850575773     
   1235.30379353858        1200.05643267677        1203.61241312484     
   1280.98834876084        1269.35593387334        1236.61386787188     
   1208.83450810551        1223.97624814005        1207.78323124466     
   1226.71015058334        1194.52407202200        1200.27529977871     
   1219.96840529094        1205.33595965124        1237.17353256052     
   1167.46479356515        1173.54123549295        1240.92940364362     
   1304.80397543562        1208.12444986153        1251.41521111214     
   1293.13147198555        1287.26317873669        1274.70585705576     
   1233.41092321015        1267.72480524690        1260.63750035745     
   1265.15595540755        1395.22010592649        1332.42101488703     
   1341.71648596715        1332.73406699145        1310.64401202244     
   1276.56500324179        1275.92286391194        1254.57660668455     
   1268.78336674814        1278.91041888196        1279.70829151878     
   1285.74541665181        1266.94130160218        1259.50624781459     
   1169.25901403674        1264.81036825601        1302.28186195445     
   1281.31118572777        1237.10136684529        1305.02556864590     
   1290.91071697813        1256.35531766976        1219.28359881400     
   1282.44418066503        1366.53246612992        1239.30624324896     
   1307.44015784679        1220.84648267070        1261.52521819572     
   1195.73666091356        1233.49225550121        1305.72643138531     
   1304.61168329287        1284.14119978105        1260.69253037112     
   1244.62249116659        1227.02432855377        1232.84269333066     
   695017.000000000     
   1782.09238453489        5637.95494460096        498.533977816303     
   861.945508914430        2517.83079406287        89.6399174802226     
   3.68607257976776        4185.31525640770        82.0748720491633     
   643.594982002113        1319.23656998214        139.714311877272     
   2847.30026434115        1748.21741946166        2246.18527691589     
   1792.10642471746        10.7395129428728        3843.03888549391     
   1086.57368161960        963.960398161313        3.47220488742629     
   15.6291154775818        280.292481492238        4503.15200161628     
   759.339338400486        984.579759793530        207.929718765876     
   996.862474908592        756.009711974620        301.121517332632     
   2208.61585229457        2138.97466079035        1267.11156182911     
   6144.02880694334        630.108736932109        1538.67320929282     
   312.779403307324        1342.40556998580        2584.83847751236     
   560.064970948194        101.301996939078        2.65866895969597     
   2222.63466985334        14.6520336674728        4.52476941247942     
   1239.90004309178        1801.79337313528        410.353392824999     
   3122.00283144337        3856.02191246429        7.63633466183969     
   1185.96764326425        3933.14008623213        1000.69951291825     
   3384.80009700524        723.690529526076        1055.00513283633     
   536.870810039553        21.3951562024745        246.316872799088     
   680.757638659566        109.852511148574        8.08923095150399     
   1995.33944122015        5.79120162987403        368.313714085327     
   47.6128191930411        57.0523520452109        261.484705018679     
   578.843393032609        5354.22380609460        30.9688805478782     
   5102.93346107753        1069.17072234083        397.454235537894     
   7955.21139112083        2848.44089203364        820.245502392007     
   1026.12880088607        3563.14059151305        5193.58400824118     
   3268.57768341222        1011.19161029547        655.491896574128     
   954.336352005947        2930.07125476147        1253.98595639717     
   33.5730342134479        199.345656683072        2837.47912443010     
   1009.58131237666        38.5926347572272        1905.72887812908     
   2247.31332415588        1367.60840980878        1744.92553439327     
   1823.46110580839        1265.06933504145        10.9240262460694     
   3235.56657607669        24.5989781034331        4909.15255787951     
   324.802122404246        2618.70086213310        105.457739745165     
   1637.84910976097        522.914894743231        2850.53344063126     
   708.174638120911        1762.75622905672        194.732824103158     
   306.187246202210        14.4130050701499        450.438907944453     
   557.150499454521        5261.38845368175        674.735795400696     
   114.440182823506        542.829751035970        615.200900730659     
   2291.73070841629        5084.64567664026        16.5894233510367     
   1970.90820248326        424.657367306896        5637.99687944259     
   1467.11140204169        58.9352264346486        1079.32734098497     
   4997.19475789341        1570.53949545170        615.393801002183     
   298.035112988253        58.5242649866198        498.919778359351     
   43.6332027218243        10.7646738478542        1942.05703143798     
 ------
  0.000000000000000E+000  0.000000000000000E+000  0.000000000000000E+000
  0.000000000000000E+000  0.000000000000000E+000  0.000000000000000E+000
  0.000000000000000E+000
  0.000000000000000E+000  0.000000000000000E+000  0.000000000000000E+000
  0.000000000000000E+000  0.000000000000000E+000  0.000000000000000E+000
  0.000000000000000E+000
