           3          12          12          12
   4.55000000000000        7.91500000000000       -5.20000000000000     
   38000000.0000000        455464.000000000     
        7779          58        4282
   3563775.82417596     
   6468745.71428592        6647278.90109856        6685718.24175822     
   7034187.03296746        7049906.15384661        6879168.13186758     
   6869829.01098931        6926043.29670401        6964063.73626325     
   6909406.37362682        6914749.67032963        6936305.71428443     
   6837508.79120968        6771578.24175791        6886909.67032871     
   6753030.32967162        6720514.94505378        6648003.51648320     
   6632998.24175860        6656615.38461494        6654735.16483540     
   6559403.07692284        6533681.75824153        6594090.10989019     
   6447438.68131931        6419001.31868168        6233005.71428522     
   6258256.70329722        6265714.06593345        6235323.51648312     
   6164908.57142879        6110079.56043967        5874735.60439552     
   5784332.30769263        5914780.87912111        5755485.93406552     
   5886721.75824212        5991981.97802211        6144643.29670281     
   6431923.07692372        6363047.69230778        6051944.17582478     
   6167976.04395630        6301891.86813220        6566618.24175841     
   6600617.80219811        6424785.49450535        6455066.81318651     
   6530088.57142833        6678245.27472422        6634361.31868167     
   6729872.08791317        6797368.35164772        6866005.27472638     
   6751416.70329587        6621638.90109850        6630839.12087866     
   6636641.31868202     
   2097851.99006381     
   3527244.46901768        3971092.53932502        3881454.96323188     
   3858127.22743686        4058051.22345009        3615300.83956147     
   3809493.81836360        3521801.96064329        3402870.50655603     
   3718737.80715771        3653059.21599496        3879736.90104499     
   3544908.51345356        3327369.26784468        3442393.81257346     
   3329573.22906022        3823520.26596474        3428745.52296027     
   3675989.02982269        3516605.98992936        3695843.35935933     
   3716685.12895864        3713767.30665534        4216369.60012970     
   3517219.03948710        3175819.38355481        3701061.70009676     
   3238002.10182135        3774476.65624181        3468800.18094894     
   3618854.84828001        3732579.09407739        3701024.12909005     
   3653045.94186569        3739350.84602719        3465155.24023461     
   3719494.99282545        4027418.65328744        3916083.29892260     
   3468476.32553197        3696679.84691402        3482525.79605644     
   3372334.82770343        3236400.71952402        3926383.19644408     
   3854749.04570374        3580413.52492225        3443149.83532582     
   3707356.89143890        3700323.92770719        3743241.15437827     
   3811559.19918666        4014188.49905616        3809891.90111158     
   3814098.77424002        3637455.43941371        4042113.85865028     
   3693953.17487428     
   795.836810512029     
   1424.53489967111        1494.29026367299        1548.25028485889     
   1551.39459670095        1647.46392869256        1537.21164294924     
   1499.77634554135        1539.58544081894        1469.55609892343     
   1509.65468069742        1571.20821215731        1602.94831739936     
   1501.65043450427        1523.77739326715        1527.64959149345     
   1486.08543178091        1507.28124374565        1457.09225636878     
   1426.21621133707        1519.34267279644        1477.50409126104     
   1470.90383409443        1495.92711750580        1496.57968495763     
   1389.70181692101        1493.63982475387        1561.08789173670     
   1454.53053765291        1419.49692563961        1385.54184562872     
   1493.23196908228        1423.80613557754        1412.86577822176     
   1390.42176855241        1422.01916986158        1477.33855408180     
   1436.78902963123        1475.90506645042        1481.54123382617     
   1493.33023545790        1442.75743973203        1417.89087270758     
   1439.35856108668        1424.62606763301        1509.86994110795     
   1457.62125180485        1517.17953182915        1477.57453543521     
   1420.81236586401        1447.84669170892        1529.73138814618     
   1538.29407536080        1517.79388234425        1489.12910555706     
   1505.93433327405        1517.20214172309        1518.44449142567     
   1484.40375850930     
   952837.000000000     
   4225.50560863125        4707.14823223674        8225.55692817711     
   3982.53513619468        712.443604999413        7.51472362109650     
   36.8187909560420        3894.66486903148        1062.03341229445     
   1564.42539554123        427.970219796108        2.30641628995707     
   982.097217168704        4900.74462213157        4359.39097752117     
   524.567127503673        857.190097872955        4.01316434452531     
   528.148362979352        340.997358243908        862.364857330786     
   283.856943031262        31.2875853443086        1158.99934660841     
   4334.58232520956        3597.71167495742        2181.22401373820     
   1326.16420582034        3230.01440304414        2482.45875514325     
   3.66929864311353        7560.99871884137        5244.84096517235     
   652.426459650566        578.558236109487        998.707607940558     
   4204.57592917093        89.3925019145726        5986.05187153377     
   5395.23188773004        2795.11235392567        7536.83586309095     
   680.958925899417        2916.55565530232        12765.1880485322     
   425.030587397453        6310.62335230902        1679.44427917931     
   2910.87767774486        5222.45195322311        1131.33912506558     
   9050.84299853371        1899.23736464389        512.963756823107     
   3785.66782865227        2087.37803164193        175.501505729079     
   11.5111140289676     
 ------
  0.000000000000000E+000  0.000000000000000E+000  0.000000000000000E+000
  0.000000000000000E+000  0.000000000000000E+000  0.000000000000000E+000
  0.000000000000000E+000
  0.000000000000000E+000  0.000000000000000E+000  0.000000000000000E+000
  0.000000000000000E+000  0.000000000000000E+000  0.000000000000000E+000
  0.000000000000000E+000
