           3          12          12          12
   4.55000000000000        7.91500000000000       -5.20000000000000     
   80000000.0000000        1549750.00000000     
        7779         199        1729
   1050048.35164831     
   5119192.30769260        5202610.54945007        5147979.78022036     
   5201795.82417641        5114357.58241781        5280497.36263724     
   5402596.70329596        5460902.85714307        5627323.51648402     
   5585251.86813150        5477043.07692302        5371824.39560456     
   5245324.83516447        5318205.49450537        5253091.20879134     
   5159674.50549475        5236224.83516378        5204224.61538381     
   5202522.41758283        5129005.27472552        4892889.89010969     
   4953007.69230740        4968572.08791197        5013321.53846103     
   5138390.98901055        4919836.92307702        4904055.82417604     
   4841189.45054938        5041732.74725232        5154105.93406548     
   5418414.50549441        5375972.74725308        5130796.92307714     
   4952189.45054933        4911646.15384655        4905773.40659314     
   4759412.96703325        4695854.72527468        4451669.23076920     
   4527400.87912124        4528314.50549436        4569483.29670306     
   4596741.97802224        4662191.86813180        4676060.65934112     
   4647761.75824212        4683870.54944990        4723460.21977935     
   4712938.24175813        4680183.51648342        4560267.47252744     
   4691248.57142781        4809669.45054914        4855163.29670355     
   4724857.14285740        4779343.73626434        4717965.49450534     
   4687193.84615348        4737818.90109922        4979901.97802212     
   4844274.06593405        4583831.20879112        4703489.67032952     
   4756228.13186820        4714077.58241751        4656297.58241699     
   4680369.67033010        4777168.35164824        4892958.90109890     
   5140047.47252757        5284369.01098954        5062119.12087826     
   4782034.28571432        4790179.78021987        4581692.08791197     
   4593815.60439593        4584496.92307680        4581460.43956004     
   4567264.39560455        4476696.04395609        4220932.52747269     
   4172770.10989008        4188296.70329618        4401860.65934109     
   4460249.89010914        4662323.95604317        4516614.72527492     
   4583071.20879144        4590412.96703259        4511034.94505541     
   4475816.26373656        4452816.48351630        4409013.18681305     
   4309958.90109880        4390618.68131849        4543802.41758303     
   4491983.51648360        4416854.94505434        4447961.97802237     
   4498272.30769231        4661263.29670371        4691668.79120817     
   4486754.50549464        4410565.49450491        4568373.84615435     
   4466969.23076923        4303013.62637379        4342260.43956068     
   4342285.27472516        4223476.48351638        4552691.86813168     
   4564537.14285714        4531760.00000011        4954660.65934054     
   4978539.56043917        4909782.19780210        4953921.09890121     
   5136133.62637269        5023244.83516485        4126289.23076879     
   4252835.60439619        4400409.45054984        4681977.58241797     
   4764047.69230751        4751447.69230715        4749942.41758240     
   4844716.04395588        4569399.56043962        4653645.27472513     
   4711136.48351652        4709556.26373652        4575774.72527424     
   4552960.65934059        4598517.36263759        4848119.56043949     
   4791317.14285727        4795553.62637338        4822359.99999982     
   4841191.20879114        4966751.20879106        4993001.97802186     
   5006176.92307693        4965292.96703291        4844294.94505468     
   4790096.04395693        4799301.09890126        4764044.17582414     
   5180868.35164870        5248441.53846215        5202248.79120875     
   5151180.87912051        5145243.07692295        5420463.95604451     
   5442374.06593431        5428112.96703209        5497707.25274639     
   5445129.23076883        5251718.02197849        5220032.08791130     
   5175218.24175785        5133205.49450595        5046035.60439498     
   5102659.12087942        5005753.62637412        5034737.58241784     
   4931857.58241768        5194441.97802190        5151284.39560395     
   5439123.95604375        5581777.58241742        5624513.18681374     
   5371194.28571490        5461659.78021941        5449155.16483470     
   5279775.16483561        5284211.20879117        5218331.64835187     
   5191238.02197757        5166661.97802208        5194519.78021940     
   5262161.75824188        5312065.27472546        5393692.08791150     
   5434446.15384620        5479896.26373679        5496542.19780259     
   5458817.58241800        5483824.83516533        5515098.68131886     
   5502718.46153872        5501492.74725153        5550784.83516431     
   5213263.07692312        5362467.91208818        5242358.68131854     
   5226195.16483517        5223824.39560399        5012188.13186826     
   4869828.79120872     
   655429.795494510     
   3241266.71507893        3430827.48769345        3432012.26299609     
   3293750.98237832        3226963.46779538        3690556.48665362     
   3443462.68630220        3550769.17874394        3807601.98269647     
   3604340.48476790        3749295.07274589        3411552.34054652     
   3380257.69688194        3251077.78950327        3545418.73136885     
   3383494.70119264        3198263.83931308        3287747.07188549     
   3158670.74316847        3276044.22261252        3340391.85988821     
   3159898.16670296        3081356.74806360        3348660.67968501     
   3273603.27797035        3056695.17277280        3185976.33404903     
   3046513.58464441        3379624.08046375        3621306.45880818     
   3070756.94478273        3530562.04293349        3230517.51209300     
   3418361.38562393        3412446.39592224        3423231.12894485     
   3523777.64441155        3185229.90143074        3298594.21191972     
   3533132.62102164        3287986.93758987        3373963.53396430     
   3389939.86399850        3226159.53365588        3444319.91828155     
   3500633.27658521        3472169.40002231        3231191.68677431     
   3219059.09245183        3150409.38770385        3221600.26239296     
   3054945.34876842        3083668.39074039        3117495.69616301     
   3203539.95542707        3286178.41283614        3383713.37285541     
   3378888.34508995        3468438.97024813        3399077.32755342     
   3749563.66050290        3229045.01059348        3113521.05102239     
   3144412.94955759        3280089.40926409        3434567.99704070     
   3209763.53056311        3401292.07178140        3446877.37705045     
   3361812.30189009        3504989.44258948        3303332.25632454     
   3397076.25519411        3441078.97628086        3273571.59484548     
   3192809.75870298        3124318.60499057        3123828.83633208     
   3453633.12509479        3112093.80322383        3011614.18759812     
   3110847.49838771        2823200.31350216        2919664.09904795     
   2937943.82011331        3197390.73097942        3064822.60129070     
   3045805.47296878        2952283.62035136        3116478.34329086     
   2950057.46057666        3204451.52051672        3251593.60282423     
   3001917.06076140        3136748.01373893        3100119.48895839     
   3128361.57498490        3059649.30509698        3210304.80002753     
   3228451.80062806        3256076.95484716        3439177.25392357     
   3135700.29352977        3111035.37520586        3327051.95528926     
   3141784.26054958        3222472.54597884        3219112.39284362     
   3119066.94935299        3259066.34026831        3147538.55260564     
   2980090.30586337        2924688.12315804        3159569.21333235     
   3158240.81621561        3385402.84479815        3357355.92590657     
   3282099.19926092        3497546.49595921        3000092.60654148     
   2975957.94402691        3038548.35426156        3204504.60002503     
   3623492.11292661        3506491.43278121        3096310.31512273     
   3617767.79072697        3323726.20709021        3071689.22696983     
   3044933.85172139        3019698.56185652        3202536.03435741     
   3258409.40945565        2787605.31383191        3392273.89465627     
   3066474.16129795        3361741.14818236        3432294.59159382     
   3084557.74153377        3556307.33510414        3527309.76823738     
   3266033.92043681        3175081.19990487        3238075.55904400     
   3278271.73785689        3184459.74733755        3291285.22211952     
   3115782.72906599        3413293.00141639        3179959.45127850     
   2926831.05532882        3593196.48959660        3728481.23010825     
   3288119.45891851        3379736.87297931        3667175.30717465     
   3359486.12187015        3535050.02287819        3295629.69605207     
   3183780.23306494        3511907.54214387        3401048.67914205     
   3044211.56897564        3510822.29250627        3270071.60328384     
   3272351.84097174        3249637.31940941        3025110.38992970     
   3124251.01856559        3396330.42520082        3448919.00954782     
   3226839.69050144        3271481.05412467        3652567.54261365     
   3180911.42091470        3410019.20460655        3110786.18036813     
   3357054.37298319        3438073.76755209        3113314.32302381     
   3321745.51815914        3159988.20824805        3274934.71309892     
   3254548.81337733        3419801.58466726        3368887.39965798     
   3500607.67790435        3403912.20978435        3839636.43338120     
   3597771.87919446        3409806.95388109        3379441.04088192     
   3294256.91238173        3735587.54233164        3425243.47457270     
   3253972.79955240        3201747.90053344        3504606.36851069     
   3335795.43775522     
   260.772801561913     
   1281.95628994658        1301.92633787936        1359.49978204950     
   1326.11536221398        1282.37597676901        1310.83298483833     
   1313.62564580449        1314.31962990963        1377.59040190471     
   1398.92634557539        1326.53297954902        1316.51868140387     
   1222.96123841957        1284.78220438499        1207.72708323705     
   1256.14689963535        1334.98872620867        1289.40972712261     
   1265.96147723705        1288.90175467047        1205.14820879678     
   1229.98154021596        1249.58442384058        1193.47063833225     
   1227.45140482427        1197.98094900926        1186.30242014872     
   1239.50908726295        1241.16187838306        1307.27153777172     
   1330.82226207525        1284.56342662473        1234.77061723390     
   1235.01882307716        1201.09738967258        1222.61424479038     
   1178.44497250836        1177.42700618341        1171.85314044642     
   1163.46000055038        1194.85041228003        1203.12279193801     
   1207.87068779152        1153.15654348610        1210.38974701765     
   1224.07566996464        1237.62065691280        1287.31674098143     
   1226.85197865500        1170.99777124119        1168.08904608230     
   1125.18890678357        1187.76538739638        1218.75079571547     
   1213.57587238637        1214.51883163673        1172.00969612060     
   1214.98523660979        1207.35388765354        1191.63278623561     
   1241.83103946176        1189.78501504642        1234.41308451649     
   1207.49636608855        1165.83328486793        1191.85737245695     
   1218.48341772042        1175.12553138714        1262.87390248257     
   1284.07349057605        1313.17122781205        1271.84507142024     
   1211.32887847723        1258.19878861385        1176.05493915759     
   1173.15673176707        1193.75602196004        1166.25923414528     
   1150.83015078249        1195.42688680567        1140.25050812378     
   1127.75919829750        1121.51184477307        1164.14618114366     
   1094.38078434130        1232.65383626534        1130.51262932532     
   1154.23099207512        1119.19318026899        1208.17916704607     
   1136.71299723826        1156.11386482988        1200.94746224434     
   1188.63209222441        1143.61260151995        1115.70556154365     
   1123.20856524087        1208.09724267142        1105.08805117859     
   1179.27688760480        1239.56541846474        1237.20777262341     
   1175.71375164914        1133.21708203148        1166.30886983240     
   1134.25682930278        1115.41550619762        1164.34179499395     
   1135.59269349261        1090.35035209489        1196.23715899048     
   1131.95944700427        1155.17603353384        1195.37898327602     
   1154.20292703126        1275.44033165102        1263.54210468559     
   1273.63205590258        1279.84466931217        1147.02102471298     
   1143.73890255708        1124.73658592721        1205.56790548255     
   1267.86621651915        1261.23360028935        1229.68491302273     
   1196.62801775779        1224.15310079872        1208.55074868320     
   1214.26572073937        1182.53807507678        1262.05799266812     
   1170.75699782929        1131.29445881996        1174.26288141355     
   1170.50359127839        1186.81317014262        1224.31243014744     
   1226.79189133890        1194.74044234260        1249.30639429498     
   1207.72529130317        1226.17190994354        1249.57496624884     
   1221.90692797154        1216.53901232610        1145.17040919669     
   1302.85656716309        1312.32726217192        1277.34608801090     
   1286.63686434068        1297.14874752368        1241.65078027167     
   1430.01786394157        1270.62526090279        1310.67110496790     
   1307.32027327197        1305.27859526086        1297.29833156773     
   1280.46395774006        1298.97562845550        1298.94957145369     
   1272.49437149998        1277.67161467304        1231.76441806878     
   1167.72693603445        1322.50876938601        1348.81816583889     
   1319.71798977308        1340.84783019441        1392.29072288445     
   1266.15702497685        1263.54506772888        1329.49416368892     
   1328.55599172287        1305.72188200590        1293.18739039236     
   1255.29319418435        1304.58651890815        1223.98296845383     
   1248.39231031583        1287.04427828850        1339.89207787165     
   1217.82163909211        1260.30224541668        1297.00668794482     
   1348.88469448468        1265.00771587944        1315.23355758491     
   1330.16984554737        1291.35828266226        1342.69061724090     
   1317.39722437502        1302.45491508926        1227.79051991407     
   1286.07617674753        1253.50483803176        1208.96124303970     
   1247.17934064280     
   572202.000000000     
   2082.80713390365        3665.61257053376        320.814118964702     
   1037.89571744901        893.061161408033        2718.08643680943     
   7.46440181113380        1743.87296986822        244.056584834930     
   2820.25648497036        262.717589362765        2812.70821347596     
   1489.17751571034        702.844719749028        356.932598065430     
   542.049762981548        34.2314112271265        8647.41724154691     
   1296.28982463915        3435.13029393627        152.579921291069     
   6.47893303269760        835.484623842378        1158.71418968529     
   1999.16809226148        4340.61674892092        112.645371601503     
   6.96957067983392        1366.85358265934        1830.15810001759     
   1065.78238713667        323.380531272800        2845.71932081149     
   450.711484415084        2499.50946175228        1345.04327152468     
   425.051554818271        2572.35028167329        9.46469375715112     
   41.7042000065874        600.980795932033        232.390311891911     
   375.341993543451        804.826061122603        1124.88954642203     
   963.692015174846        532.492812572798        5.14121158452250     
   1283.48292400364        521.862330218178        1811.45096716396     
   1259.69328834377        2167.32680722017        515.005983610760     
   391.667227392183        1384.19363967566        2091.94473589605     
   8.11439185648534        698.793814047031        4590.56517900565     
   5114.18038560420        1807.82360336248        185.591028626600     
   1272.62180002002        324.688898331830        1105.46952126059     
   73.5620991971400        1831.24001893179        156.861468622062     
   5714.90957248642        2874.72984425499        3521.58316345218     
   2637.99088928547        1258.81265666943        1650.66439736481     
   591.746743803878        485.412565868529        1022.17015183567     
   1499.51445417351        3298.74141500070        971.273834542559     
   23.2486762027673        860.314243574806        243.117244382293     
   996.489254818035        1195.68813955538        428.867625407109     
   9.38501755804351        4.44509321337181        775.521993787657     
   34.7388228109171        1012.49578387034        125.343241648758     
   1333.72925125140        3042.18405387420        34.1433480596918     
   2543.80942845611        621.558222722614        1105.86370877196     
   3378.66922315812        4961.82271897380        6.01345629054262     
   903.704224215144        2015.87912665326        5027.23268495698     
   3239.47909680129        8.75180144934621        4752.08980201759     
   1797.57892155091        679.843459111911        2794.81881003422     
   194.355410528437        1741.94396715298        7659.41140519175     
   2874.86403574822        192.636082021378        917.567882859868     
   2624.88205779018        6807.49251691239        992.111257351281     
   1842.28146273444        1726.95226126826        4400.44518748241     
   635.111563539234        1691.43345040292        283.903071357062     
   4943.25816458172        3521.77606372371        687.387537122152     
   1330.13962880739        1326.04678826376        122.684572689062     
   2346.89599258790        2441.88679586082        134.346652147918     
   980.839171919636        2755.55102432666        178.797584281636     
   815.980728997668        934.383754355737        411.250798436001     
   10.7772543003449        1256.31753359211        2471.05247821837     
   594.598313035097        684.871446624017        2876.83077982093     
   6134.77378739437        341.383158786955        10599.0857386878     
   2150.06642640297        2691.12652712191        1662.88421021741     
   45.7676861610755        1694.05018452098        1798.66503394927     
   645.163345079283        3945.06635519329        789.595326640559     
   1509.14688729720        852.724037238766        993.356722147857     
   142.586848529310        6810.15537935625        2106.86934603415     
   565.260697826843        4241.47020284191        51.2276025420284     
   5069.25978324416        630.536472316792        588.220023622325     
   3269.51283038069        1531.49815788897        6.60473755760435     
   2202.68626568730        5079.60930215982        425.298970383921     
   8.11019837232178        6429.16476264449        1674.03887809248     
   5.05314841708777        1901.69474636373        2068.08381100540     
   387.335358251227        5.14540506868605        5.03218099626998     
   1005.48847183303        1154.89392561229        2.08416162928848     
   52.5317761168950        2.88092362036456        3599.64487115682     
   4567.94133194326        1443.61111678911        713.361978031232     
   1782.77592245355        600.494351769060        2959.76950960779     
   1004.42332685549     
 ------
  0.000000000000000E+000  0.000000000000000E+000  0.000000000000000E+000
  0.000000000000000E+000  0.000000000000000E+000  0.000000000000000E+000
  0.000000000000000E+000
  0.000000000000000E+000  0.000000000000000E+000  0.000000000000000E+000
  0.000000000000000E+000  0.000000000000000E+000  0.000000000000000E+000
  0.000000000000000E+000
