           3          12          12          12
   4.20000000000000        7.91500000000000       -5.20000000000000     
   73000000.0000000        5431924.00000000     
        7180         756        3844
   1794356.90476203     
   4189770.00000039        4211364.28571376        4204364.28571427     
   4179551.42857136        4287453.80952414        4146487.38095258     
   4130699.04761927        4083827.61904762        3949652.85714287     
   3744136.19047650        3701174.52380983        3672582.14285678     
   3822175.95238105        3765668.09523845        3777857.61904736     
   3685001.19047616        3666102.85714250        3699621.66666668     
   3702532.85714290        3738109.76190422        3686900.00000005     
   3552946.66666638        3555752.14285724        3556735.23809492     
   3540858.80952362        3625358.33333340        3715900.71428598     
   3748842.61904720        3730373.57142832        3727442.14285702     
   3743128.33333298        3742429.28571464        3726103.80952397     
   3713662.85714256        3676717.85714319        3712964.52380928     
   3730836.42857154        3768226.90476221        3777672.61904746     
   3853931.66666637        3813444.28571386        3741138.33333298     
   3743926.66666706        3646448.57142903        3678355.23809552     
   3808640.47619050        3863031.66666666        3864296.42857125     
   3889709.28571399        3823784.04761889        3798112.38095245     
   3809901.90476184        3809055.71428566        3809264.99999970     
   3850446.42857161        3841839.28571443        3866570.47619057     
   3898233.33333321        3938333.80952384        4047275.00000019     
   3985129.28571455        3920459.04761883        3940336.90476210     
   3900007.85714330        3904655.47619101        3984410.47619014     
   3939599.04761896        3948888.33333354        3977520.71428633     
   4013824.52380925        4040708.57142817        4056963.80952401     
   4071220.47619087        4145444.28571434        4189355.47619021     
   4254458.09523814        4096289.04761862        4043585.71428537     
   4005233.09523768        4023664.52380892        3994495.95238097     
   3993174.28571394        3987867.14285746        4000965.71428532     
   4252279.04761894        4340339.04761900        4278061.66666628     
   4268895.71428555        4342553.57142876        4358130.23809536     
   4321920.95238084        4335313.09523813        4381063.57142862     
   4498823.33333361        4396131.42857122        4282617.14285730     
   4355469.99999990        4337530.95238115        4271982.85714304     
   4257643.57142857        4408714.52380915        4529218.57142875     
   4487946.19047664        4410477.61904750        4384475.23809546     
   4239346.42857123        4140809.04761945        4219209.04761919     
   4214350.95238097        4261674.28571455        4427764.52380980     
   4552694.04761903        4506671.90476231        4523561.66666686     
   4501118.80952389        4390652.14285696        4352527.14285716     
   4329225.71428579        4188728.80952336        4195403.09523856     
   4187586.90476214        4223896.42857149        4279727.61904785     
   4240298.09523817        4238805.23809509        4271306.66666709     
   4255444.76190448        4249072.14285724        4158902.85714338     
   4089933.09523796        4060357.38095242        4066744.99999973     
   4112727.38095202        4145166.42857141        4102305.23809509     
   4220684.52380951        4127961.19047608        3929786.19047609     
   3985767.61904798        3995266.66666636        4032418.33333316     
   3942950.47618987        3928561.66666712        3919244.04761923     
   3864797.61904751        3879698.09523766        3859377.14285674     
   3836591.90476187        3887134.52380930        3927930.23809580     
   3913183.09523829        3907581.66666634        3939091.90476238     
   3936360.47619030        3880084.99999986        3818078.57142835     
   3937171.90476185        4030246.66666637        4069459.04761927     
   4094470.00000004        4081337.14285698        4097084.52380935     
   4083416.19047643        4020670.23809502        3991085.00000012     
   3990927.38095248        3942805.71428595        3847717.61904709     
   3735724.04761877        3914294.04761888        4036720.71428609     
   4060276.90476175        4227040.23809513        4240541.90476160     
   4293773.09523811        4343751.66666674        4250180.23809493     
   4220763.09523781        4248194.76190454        4291462.38095257     
   4296529.04761924        4273600.23809528        4222135.47619005     
   4184243.33333328        4201100.95238100        4242140.71428550     
   4196736.66666708        4202751.66666703        4212144.76190434     
   4216911.66666722        4212383.80952331        4230638.80952364     
   4239187.85714215        4269134.04761889        4334211.90476251     
   4342611.90476165        4378798.33333347        4421899.04761893     
   4410317.61904759        4422306.19047588        4450782.38095236     
   4455457.14285660        4457118.57142894        4417589.99999965     
   4421640.71428539        4412405.47619071        4343590.71428537     
   4337155.23809478        4352993.09523785        4286194.28571449     
   4275772.14285769        4277771.42857100        4235496.66666602     
   4190339.99999936        4174622.14285716        4192858.80952343     
   4214987.38095276        4154149.04761964        4167504.28571471     
   4222846.42857129        4233023.57142865        4129002.85714307     
   4126174.04761923        3966745.23809525        3792063.80952327     
   3881382.85714270        3911594.76190493        3935946.19047600     
   3964215.95238070        3981589.76190459        3957110.47619058     
   3905784.52380970        3873356.90476163        3796741.42857149     
   3810102.85714304        3885308.80952340        3890743.09523840     
   3851664.28571406        3848053.57142825        3852212.38095259     
   3891200.95238130        3906311.42857156        3899880.95238093     
   3837909.76190470        3815092.38095304        3801526.42857170     
   3808695.71428582        3790926.19047649        3779609.52380959     
   3783221.66666660        3797622.61904797        3863966.66666596     
   3866609.28571477        3860078.09523806        3840267.61904779     
   3817154.04761916        3738834.99999971        3740048.33333342     
   3811841.42857183        3795611.66666668        3859991.90476178     
   3896354.52380997        3878139.04761891        3865895.47619072     
   3835491.90476192        3939411.66666638        3944231.66666683     
   3824482.14285713        3777492.38095206        3894911.42857099     
   3975786.66666645        3985852.85714298        3957389.76190431     
   3930823.80952347        3927584.28571434        3977476.19047627     
   3943772.85714326        3896306.42857116        3862583.33333294     
   3860302.38095221        3917105.95238106        3863823.57142863     
   3890609.76190509        3892859.04761922        3907127.85714294     
   3932571.90476191        3924469.28571432        3895015.71428569     
   4011198.09523778        3969671.19047542        3916642.61904812     
   3898005.23809485        3864765.47619016        3848433.09523762     
   4088528.57142863        4054144.76190461        4023888.09523827     
   3934925.00000041        3970914.04761940        3890764.52380951     
   3903978.80952404        3930353.09523780        4139814.52380999     
   4158099.99999997        4187229.28571426        4192754.04761860     
   4216224.04761948        4231060.71428584        4222607.38095208     
   4267996.42857192        4243061.19047621        4191408.09523804     
   4153760.95238147        4069126.42857182        4082294.28571413     
   4105069.04761927        4124279.52380917        4084962.38095235     
   4063115.71428543        3990108.33333315        3977796.66666661     
   3978286.42857127        3968455.00000016        3966146.90476226     
   3965634.76190467        4035171.42857072        4095933.80952388     
   4069785.71428553        4040990.23809524        4052304.28571445     
   4095774.28571385        4027018.09523859        3886745.47619091     
   3786632.14285707        3741089.76190451        3734128.57142848     
   3698433.80952447        3724946.19047574        3690914.52380916     
   3687925.00000069        3770322.14285730        3808965.95238112     
   3757117.14285722        3776675.23809498        3793313.57142896     
   3773314.04761942        3773026.42857100        3665309.76190430     
   3662327.38095186        3718995.71428598        3836544.04761870     
   3830716.66666676        3810494.28571419        3769404.76190441     
   3799841.90476216        3810398.80952396        3736317.85714301     
   3729201.19047650        3982953.57142895        4039378.33333289     
   4136111.66666661        4147798.33333334        4242235.23809561     
   4278664.52381026        4270187.85714362        4298032.38095278     
   4405543.80952372        4360415.95238101        4319462.14285719     
   4285120.71428529        4325099.52381004        4368556.90476217     
   4392302.85714264        4363510.23809527        4355728.80952361     
   4299306.90476239        4221578.80952397        4000128.57142844     
   3982664.76190488        4018072.38095228        4041562.38095178     
   4003895.71428534        3988159.76190503        3939883.33333322     
   3967030.47619065        3983556.19047656        3978351.42857178     
   3991787.14285687        4030451.66666656        4037695.95238131     
   3986150.23809553        3965716.66666685        3906107.14285714     
   3778284.04761905        3759031.90476194        3763943.33333366     
   3700992.85714290        3735428.09523783        3736040.71428523     
   3748320.95238061        3726700.95238077        3719113.33333346     
   3759650.23809520        3855078.57142859        3850354.99999978     
   3821254.76190438        3846438.33333340        3935321.90476173     
   3935986.19047596        3927975.23809504        3876141.66666680     
   3903887.85714283        3901699.52380940        3863604.04761897     
   3871391.19047649        3878207.61904768        3838637.14285672     
   3798915.71428577        3789480.23809557        3835228.57142902     
   3689288.09523799        3673516.90476156        3709770.47619035     
   3730510.71428545        3748292.85714304        3757283.09523828     
   3807523.09523823        3810017.14285685        3754665.71428608     
   3734079.99999962        3814198.80952361        3821360.95238123     
   3854178.33333370        3806504.76190507        3679866.66666613     
   3656917.61904809        3694837.14285705        3864375.47619047     
   3839238.09523835        3722315.71428653        3793020.71428601     
   3804434.28571460        3895043.33333344        3956693.09523819     
   3941385.47619022        3940082.14285687        3953464.52380891     
   4074494.52380930        4109171.42857071        4062004.04761857     
   4057577.85714286        4119844.52381034        4094009.52380933     
   4087780.47619095        4090948.09523761        4160725.47619064     
   4066867.38095189        4106993.80952407        4148990.47619061     
   4216737.85714283        4211119.04761926        4295579.04761929     
   4362936.19047610        4264335.71428567        4273963.33333325     
   4299707.85714308        4243372.38095222        4223510.00000051     
   4240019.76190505        4375758.33333310        4262545.00000025     
   4205607.61904714        4190527.85714256        4173263.09523812     
   4168149.76190503        4153013.33333365        3982738.80952418     
   4038641.66666677        4089489.04761868        4097226.66666687     
   4005132.85714300        3996990.47619031        4069070.71428502     
   4100637.85714319        4105085.95238095        4055861.42857135     
   4012587.14285719        4007008.80952413        4018653.57142869     
   4018260.71428604        4010143.33333289        3954089.76190511     
   3836648.33333365        3752762.38095281        3732463.33333315     
   3780215.71428590        3744705.00000042        3707809.28571408     
   3703326.19047567        3794095.23809492        3806174.99999993     
   3814592.38095261        3847091.90476180        3871669.28571420     
   3844508.57142887        3895897.14285682        3938346.42857124     
   3870457.14285704        3816303.80952368        3822036.42857134     
   3814511.42857086        3864581.42857132        3835546.90476239     
   3838905.47619052        3893866.42857160        3893021.66666664     
   3893071.19047669        4040406.66666716        3946114.52380971     
   3925026.42857138        4012568.80952353        4025804.99999996     
   3953855.71428586        3932545.71428578        3912314.28571493     
   3938868.09523855        3896597.61904738        3923964.28571395     
   3903800.23809562        3896184.04761895        3877539.52380993     
   3899564.99999991        3863959.28571429        3812628.09523807     
   3835915.95238039        3844974.04761907        3812431.19047665     
   3872616.66666706        3956152.85714356        3973518.09523844     
   4124914.04761875        4102232.85714284        4096352.14285703     
   4086352.14285712        4014492.85714253        4027490.71428564     
   4047664.52380961        4043775.00000040        3988030.00000002     
   3956978.09523785        3890847.61904796        3884568.57142842     
   3880833.80952428        3896649.28571422        3820028.33333327     
   3758076.42857186        3790669.76190454        3805797.14285725     
   3904896.19047641        3906475.23809465        3888870.00000030     
   3827588.33333354        3994632.38095294        3990593.57142863     
   3872617.61904773        3853060.47619047        3934081.42857153     
   3998497.14285712        4012595.23809505        3968879.52380956     
   3900406.90476194        3873479.52380946        3909250.71428556     
   3924703.09523787        3927207.38095222        3946003.09523810     
   3925932.61904731        3922073.09523783        3927100.47619082     
   3889711.90476204        3780002.61904739        3745819.28571451     
   3664447.14285711        3699051.19047628        3792677.61904734     
   3573003.80952344        3651430.47619078        3640502.38095231     
   3584715.47619049        3718742.61904748        3771104.04761975     
   3896491.42857142        4054756.90476187        4056052.61904736     
   4033137.85714341        3967833.57142859        3859936.90476187     
   3836801.19047594        3787853.33333353        3808964.52380905     
   3819169.28571433        3767814.76190456        3887277.38095247     
   3854560.95238073        3818142.85714259        3836504.04761896     
   3819357.38095239        3816556.66666677        3824652.61904749     
   3835411.90476199        3828981.66666725        3785950.95238102     
   3839041.90476196        3972501.42857183        4018864.04761905     
   3772567.38095248        3775624.28571420        3620685.71428571     
   3461644.76190456        3467244.76190490        3369232.38095234     
   3512275.23809490        3530744.76190459        3453254.04761895     
   3619215.71428557        3680421.66666681        3773048.09523832     
   3779511.66666706        3770549.04761903        3788978.80952415     
   3784712.85714280        3766816.19047703        3763411.66666666     
   3752992.38095261        3764581.66666655        3729065.23809497     
   3694498.80952355        3710098.33333323        3735287.38095234     
   3726588.80952343        3701449.04761906        3772146.90476194     
   3869175.23809523        3872937.61904763        3876560.23809528     
   3885901.42857155        4033695.95238064        3923099.28571412     
   3778361.66666674        3587023.09523795        3611452.85714291     
   3716299.04761892        3658025.23809501        3663560.23809515     
   3682941.19047642        3697690.47618990        3725679.04761867     
   3662320.23809491        3665130.23809534        3675639.28571455     
   3710555.71428578        3658695.71428511        3603336.19047627     
   3433098.57142819        3364441.90476195        3381529.28571407     
   3445960.71428535        3471199.28571390        3521174.52380938     
   3566528.09523830        3729329.76190459        3766637.38095269     
   3750538.09523825        3766367.85714335        3746192.61904670     
   3729057.61904760        3694560.95238084        3756292.85714260     
   3816922.85714288        3861167.38095179        3864114.76190471     
   3786233.80952381        3756777.14285703        3726925.95238130     
   3758508.57142854        3813024.76190467        3706168.09523766     
   3658295.47619045        3563309.04761895        3581171.19047670     
   3588378.09523817        3598290.95238120        3618981.90476160     
   3639192.38095257        3716812.38095204        3721606.90476192     
   3662683.80952365        3551871.90476192        3576566.90476126     
   3687231.90476203        3753890.47619015        3807851.42857165     
   3787492.38095266        3719700.95238048        3458734.76190482     
   3456509.52380964        3483033.33333295        3489039.52380980     
   3387671.42857139        3460199.99999968        3405712.14285680     
   3395867.85714296        3296080.95238075        3308278.09523784     
   3303457.61904761        3300121.42857100        3275502.14285728     
   3240953.33333326        3327999.76190508        3464010.95238079     
   3552995.23809518        3651216.90476189        3833499.04761926     
   3804330.23809532        3665688.33333342        3590265.95238115     
   3637732.85714318        3574668.33333284        3498438.09523756     
   3499746.90476213        3496214.28571395        3451385.47619010     
   3477720.71428505        3445920.00000032        3419952.61904799     
   3405868.33333286        3402008.33333302        3424308.09523831     
   3486856.66666660        3524797.38095266        3556772.14285713     
   3531254.04761899        3515499.76190464        3472854.28571418     
   3398850.47619028        3404403.80952363        3293076.19047636     
   3311596.66666674        3188300.95238147        3356982.61904736     
   3449387.85714285        3489856.90476153        3486251.19047599     
   3494032.38095264        3472398.09523820        3316312.85714297     
   1399431.35063472     
   2773233.80764481        3080508.55594923        2957712.99875566     
   3007007.57974255        3047609.13249514        2886112.99027088     
   2961283.16172993        3044610.07167902        3079740.80814486     
   2783988.36851359        2611058.90215278        2761579.53605953     
   2683716.45420389        2661342.01140888        2566801.97538190     
   2736345.34288850        2861846.88002098        2608602.42958982     
   2673948.90717730        2840157.95845791        2708058.00406130     
   2477759.80325018        2620393.26396074        2457781.13913082     
   2828473.66306257        2961401.56360601        2796087.12655997     
   2760691.88229705        2699331.40405041        2973659.91677083     
   2703687.07681408        2661694.95995570        3117422.85621612     
   2658815.42574394        2916488.25999558        2875043.11749679     
   2690802.55533751        2889401.14831377        2944320.53973542     
   2702170.82901040        3067992.40252847        2818653.07504452     
   2703111.60422785        2648082.84970340        2667830.04234468     
   2640626.53605598        2938455.67168137        2947629.47990904     
   2634067.52292763        3054355.81589062        2801734.32498681     
   2802658.22900875        3063378.48889712        2834124.78988591     
   3002556.17143389        2722374.09842683        2958430.17987768     
   2928069.49074350        2633016.59659401        2608619.93039382     
   2911737.94230169        2689275.85399184        2645852.25743264     
   2719179.88770619        2876875.53447821        2919158.86084447     
   2871426.94217224        2802508.88007043        2888797.86086548     
   2966769.98383222        2870011.70756507        2938825.63425286     
   2860400.14271225        2605739.96826774        2888630.24017470     
   3177664.30671012        2967244.57244173        2771278.05998839     
   3110400.30080616        2946540.05861110        2832013.30018768     
   2868640.48169255        2695444.58180714        2898540.26187960     
   2934994.59282191        3047082.31541953        2807219.71816351     
   3053919.71343424        3011665.41285562        2980290.00671868     
   2751577.04153451        3051115.97262532        3080916.42408581     
   3074375.28141671        3243113.11381662        2633046.03862608     
   2743662.29723280        2783289.02869274        2849963.94362130     
   2690048.04591463        2672077.21723453        3074434.39570127     
   3055506.13891710        2936427.70480831        2670008.39924674     
   2934108.44012526        2891186.54115159        2789724.41227893     
   3303759.99312621        3098536.99788264        3155391.07181610     
   3000708.92333870        3097925.07998193        3294940.16898968     
   2917415.22326345        3281464.20758377        2734345.15643092     
   2820899.13994300        3071104.45237137        2808759.29171587     
   3219454.26780389        2923542.45874777        3146566.80293504     
   2904689.17242066        2797088.01969368        2914535.47916826     
   3020766.88291264        2755705.61567949        2845242.61259801     
   2911236.18596122        2869639.06377789        2658353.84821437     
   2983675.70471493        2788500.01165244        2767139.83173535     
   2745124.91478633        2615480.09496783        2418919.63503184     
   2641096.83304405        2599170.30946399        2816280.78162492     
   2613050.61858111        2813454.15400860        2677079.59683236     
   2683316.58958029        3015955.19408487        2831380.77256312     
   2576600.32561845        2819621.12401667        2704365.09507316     
   2538486.28630260        2509822.62034688        2517142.91631759     
   2808593.65824315        2454958.19999942        2581175.18866475     
   3019302.04402026        2580010.59144975        2631382.69577126     
   2521305.35497663        2825682.48519583        2755628.44888773     
   2843349.82113480        2734541.82368982        2974427.49022865     
   2779072.47094390        2898810.51266264        2593821.28243570     
   2605826.12301742        3010362.96633173        2772408.57423728     
   2861394.02613761        3088559.01085933        3289960.42161126     
   2954195.54327897        2787164.45938934        2790363.60925659     
   2640252.59251837        3059172.71911060        2740275.32976387     
   2804681.35901480        2964326.44113940        3210935.90454137     
   2925987.76591048        2850769.04169425        2643788.90368773     
   2665698.39716126        2574621.22530327        2722852.46351846     
   3056955.66822381        2764102.78390025        2924772.69040375     
   3012221.86368608        2644501.29073923        2990986.05625202     
   2749089.40659285        3034230.09586072        2704188.35736402     
   2651554.61226332        2919340.17367968        2995549.96987309     
   2952308.87147190        2868563.93547727        2684944.24355920     
   3051583.02716399        2768370.15451018        2713945.60960659     
   2725897.91675890        3154053.06700864        2525895.17449981     
   2766118.09161819        2747011.10860475        2781596.53950994     
   2808685.26791077        2887668.96161575        2742748.11962672     
   2965518.17106322        2784535.07715780        2750677.64534006     
   2603258.91484275        2712354.53753465        2757114.36997215     
   2938762.70014038        2879694.97275895        2653384.93292259     
   2446479.39980893        2589925.88836188        2744107.74572565     
   2641782.79709033        2775245.50293887        2858387.58450168     
   2619844.09666193        2814088.83246313        2947398.25975119     
   2762252.56834776        2821936.79136756        2964500.94013808     
   2700622.60268388        2701129.27141309        2675361.17431444     
   2774666.80140467        2853302.09358364        2871398.37147737     
   2841050.88965048        2903492.24727743        2660164.34113705     
   2552463.13684103        2622280.60452907        2687674.86732571     
   2666708.66990973        2688839.56262780        2866619.67466589     
   2749277.91545980        2721078.26789284        2581400.17793599     
   2864441.08220036        2743005.42646724        2744781.93218424     
   2773750.75479096        2684638.50354383        2772433.56971094     
   2838152.12332924        2543794.80097286        2579565.25121531     
   2827420.82233168        2582164.78404025        2778533.91485806     
   2846607.28762890        2635282.95884450        2513450.85158426     
   2650631.79414316        2953542.28964458        2860549.91049714     
   2761942.68151886        2560348.17255997        2745939.75694051     
   2853467.81827811        2703857.83680981        2982237.09686058     
   2822178.93559467        2496650.92939868        2765185.50263547     
   2585183.50264446        2640409.08766511        2815779.54401606     
   2782422.76970243        2908661.50272695        2742326.42697671     
   2863452.77269959        2742384.93582491        2789220.90725260     
   2834894.62902494        2432929.23141093        2764396.81942506     
   2973224.43734632        3428317.45101275        3080960.64037496     
   2608023.77863795        2930693.98548211        2966787.88744359     
   2968461.17190164        2967870.37658885        2888433.14753982     
   2967681.18362022        3016913.90559003        3142756.54872411     
   2916300.93808819        2929997.67457664        2844203.39265759     
   2970309.31653563        2719092.74774626        2936540.91539428     
   2903603.93726389        2847440.19784327        3271592.07745407     
   2676904.43229697        2876473.33505347        2820359.30007538     
   2842990.05761131        2571085.50087600        2747334.87262099     
   2824608.04385052        2779132.26688766        2656869.30661744     
   2798733.14913770        2545936.79935812        2790264.80550814     
   3018906.37086775        3001470.52483661        2645682.61011377     
   2537381.11723586        3163244.84807930        2659111.94149156     
   2906748.77417490        2819399.21595701        2824077.47584124     
   2778232.98195921        2851631.20869855        2918120.84693601     
   2558047.00843550        2729782.92145382        2842353.42416862     
   2654795.39487900        2956629.30319143        3074663.34384388     
   3081036.01616458        2817682.74791978        2668203.69663664     
   2687876.94854463        2861167.82464769        2880436.21743491     
   2956787.73395220        2955040.40528580        2758526.95420535     
   3102902.89208045        2719536.21504025        3082227.77399386     
   2631764.37948997        2646476.49322346        2776653.66042286     
   2469930.76469697        2530751.75557238        2508932.98144720     
   2867056.34259432        2610992.10344242        2788272.09574750     
   2746190.56442109        2664540.60390232        2820805.72214924     
   3043763.84537919        2844742.36663037        2808260.33115980     
   2661709.87052106        2512617.23637288        2825751.53515202     
   3052024.55086833        2752097.06051804        2813241.56964675     
   3121894.94156134        2862471.42679511        2590010.18574054     
   2563404.73532431        2572006.12547426        2689007.86238931     
   2405229.26375225        2836152.35501096        2517637.36418879     
   2730398.69510680        2780905.25703301        2652940.34686890     
   2643634.07161915        2673095.52436031        2667849.62570606     
   2917931.57836914        2758795.06086077        2721937.20677000     
   2448818.09767336        2655283.75439046        2809047.48963641     
   2677426.60282230        2813847.18760180        3271142.40635573     
   2828735.19184526        2669782.09925214        2673829.83375774     
   2596938.20111343        2590391.62055616        2692751.44695122     
   2592975.23528834        2616581.23963071        2698431.61928398     
   2522635.65025682        2745187.46557448        2804851.44778818     
   2718161.03609138        2726238.31432381        2531018.83720781     
   2374094.07924846        2538305.20809341        2934785.54651177     
   2753435.08968033        2669708.06255587        2563942.84735385     
   2586659.73111929        2515596.77153964        2746451.80777050     
   2593415.99037012        2891637.99920408        2736642.75621677     
   2899698.78394727        2880548.07701924        2750367.28146466     
   2836877.35229910        2693846.18856646        2566233.79207919     
   2432881.09281366        2562628.83998475        2694809.25532640     
   2816730.50167567        2882279.61165843        2644176.35061039     
   2770547.43522320        2724481.21516468        2772922.57267717     
   2805557.51962915        2679560.93413642        2794008.32202339     
   2992824.84520348        2815901.69981577        2898964.20642490     
   2604177.20779810        3048986.57827771        2812278.81500655     
   2871780.28227830        2779799.65182305        2977138.19021988     
   2781644.33826104        2678501.53738445        2594694.02809926     
   3159420.17182936        2846695.46866156        3082811.65658339     
   2798009.30047428        2875933.40175276        3085706.55491481     
   2983941.43301304        2896245.30330590        2894955.17678246     
   3108778.75119741        3144263.61638125        2773245.22494508     
   2728275.53518037        2751298.35619124        2771552.53000824     
   3122927.02505641        2694184.06209867        3006738.02341097     
   2529272.96487613        3049331.71970089        2812403.76664171     
   2656424.94734689        2704454.91195195        2767872.31321769     
   2765283.84554172        3120860.96390913        2760613.88964577     
   3076803.83134918        2515558.13948166        2660511.56255388     
   2762598.12494160        2806710.53227347        2847487.00586617     
   2745989.81574594        2529177.13757004        2706396.59919206     
   2611051.79412449        2651298.07144331        2884102.53499812     
   2804604.28500880        2699161.86043852        2688836.49106400     
   2986654.12216452        2766035.43574506        2701700.46015609     
   2896374.10361819        3035738.56530989        2698123.65472518     
   2778842.57668818        2722707.93335358        2653189.54926438     
   2930367.08398353        2771427.97417974        2736903.36968985     
   2685235.31034826        2739618.25344256        2692895.09587697     
   2710050.56743210        2652103.81252101        2935681.78066566     
   3042614.52055125        2729494.71903696        2977991.87356441     
   3093691.70887625        2747825.83579000        2817836.34147851     
   2977590.61087800        2808895.01905409        2719296.74138393     
   2967998.34746644        2986607.85162037        2859256.47001097     
   2783800.42672581        2839849.53647764        2676143.21842746     
   2908410.23254394        2815499.85103524        2733536.22883140     
   2874541.98011726        2997697.47860278        2737079.54597508     
   2980790.92311495        2713798.76200142        2650188.77827820     
   3023127.10958370        2775115.50342122        2990580.90030150     
   2843912.25357457        2833760.06133295        2920754.12341794     
   2868898.91959828        3066752.06972072        2851202.45726901     
   2774481.30898466        2877213.21856869        2879952.62254399     
   2784280.98467917        2820708.25411666        2609739.98203328     
   2724023.05779993        2897761.00884343        2698948.18644544     
   2795080.78538328        3087007.12003775        2893108.03270839     
   2648063.96558036        2911350.88347797        2618977.02588239     
   2660824.56315518        2741824.34961229        2646531.89460649     
   3021895.71430699        2959562.79415574        2994319.52962829     
   2554716.43224944        3091991.35644709        2882291.16480220     
   2723079.35289357        2810965.74016500        2747794.43704745     
   2802032.51098663        2738184.52898016        2912474.59196836     
   3021888.62758145        3117671.57559566        2973363.59305765     
   2741979.65468147        2996071.78759863        2800687.83427757     
   3042027.98941790        2876890.92606299        2942755.34081204     
   3164016.74865865        2824014.76153014        3019906.73684879     
   2982985.65949418        2719752.81363327        3013836.26619266     
   2915038.92109398        2759524.69117216        2884411.03579628     
   3086447.52901306        2870706.42492793        3041199.15585839     
   2862551.20815874        2995394.64927712        2833986.68237652     
   2730842.66604816        2594591.54315265        2746432.69450284     
   2717873.02878970        2771214.44607198        2685145.48541973     
   2791590.05963788        3058342.29514225        3173392.65077521     
   2833009.38300324        2986226.36886252        2940384.87347768     
   3046881.78183195        2881947.85525383        2757400.95985292     
   2887075.16702956        2956015.49615011        2627307.75612348     
   2667542.45086761        2774390.18266534        3017282.89854932     
   3069379.66198812        2642883.15102456        2733236.40761563     
   2751325.47938650        2541546.14054121        2853832.30994757     
   2807087.73107986        3004197.39955413        2625818.31359042     
   2822716.85943707        2786584.07909858        2892088.47717810     
   3088927.00268002        2742734.60461701        2785872.22137344     
   2999189.33861311        2756012.19644276        3022067.88726562     
   2939460.86444166        3091917.91529586        2910188.88050147     
   2842814.57872906        2774985.68190801        2779789.15898342     
   2619716.08403594        2783135.98273907        2689216.10011631     
   2634292.33076117        2612580.86828097        2720312.71279769     
   2636042.11646337        2903817.77797968        2752780.89369077     
   2584180.26771114        2584757.28613117        2475817.97028332     
   2519932.70301258        2718820.53634860        2602616.79309046     
   2544162.84658478        2540512.94378085        2376897.81350855     
   2627917.75149330        2691059.10306817        2661177.66237816     
   2673249.22528084        2839278.75077000        2802167.46502558     
   2644805.98884268        2585232.70061844        2530200.18826157     
   2752267.34445967        2787463.79183818        2776820.24648958     
   2666980.82390745        2842505.68362780        2714790.36055163     
   2689529.26746650        2663653.47460466        2560509.53622288     
   2871048.39192101        2817454.99922676        2651513.58937769     
   2813714.20642266        2735310.36066105        2602343.47346819     
   2679678.71723052        2669940.99161445        2760756.10148730     
   2791715.46596155        2542041.79223053        2857479.77736423     
   2733123.61242535        2483249.38859315        3031813.51116664     
   2902869.09049421        2990299.10272505        2818387.21184184     
   2657607.88008596        2935070.24875654        2577069.93846791     
   2567137.79998241        2715248.21873087        2570079.99082937     
   2448317.18588635        2518267.61472159        2432702.10969220     
   2501422.75796922        2585634.99404787        2549133.37800313     
   2511045.56761041        2753728.78286478        2553724.15751077     
   2560279.00235403        2710571.93575083        2936376.40500888     
   2836060.19632358        2834797.70682890        2632565.55018783     
   2905111.12166843        2785643.18996186        2589081.08917962     
   2604867.96399108        2836769.96690399        2376183.10590107     
   2543831.65492345        2475558.40702732        2669429.86829821     
   2441482.18573950        2674729.30875700        2349194.56148071     
   2581610.57194663        2838037.94055868        2635779.61971145     
   2757020.02618819        2501273.33945754        2968260.65360333     
   2608487.87015515        2743297.14589742        2601128.89868409     
   2441383.80134210        2572816.78396006        2738043.64444835     
   2826403.30253445        2498173.30946646        2704362.10755394     
   2573450.03194642        2555220.61769091        2754180.31246214     
   483.282670077161     
   1100.93247315526        1093.67810352758        1057.12255129986     
   1067.54613911418        1098.06607667888        1086.82411434147     
   1086.33300809135        1075.15823382834        1049.86286608077     
   983.269354376934        994.702526631650        937.870783148976     
   1006.73826738325        966.300015640504        984.867662936315     
   1007.87904485628        982.154696075581        958.271541644427     
   984.602658022582        1018.29533313187        966.968211714904     
   993.007566461005        986.709255534176        967.240248672357     
   868.959079826595        945.480519542623        1061.19372344350     
   1045.59749029396        996.516386172056        1067.93218388139     
   995.490934351701        983.856908617678        1021.58490401156     
   1007.36844049581        998.939239912910        985.305292026786     
   1037.51662962020        978.502550143867        985.370561379409     
   1027.49818663175        1014.34109488603        999.887960984322     
   981.458120430744        1020.51194715848        1037.84282997271     
   1005.57659927519        1067.21100009750        1066.02609308397     
   1023.11077532636        1066.40461938678        1046.01905768816     
   1099.19482337184        1024.15495607706        1058.67781281311     
   1060.72141661443        971.493036441079        1057.24252919789     
   1049.97145074110        945.549639046779        1032.96926757006     
   1098.56521384568        1074.98791219299        962.615062502994     
   981.970915233137        1052.14218801028        1045.49826849472     
   1085.65887089637        1031.06404064975        1085.39052951216     
   1042.63871683859        1031.55785512416        1034.11377943988     
   1065.21733726969        1114.96541115897        1121.58500622886     
   1050.72558481106        1095.60148693802        1079.73583251442     
   1102.04429853496        1031.73016015286        1121.68537872310     
   1131.60506369754        1140.04861432175        1068.21874203233     
   1070.94006428661        1106.81771656438        1079.56774221771     
   1061.74273915095        1099.67375216701        1191.42213905935     
   1068.63078800139        1132.89380504550        1102.96005531048     
   1108.02646179122        1136.86230139266        1079.64945987781     
   1053.76878900027        1104.18535211723        1048.50305916058     
   1123.42253141353        1104.85083620586        1088.92015398671     
   1140.02960511125        1099.48584555450        1097.53391302077     
   1046.86413982659        1017.94246621908        1090.54970957753     
   1071.83906411228        1159.53315971676        1130.05407934891     
   1144.65055422163        1178.16440581621        1175.57365833208     
   1147.91260087641        1091.83365648861        1106.83449986176     
   1110.96994537551        1124.38019275357        1112.48092746256     
   1161.74800720612        1075.50478052356        1136.79461355353     
   1121.04262148076        1115.64953768978        1107.60962362477     
   1045.14114128479        1065.71386206294        1110.24898938769     
   1021.46747636249        1079.75880065316        1025.91871320361     
   1080.88488895417        1074.79186167907        1077.17482090924     
   1042.09626679390        1041.27571132651        1005.57100286102     
   1022.38191861477        1023.63644445431        1076.58522202144     
   1028.70717633733        1054.30142973258        1030.43261572385     
   1039.71754700858        933.125227528713        946.823430465512     
   1033.50872521885        1051.99047418689        1004.36138745508     
   978.886208855373        1027.80369491345        1067.54457470217     
   1076.75728280117        1019.14622666933        952.193379926316     
   980.922561045157        979.756506468430        1039.03205962421     
   994.032126323657        996.971081270867        1044.72206779773     
   1031.96468892428        1038.41949510489        1038.13063415852     
   1069.19443083079        1016.87089351739        1017.00444355773     
   1010.51988241275        1104.51296217405        1096.45948487336     
   1098.79446914491        1155.25705094620        1149.44020324922     
   1071.33328925108        1116.32721196665        1032.84750596422     
   1082.09442499196        1089.12542672376        1091.65312878585     
   1105.85639765999        1164.40615996622        1105.34583256463     
   1133.33336556688        1021.75546951298        1105.72905846156     
   1073.55086529562        1088.98899753233        1074.08945578744     
   1083.41307348560        1116.02713639869        1069.78377133534     
   1062.29668791978        1018.73450243364        1104.97953946954     
   1074.68093093202        1088.15765145167        1007.89718891777     
   1052.22057860263        1095.09743950856        1094.51356682613     
   1125.85084682141        1114.73246887564        1040.39901169344     
   1062.66790168984        1117.40862797620        1094.11122439457     
   1132.89414305996        1113.58283998039        1042.58430113597     
   1037.38899794872        1028.74139138541        1050.37190359157     
   1091.39466171877        1101.67992774240        1029.69798572993     
   1031.16595955197        1059.91040387025        1067.80137576795     
   1019.96327135101        1108.98157618372        1021.53112871745     
   1126.66615808780        1057.69386702851        965.977385961392     
   976.203876829560        993.104967441311        993.682737926909     
   1077.64410364944        1075.61626053161        998.873177274827     
   1069.77916500392        1050.97502137769        1095.42134617194     
   1099.02078357164        1048.20883787275        1015.14935340399     
   1034.46161164300        1004.09617639570        1009.25420450319     
   1040.35232044459        998.209805606317        1051.66461757212     
   1042.23781227332        993.829024796712        970.155967828144     
   992.600670662264        1015.55169875429        941.267244426296     
   963.037509832276        1047.22585270168        963.118437391467     
   948.495008256257        992.956363105666        1057.39293393479     
   1012.33774020133        1015.33295881878        1008.22363265907     
   958.444175744807        1022.02364598170        1064.55260479122     
   1003.42851195241        998.192763687267        967.610955444289     
   993.680084952452        1054.03209059256        1062.44881104011     
   1071.56597648720        1065.08615282686        1009.69017017573     
   1056.10939627469        1036.39033196635        972.730474405675     
   987.572560630772        991.149881494704        1058.43059973224     
   1024.19985099316        1019.70766516666        977.458615081287     
   988.594849387174        1066.92492393019        1012.96946830163     
   987.529250674500        1026.83814290143        988.154149749005     
   1071.46448278296        1008.99513675108        1073.64999264033     
   1054.40846488023        1061.56846709655        1051.28917718919     
   1071.77713203597        1000.37135443810        1014.69620825439     
   1058.29072485735        1122.41469671741        1078.06876610471     
   1056.87717541929        1073.63765485736        1096.66466363922     
   1015.14981350685        1033.75101566207        1023.41771409479     
   1134.03463630797        1071.78248125482        1070.62709041429     
   1098.72050677776        1086.51125311358        1049.17021508428     
   1019.65995195324        1078.99432871196        1179.02064469943     
   1069.10291717382        1020.85616561771        1034.80041500558     
   1096.02057638609        1016.47893288948        969.945267575048     
   1064.87265902528        1031.44348235814        1038.24297699508     
   981.015943916537        972.558964131452        991.663884550528     
   936.100273104208        991.724351572273        1077.85889860509     
   1052.25052005108        980.410663700689        1053.20609136776     
   996.215282209090        1036.86611108984        971.102966367290     
   1046.73195909599        1010.70165854306        947.427762027258     
   1032.57189643170        1038.59725838827        965.858853761946     
   969.029095484054        1021.14274547015        1010.40002953018     
   979.484521071063        974.732014833104        1031.05750336243     
   1024.82868770726        1032.48517476641        958.352326807542     
   973.299444754918        952.693831897813        956.759244953586     
   999.269884698953        977.564077589078        991.437485650424     
   1037.18707619711        1018.77781976669        961.493650312790     
   1007.73462064487        997.791098190589        1003.52051582565     
   1040.37808900563        1032.52788819575        1034.70074392798     
   1086.37200745103        1078.88825876397        1105.37713486471     
   1052.14325513377        1132.22243615445        1085.04748715819     
   1041.77844825133        1005.58003714230        1054.23102957748     
   1026.33913651152        1039.79753407924        1050.06027067113     
   1125.63822290055        1166.90127823331        1062.17186099097     
   1021.09145408610        1037.63048280103        1028.91367327352     
   1076.72611761324        978.064088869220        1066.74342983827     
   1074.80058903114        973.953726939182        1053.90228820483     
   1014.84091202915        1037.55050925397        1077.15225858838     
   1019.83840665305        1054.58399431857        968.928001558444     
   955.457426033634        972.135021460366        1004.37093354312     
   1014.27317135255        920.511823805075        955.535519313411     
   999.330848905759        996.480398821413        1052.66360913910     
   941.482096086158        1047.52078792312        1019.08741838048     
   979.613899028945        1069.89316709599        1032.58724374179     
   1007.45536422717        1007.85023760291        974.185306287920     
   996.079349908013        962.700200304791        972.979444331406     
   1082.65638998503        1008.50938984024        935.437152842246     
   966.279715028885        1000.13732565225        1008.08284825448     
   968.173731044288        1006.65916102385        1011.28318020381     
   1033.26839547900        1051.65877708545        1007.58315914410     
   967.974068209938        943.968121486009        1050.98316562777     
   997.315794889764        971.589567504857        1011.36712994963     
   1044.66030884652        983.054171329534        992.731239439032     
   1013.23971020913        991.539633028076        986.973595622817     
   973.055840586692        980.271685123453        1014.27250255815     
   944.632256818775        1055.38626450133        1037.73166982921     
   989.306754521320        1004.17227867354        1050.35467045344     
   1068.60108479830        1080.38916919847        1071.94261595708     
   1015.15207169728        1069.63689298258        1080.37123906216     
   1027.75781394076        1100.68302550348        1044.22401400236     
   1004.29425012163        1093.12563711403        1013.43445478596     
   1057.93768695878        1038.45729435646        1128.02859462346     
   1099.44503774201        1083.83947249773        1037.58129680014     
   1079.74161505855        1070.41010204963        1099.13800689280     
   1098.70169423628        1125.32951342273        1064.54673333106     
   1068.91907450776        1091.55022954871        1056.94554986318     
   1008.78172277644        1070.40640145355        1072.18264120065     
   1024.49257015194        1051.59068590801        1034.16597595135     
   1038.22200912225        1063.10374476357        1085.77934306911     
   1024.37163519645        1070.57406472611        1073.45615140606     
   1023.12708366218        998.866719288274        1046.09050833402     
   999.082137593882        1034.81513251167        1071.51461445978     
   1020.95850689184        968.321491991941        965.782265523369     
   998.570439745714        999.853480000328        1003.32605492459     
   1041.72408208315        1007.77233174496        1040.54124797281     
   1021.51332523320        996.345216749506        1021.48806793375     
   1004.14150941843        1076.77957380712        1058.21592035269     
   966.552694475332        998.931126784740        984.589701061449     
   969.229758176280        1029.48068600754        963.982173662784     
   1003.77178544431        974.534468327491        971.317809662472     
   1045.04608014743        1056.20901806723        1083.24339660166     
   1079.14927836122        1074.74139624470        1133.06210859329     
   1058.72201695514        1082.22599558776        1000.91364648040     
   1029.82283104478        1022.67937355542        1047.66124932161     
   1047.78626983835        1017.67667138480        963.669920271833     
   1002.63949303198        1051.82399902006        1013.85298730738     
   1032.24144160603        1030.28865291620        1067.52447751170     
   1026.94093427588        1079.90011947894        1045.03641801738     
   1049.24540458529        1128.84916204229        1037.04554238443     
   1023.55334500564        1074.85912871460        1068.68101463458     
   1079.99149135624        1031.20243210530        1042.23409675710     
   1075.00773068519        1034.88627202829        1077.99488195550     
   1056.64347215663        1054.66469147050        1057.56543450492     
   1007.73206119500        1033.73886096890        1031.87573253713     
   1074.56112688799        1066.86039884088        1056.69409008316     
   1040.83946753279        1051.10945713420        1101.21194004011     
   960.400631467219        1043.48514383478        1060.19790850425     
   1080.80092283108        1043.07169289115        1065.58175550551     
   1092.37574757022        1033.14980869811        1053.28520892669     
   1038.41395924988        1044.20028084560        987.589248598972     
   991.069786025444        1011.87636663359        1085.83470079554     
   1018.35812812783        990.288253032148        1000.44836810737     
   1051.15599886992        1014.65711648256        1018.36810805104     
   964.885797471891        958.683040295963        1018.24714386181     
   948.694472777214        1059.47088715310        1017.06047325584     
   1102.99063538509        1047.34746333157        1047.13069284675     
   1076.11460369291        1113.79743634721        1074.39716481104     
   1045.47583304372        1098.53361344539        1063.06969585151     
   1078.37800058941        1054.18619007490        1035.67381467213     
   1082.26608456481        1057.85254901332        1013.71417772139     
   990.498208394539        1094.29134796768        1016.31998701035     
   1004.10761482354        1076.05141916261        1067.72548063585     
   1047.93621734181        1126.97908187091        1145.46607221405     
   1030.92385601177        1078.28918651136        1019.85802898815     
   996.299805424759        999.165114115737        985.286345052561     
   993.668538955981        977.591251041767        1011.04250344269     
   958.204744789321        959.643846060063        1012.56237137413     
   1023.96687388972        970.506794256608        1030.21954414531     
   1096.31183907528        1006.92129743819        1093.37892024615     
   974.520625026314        1031.23537480896        1005.29964028160     
   1020.45526443285        989.443016797090        981.667064101164     
   1070.76752274081        1040.24720262772        980.338411211307     
   1037.41509077434        1049.22455072728        1011.95047249018     
   1067.56218251224        1090.03757866713        1017.01083870523     
   1058.20280527611        965.185151630224        974.504372129310     
   1017.14067074497        1013.35070174988        917.765206774225     
   993.087769771933        948.536502899165        1042.20718050309     
   956.567072629742        1048.91250572644        1012.82091143943     
   1034.68945089373        938.542078044141        932.800001298360     
   909.552434346767        879.062646951937        900.991407796657     
   930.806753191665        1011.56252504269        1002.69101102843     
   943.286898427613        965.192195054925        965.509152671800     
   1023.64368020572        945.017359909377        986.203167860022     
   962.978130394534        981.702521923379        952.067710865300     
   1003.30277997353        981.864678334749        1027.58108297007     
   986.704891324272        1011.42760620851        988.511942292566     
   1076.19096033706        1020.69673362382        1029.26448101903     
   1025.71041244186        938.129687705995        1002.53328407278     
   957.521766641095        985.227363171891        950.859480529042     
   987.093614284212        933.485115244248        1027.36367189173     
   964.964020184052        979.758490637662        993.228733593180     
   995.610708989287        1010.47180564702        973.895505295896     
   1045.51223526196        996.697847711749        924.845102748365     
   932.497196149868        932.933366217577        1001.21805697318     
   934.701071679081        932.879674830344        876.291348884031     
   872.037980893461        920.135219181455        885.877875536541     
   894.469157141939        947.856698438443        891.935138528491     
   869.668530992933        891.899608776262        931.002735869807     
   968.980796171545        1009.99100318618        1079.52059022674     
   1009.23567388061        1022.11412571003        929.545102665654     
   1011.79499882832        944.505369126454        921.212081878844     
   896.333170992942        951.168491536234        966.539040643789     
   945.154002599143        925.890204621550        919.562068627259     
   991.994806949061        963.104235029671        937.434865182891     
   933.003277281333        914.646374584710        996.610725138346     
   915.041484917502        1009.60995825394        1004.08275454504     
   921.106093944645        964.763740377586        986.657528861102     
   969.313946110606        905.178670720941        965.485712821168     
   905.658868932183        916.766330979069        921.077125925811     
   939.626527218308        967.394168998959        921.575558708912     
   216892.000000000     
   754.791504825107        186.801198264801        139.699984139714     
   357.752074762392        481.320074781910        138.082697080635     
   215.866935916451        549.309732439708        4316.79810832893     
   1470.68180434995        4.14316235359562        16.9360847085575     
   1161.21210841872        9.96267000157367        229.023293565587     
   567.913076560294        15.6595182377676        729.987045997659     
   206.322216503178        22.8419082389021        1979.81830795978     
   853.650447781898        427.077357126283        6.35103176570907     
   255.540441216835        197.963204737152        73.2594694233365     
   44.4935658893810        727.420284232548        34.1356600053920     
   524.078237141605        22.1286664740836        337.372440641525     
   158.857567083916        983.778454861276        610.980158920038     
   1103.18512076249        246.045694156512        201.547585325953     
   634.149158923697        360.305207703971        4.65197176544069     
   307.666148283892        157.131249436585        218.220179446234     
   645.497425984313        7.09153117759074        1465.38473493735     
   106.427482957987        96.7373894270450        6.46006235396159     
   24.9452900039403        10.0535288251174        53.7157364790730     
   101.103155898323        56.0735229500337        367.964606528711     
   4.99269235372980        770.128474239294        184.920420617445     
   155.836511201086        1897.83639147625        27.4211929455078     
   330.144621228619        966.301760152634        231.880803566039     
   57.5363500090882        63.4012870688382        37.6246388294725     
   410.054956535359        75.8625747178653        19.8072235325404     
   1038.09840251692        259.874407099872        544.035377732993     
   18.5806294146996        187.528068853151        1934.28895148200     
   169.828770026826        314.376072402599        168.524945908973     
   49.9360094196524        10.7349700016957        559.404147735420     
   2496.80047098262        188.232224735615        79.9103353067400     
   845.087003662899        189.899484147643        106.800004134517     
   20.6749252973834        138.273500610076        1010.75898251260     
   452.876720071535        811.478324834061        1343.14781668275     
   1571.62141436589        54.3108617732846        418.895520066167     
   25.1769800039769        2484.51181509833        31.3462941225984     
   161.887708849101        107.513245899335        302.291848871278     
   1220.76098136930        912.981259555976        193.842757089442     
   507.864480080220        1771.11559027976        2436.47929803192     
   86.0160482488809        880.594631903802        9.49020411914610     
   30.3650188283258        1019.02259251390        1719.13525733037     
   954.976207797903        161.056350613675        183.993660617298     
   6.81441176578226        1348.58117433066        4.39302411834097     
   247.758382980312        642.967007748620        14.3102647081428     
   6.98250058933823        10.5668811781397        450.587077718232     
   120.642345901409        117.766664136249        15.8366929436780     
   389.475433002697        1277.09345196643        547.678816557098     
   1187.82465783468        549.377876557366        100.003764133443     
   173.444951203867        633.685778923624        109.221391781958     
   185.733607088161        3.13462941225984        27.5393094161147     
   30.8601994166393        197.245420031156        31.8005882403172     
   75.3219647177799        67.7806823636476        18.8168623559134     
   342.401476524673        60.8754117743215        37.3702341235499     
   95.9151170739739        248.326250627460        179.418918851870     
   840.121568956232        4.40665294187253        46.6469200073682     
   3.52077941232084        37.2157741235255        511.398888316073     
   586.625451269132        110.765991782202        219.923782387680     
   1044.95370075329        101.393904133663        343.605355936628     
   907.011834849151        1384.15694668922        10.3806205898750     
   2532.30809922352        2948.77768870107        5.52875941263801     
   1435.90558963858        456.583760072120        18.6896600029522     
   46.1517394190547        719.947145996073        3.70704000058555     
   31.4598676520281        12.3795147078378        48.5549553017872     
   496.084633607772        41.5406541242087        339.698426524246     
   111.638236488222        862.622756606845        554.070734793401     
   1.86714882382434        151.738778259262        9.74460882506864     
   9.97175588392805        240.489677096810        615.382268920733     
   7.38227941293078        140.585857669265        51.5260388316683     
   16.1501558849040        132.581195315060        5.11080882433670     
   56.5641605971700        127.797478255481        27.3893923572675     
   14.4056664728637        10.7031694134553        132.712940609198     
   142.820984728442        16.3682170614090        47.5736800075146     
   63.2740847158769        219.087881211077        12.6112047078744     
   418.686544772017        199.380602384435        80.9597547186705     
   9.96721294275086        119.483895901226        92.7032576617019     
  0.636011764806345        177.279193557414        442.237151834560     
   560.567140676781        853.500530723051        1779.27925557517     
   152.997172965343        200.275561796341        781.967378947046     
   314.462388284966        105.891415899079        1379.97289786503     
   29.4973170634828        55.4329682440501        258.429751805527     
   100.612518251187        254.749969452004        34.0720588289113     
   108.417291193596        36.5525047116561        183.325848264252     
   576.789983620519        587.447723622203        293.855607105240     
   157.867205907289        281.675981809198        181.663131793401     
   113.087434723745        104.855625310680        90.1819253083625     
   8.26815294248248        12.5067170607990        311.055182402074     
   57.1456570678501        21.8106605916804        9.42206000148828     
   261.677954747216        160.456682378286        282.757201809369     
   42.5173864773041        186.783026500092        50.8082541256725     
   31.8641894167979        1152.29885782907        183.380363558378     
   86.9882376607992        161.029092966612        561.162265970992     
   910.082863084930        16.7271094144069        1572.28468377776     
   8.05009176597745        16.1774135319671        13.9650011786765     
   3.15734411814578        340.870505347960        1248.80001431490     
   395.985467709607        154.809806495041        26.9623558866118     
   14.5737552964197        272.108547690040        84.8348835428120     
   12.7520358843672        21.9106052975786        1111.56230429323     
   41.4179947124246        24.1911617685270        906.925518966784     
   139.186631786691        148.631406494066        992.778021333286     
   20.0434564737542        311.468590049198        8.68156058960660     
   1085.08604311257        739.486335999160        424.274362419958     
   315.420948873352        208.180279444648        283.679418868338     
   68.4575805990486        914.048850732615        396.825911827387     
   10.8394576487710        58.0951317738824        305.953459460092     
   228.914262977335        10.5668811781397        1174.76824489144     
   39.1828676532480        403.354118299006        65.3729235397378     
   937.890206030499        83.9262953073744        13.4471058844770     
   72.2781941290639        977.713628389730        39.0829229473499     
   108.453634723013        465.265320661727        8.56798706017690     
   59.8759647153402        514.283655963587        47.6463670663496     
   3.61618117704179        490.678533606918        99.0179458979935     
   64.7141970690456        114.114139429790        490.265125959793     
   36.9023111822995        341.065851818580        331.934540052431     
   121.328330019165        57.5681505973286        8.30903941307717     
   81.9592017776519        123.313595313596        11.4300400018054     
   221.023174152559        183.321305323074        276.497028867204     
   558.118495382276        526.358793612553        3.18914470638610     
   19.6800211795792        63.2104835393963        64.4915929513633     
   5.53784529499239        213.613637092565        968.132565447040     
   4.52022647130223        384.055704178311        34.1038594171516     
   122.118801783995        363.657898292736        6.35103176570907     
   59.0491494210919        1373.93532904055        1765.25973910236     
   470.962168897921        580.097244797513        99.3132370745107     
   23.9231282390729        1.88077764735590        1334.13916432838     
   3.26637470639830        871.558721902374        4.30670823597439     
   119.265834724721        26.1128258864776        6.90527058932603     
   8.96322294259227        399.960541239647        2549.05792334382     
   5.92399529505338        2578.32809334844        6.14205647155841     
   2776.90005220334        220.405334152461        198.590130619604     
   20.7021829444465        7.58216882472706        334.569445935200     
   76.6212458944558        163.468652378762        314.903053579153     
   44.6616547129370        645.470168337250        27.9254594161757     
   1902.98808677118        1.95800764736810        972.280270741813     
   2808.36900573772        360.346094174566        7.69574235415677     
   763.859215414774        11.0302611782129        4.46116823599879     
   122.300519431083        3.52077941232084        723.258950114243     
   917.528743674342        392.214826532541        196.495834736920     
   51.8167870670083        169.647052379738        21.0156458856725     
   8.23635235424216        134.852665903654        52.3710258906253     
   34.3264635348339        24.4273947097408        71.4104923642209     
   73.5820182469169        180.204847675523        1801.95761793169     
   10.6077676487344        1196.95596960083        184.161749440854     
   492.595654783691        244.887244156329        78.9381458948217     
   56.2098111853493        22.1786388270327        4.56565588307412     
   230.917700036475        120.233481195462        1128.03046606053     
   355.230742409052        56.0371794206161        38.0562182413053     
   134.816322374236        289.657929457518        99.9174482510767     
   1.74448941204026        474.328488310217        1702.75795438661     
   130.141635902910        421.221505948888        315.166544167430     
   9.84909647214396        674.803939518354        740.485783058141     
   344.023306524929        1542.26038553773        3498.08742114078     
   1356.61309433193        61.3660494214579        5.39247117732236     
   60.1848847153889        279.109220044087        12.4158582372553     
   51.0263153021776        851.760584252188        609.735393037488     
   124.812765902068        51.8167870670083        1991.09388796157     
   349.406691819897        234.397592978201        1583.72835260310     
   3.83878529472401        806.072224833207        7849.26196535749     
   3504.46116761238        2815.56956750356        23.7504964743398     
   2861.33061398138        825.002660718550        466.292025367771     
   9.31302941323576        230.722353565856        10.1398447074840     
   31.7915023579629        668.489251282063        388.008063002465     
   296.590457693907        37.8835864765722        72.6416294232389     
   159.161944142788        19.8390241207808        144.342870022800     
   13.6106517668558        10.0807864721806        889.212591316928     
   21.5835135328210        16.8088823555962        76.0624641296616     
   29.6517770635072        426.486774773249        320.486328285917     
   194.733173560171        258.461552393767        37.5837523588778     
   57.4954635384935        111.461061782312        328.736309463691     
   2.99379823576701        973.797613094994        6.02394000095152     
   53.2432705966454        141.458102375285        4.80188882428790     
   31.7869594167857        130.514157079439        22.1559241211467     
   1086.84870428932        8.01829117773713        32.4366000051236     
   121.005781195584        95.1519029562063        66.9266094223362     
   572.964827149327        461.362934190522        349.602038290516     
   1626.72274790401        12.9564682373407        407.928860064435     
   139.986189433876        26.8714970630681        174.090048851028     
   384.669001237232        408.001547123270        23.1462852977738     
   553.484695381544        397.957104180507        8.91779353082039     
   161.728705907899        9.97175588392805        564.782990089211     
   1283.55805726157        459.227751837244        20.8793576503569     
   61.9293741274292        15.3051688259470        67.6080505989144     
   1019.80852133756        58.9628335387253        12.6748058843550     
   1362.01919433279        55.4647688322904        7.84111647182679     
   14.6328135317231        205.172852385350        5.97851058917964     
   93.5573306030133        24.3728794156146        497.524745960940     
   232.834821213248        5.25164000082953        8.58161588370846     
   118.457191195182        413.793797124185        1411.68717022299     
   366.142887116658        679.996521283880        1055.71138546087     
   1173.72791136187        83.6628047190974        74.9857870706680     
   102.484210016188        4769.50673957690        63.3694864805979     
   1504.85380788476        167.230207673474        126.075703549326     
   4.37030941245502        7.48676706000611        396.866798297982     
   829.568316601624        334.946510052907        3696.42768999564     
   220.568880034840        2.83479529456542        76.0851788355476     
   307.679777107424        12.2432264725221        1.10393470605673     
   1011.51311074801        3.98415941239403        693.548114815433     
   20.3205758855627        153.764930024288        3858.73334943304     
   120.515143548448        227.714926506557        9.49020411914610     
   659.039933633511        896.690272494579        349.797384761135     
   771.373240121843        128.051882961403        12.3568000019518     
   140.463198257481        1550.63756906846        5.70139117737116     
   1051.17298722486        12.2432264725221        3.20277352991766     
   76.9437947180361        170.560183556353        14.3920376493321     
   158.498674730918        10.6940835311010        166.748655908692     
   74.2543735411407        31.6234135344069        44.7525135364807     
   2.47136000039037        34.4900094172126        889.008158963954     
   940.870375442734        1758.76333321898        18.1581358852211     
   534.931323613908        205.422714150095        1441.77052669833     
   2.93019705928637        9.20854176616043        1681.19261261850     
   2346.71078037068        62.1292635392255        2530.96793157625     
   654.705967750474        449.333225953328        63.4512594217872     
   42.5446441243673        390.920088297042        8.10006411892652     
   48.3732376546997        195.033007677866        241.511838861678     
   35.2214229467399        198.780934149046        516.804988316927     
   3.88875764767308        696.160305992316        11.5163558841720     
   20.4704929444099        35.3758829467643        306.057947107167     
   245.918491803550        4.52476941247942        3.89784353002745     
   871.935786020081        27.7391988279110        468.031971838635     
   1701.71307791586        17.3767500027448        112.769428841342     
   4.03413176534310        46.2017117720037        258.334350040806     
   7.43679470705704        64.6778535396280        205.045650032388     
   162.151199437378        136.242805903873        81.1460153069352     
   372.384888294115        15.4687147083257        170.914532968174     
   803.500920126918        22.0832370623117        138.028181786508     
   148.354287082257        179.696038263678        27.0486717689784     
   231.176647683575        300.324755341556        477.117854193011     
   174.494370615798        14.9190188258860        23.7277817684538     
   332.166230052468        681.323060107620        8.69064647196098     
   128.565235314425        164.649817084831        403.126971240147     
   857.925355429632        1453.50040081783        1753.96598733587     
   1420.39598845966        1957.26260501504        718.888640701788     
   578.348212444295        2.26238470623971        8.83602058963100     
   4.72920176545289        9.49474706032329        306.961992401428     
   24.5364252979933        404.058274181471        5.07446529491919     
   510.290410668839        201.888305914242        303.332182400854     
   81.5185364834646        596.320087741252        1125.67722253075     
   42.1039788301800        173.908331203941        1631.04762790469     
   3.67978235352242        374.356524765014        311.668479460995     
   790.349105418958        23.1962576507228        99.2178353097897     
   72.1555347172798        58.0951317738824        45.5884147130833     
   160.797402966575        46.5924047132419        361.113851233511     
   455.547969483721        75.4082806001465        488.920415371346     
   67.4445047165357        1603.72637966508        285.069558868558     
   350.633285937738        356.189302997439        488.257145959476     
   150.512184141421        1154.29320900586        29.8380376517719     
   54.5925241262703        2135.69570563146        19.0667241206588     
   635.943620688687        19.1212394147850        57.0229976560660     
   193.406634736432        146.977775905569        473.515301839501     
   457.651351248760        1134.75856194395        45.0205470659348     
   357.901991821239        14.1103752963465        231.281135330650     
   6.44643353043002        735.588492469132        40.9727864770602     
   21.5562558857579        251.574453569150        502.912674197085     
   84.1080129544619        5.36067058908205        483.196309488089     
   569.185100089906        16.9542564732663        453.753507718732     
 ------
  0.000000000000000E+000  0.000000000000000E+000  0.000000000000000E+000
  0.000000000000000E+000  0.000000000000000E+000  0.000000000000000E+000
  0.000000000000000E+000
  0.000000000000000E+000  0.000000000000000E+000  0.000000000000000E+000
  0.000000000000000E+000  0.000000000000000E+000  0.000000000000000E+000
  0.000000000000000E+000
