        4836        2738          66           2
  0.625440895557404       0.456233084201813       0.999999821186066     
  0.840808272361755       0.632849097251892       0.867344319820404     
  0.919271051883698       8.089685440063477E-002  0.245733082294464     
  4.117214679718018E-002  0.644252479076385       0.145774483680725     
  1.729893684387207E-002  0.991688489913940       0.203934371471405     
  0.717259466648102       0.194032490253448       0.577260911464691     
  0.652110338211060       6.260335445404053E-002  0.595668196678162     
  0.172868728637695       0.288741648197174       0.596520900726318     
  0.703443288803101       0.895204901695251       6.346344947814941E-003
  0.341467797756195       0.929326772689819       5.044353008270264E-002
  0.737413644790649       6.663471460342407E-002  0.178854882717133     
  0.520571053028107       0.230256736278534       0.436412215232849     
  0.900885105133057       0.823948442935944       0.553264975547791     
  0.606195092201233       7.822537422180176E-002  0.553423821926117     
  0.212771713733673       0.888444185256958       0.883727490901947     
  0.639578282833099       0.732725083827972       0.270754992961884     
  0.249612510204315       0.311033785343170       0.656680881977081     
  0.215906620025635       0.772192478179932       0.452184796333313     
  0.660165250301361       0.959039628505707       0.443636536598206     
  0.849738478660583       0.845156192779541       0.784761428833008     
  4.356461763381958E-002  0.695560216903687       0.845254182815552     
  6.649386882781982E-002  0.249372959136963       0.639297366142273     
  5.246955156326294E-002  0.767049014568329       0.329600930213928     
  0.505920886993408       0.368248462677002       0.743292033672333     
  0.986428141593933       0.359996318817139       0.652021288871765     
  0.489665627479553       0.342617154121399       0.918805360794067     
  0.438110649585724       0.540699541568756       0.774808883666992     
  0.920383036136627       0.961011230945587       2.750217914581299E-002
  0.577018558979034       0.964041471481323       0.581836819648743     
  0.542584598064423       0.569255053997040       0.965289235115051     
  0.761246085166931       0.344054222106934       0.991197764873505     
  0.843955278396606       0.160488605499268       0.361738502979279     
  0.410511910915375       0.404838919639587       0.109715580940247     
  0.835075199604034     
