        4836        2738          45          78
  0.697221517562866       0.456233084201813       0.999999821186066     
  0.300728797912598       2.875709533691406E-002  0.486283540725708     
  0.378059029579163       0.509407222270966       0.659669101238251     
  0.208090007305145       0.259099364280701       0.379512906074524     
  0.935973823070526       0.390467345714569       0.258203983306885     
  0.345399558544159       0.383981287479401       0.995434582233429     
  0.677091836929321       0.369010984897614       0.460437655448914     
  0.114044487476349       0.840173780918121       0.686289370059967     
  0.694655358791351       0.834593474864960       8.476710319519043E-002
  0.400152504444122       0.389866054058075       0.885237514972687     
  0.337952733039856       0.586723268032074       0.342596769332886     
  0.667889177799225       0.618571996688843       0.526546835899353     
  0.581771016120911       0.971312224864960       0.321855545043945     
  0.873953521251678       0.324394106864929       0.555716812610626     
  9.835827350616455E-002  0.684219777584076       0.107171237468719     
  0.431218802928925       0.602092742919922       0.380507826805115     
  0.559429883956909       0.752755165100098       0.653421700000763     
  0.595993220806122       0.223234772682190       0.444222211837769     
  0.351889908313751       0.212947368621826       0.419016897678375     
  0.160969197750092       0.357390284538269       0.728982865810394     
  0.598215222358704       0.464746952056885       0.995117545127869     
  0.214986085891724       0.341818749904633       0.620577991008759     
  0.441614985466003       0.320651769638062       0.783249080181122     
  0.778687834739685       0.939562618732452       0.968306779861450     
  0.340222239494324       0.416504681110382       0.235621333122253     
  9.612929821014404E-002  0.197552859783173       0.737259268760681     
  0.521343111991882       0.856347680091858       0.418400287628174     
  0.245481133460999       0.611451089382172       0.849186897277832     
  0.390099763870239       0.715693712234497       0.775175333023071     
  0.670084357261658       0.216250360012054       8.895105123519897E-002
  0.451596438884735       0.677141189575195       0.708419203758240     
  0.375631570816040       0.962747633457184       0.985959231853485     
  0.712707340717316       0.497265219688416       0.677615463733673     
  0.784235298633575     
