        4836        2789          34          67
  0.332116425037384       0.456233084201813       0.999999821186066     
  0.596724867820740       0.581634759902954       9.964823722839355E-002
  0.321259737014771       0.711872696876526       0.395403325557709     
  0.381758511066437       0.277307271957397       0.788899838924408     
  0.666930437088013       8.344995975494385E-002  0.910734117031097     
  0.588673114776611       0.307362854480743       0.811882853507996     
  0.469696342945099       0.690173327922821       0.618942677974701     
  0.802247166633606       3.351449966430664E-002  0.523411810398102     
  0.665716826915741       0.677213728427887       0.130925357341766     
  0.326856791973114       0.305904567241669       0.896549165248871     
  0.577783465385437       0.247777283191681       0.489418685436249     
  0.116164684295654       0.582599401473999       0.975903928279877     
  0.373482823371887       0.341548562049866       0.261328637599945     
  0.189991772174835       7.609128952026367E-002  0.669375956058502     
  0.237069964408875       0.467805504798889       0.393218994140625     
  0.180041551589966       0.804280221462250       0.749846696853638     
  0.257798135280609       0.785334587097168       0.501566946506500     
  0.704580724239349       2.485966682434082E-002  0.346779286861420     
  0.696510493755341       0.350303888320923       0.103953123092651     
  0.945296585559845       0.951147079467773       0.219481050968170     
  0.193679451942444       0.502944767475128       0.250020563602448     
  0.123964488506317       0.510307073593140       0.842968702316284     
  0.864079892635345       6.095182895660400E-002  0.853250145912170     
  0.318901240825653       0.274856686592102       0.917641580104828     
  0.779922664165497       0.238706052303314       3.169357776641846E-002
  0.619493782520294       0.498695492744446       0.404610991477966     
  0.407402098178864       0.784451782703400       0.400353789329529     
  0.643894970417023       0.122932136058807       0.461547315120697     
  0.819777905941010       0.489465475082397       0.110095560550690     
  0.144526481628418       0.365339875221252       0.362477719783783     
  1.666474342346191E-002  0.133128404617310       0.175894379615784     
  0.150756120681763       1.536965370178223E-003  0.905916690826416     
  0.475039303302765       0.418151319026947       0.172868192195892     
  0.373814702033997     
