        4836        2759          56          89
  1.721030473709106E-002  0.456233084201813       0.999999821186066     
  0.356111586093903       0.176134705543518       0.333775460720062     
  0.657311379909515       0.244624376296997       3.273212909698486E-002
  0.442321538925171       1.469576358795166E-002  0.225258350372314     
  0.261166751384735       0.898597836494446       0.847737133502960     
  0.642959594726562       0.175961792469025       0.342472434043884     
  0.392554581165314       0.833670139312744       0.337642788887024     
  0.715957283973694       0.320043563842773       0.429328322410583     
  0.842927157878876       0.797973692417145       0.427860915660858     
  0.200768589973450       0.581556200981140       0.191953361034393     
  0.506157994270325       0.494607448577881       0.990071237087250     
  0.422293305397034       0.350961387157440       0.140433907508850     
  9.765404462814331E-002  0.974280536174774       0.975162506103516     
  0.801132023334503       0.640573740005493       0.857158660888672     
  0.440991103649139       0.206360578536987       0.594337701797485     
  0.380786657333374       0.467983186244965       0.544300198554993     
  0.558695077896118       0.830318927764893       0.455789506435394     
  0.805532991886139       0.627339959144592       0.955248057842255     
  0.490917384624481       0.526801645755768       9.270834922790527E-002
  0.533673584461212       0.114696025848389       0.492589712142944     
  0.784902930259705       4.948455095291138E-002  0.433674097061157     
  0.588345646858215       0.462120831012726       0.252033174037933     
  0.875256061553955       0.392791628837585       0.776966214179993     
  0.293728291988373       0.137367606163025       0.814972162246704     
  0.985954523086548       0.277478158473969       0.826948940753937     
  0.137062430381775       0.149055421352386       0.739850282669067     
  0.905542790889740       0.919358372688293       0.143720746040344     
  0.159347236156464       0.127051413059235       0.864547610282898     
  0.174307644367218       0.312448680400848       0.574418425559998     
  0.292111337184906       0.960586786270142       0.345941185951233     
  0.947281956672668       0.341752707958221       8.835345506668091E-002
  0.835815548896790       0.712313354015350       0.437217056751251     
  0.354599535465240       9.360945224761963E-002  2.841383218765259E-002
  2.429246902465820E-003
