        4836        2769          44          77
  0.706647992134094       0.456233084201813       0.999999821186066     
  0.802612662315369       0.417296290397644       0.653372406959534     
  0.598612964153290       0.225004613399506       0.855433940887451     
  0.829675495624542       0.646842956542969       0.830080449581146     
  0.234442532062531       0.202355384826660       0.638230323791504     
  0.632387757301331       0.670133411884308       0.727774977684021     
  0.402280509471893       0.428266525268555       0.638539373874664     
  0.206041634082794       0.782068133354187       0.142200112342834     
  0.430056989192963       0.158392846584320       0.570164978504181     
  0.969471931457520       0.113956809043884       0.465345799922943     
  0.295601785182953       0.940110146999359       0.194026947021484     
  0.921214938163757       0.849647402763367       0.962354600429535     
  0.886429727077484       0.324714541435242       0.781750977039337     
  0.110981106758118       6.362420320510864E-002  0.708195567131042     
  0.362850248813629       0.469891905784607       0.753097534179688     
  0.929711878299713       0.810355722904205       0.509140431880951     
  5.712276697158813E-002  4.826068878173828E-003  0.890591025352478     
  0.581556856632233       0.500760018825531       0.168144822120667     
  0.793012857437134       0.815261840820312       0.117786467075348     
  0.593481242656708       6.786239147186279E-002  0.179361999034882     
  0.678955256938934       9.216445684432983E-002  0.561487019062042     
  0.782833993434906       0.413505971431732       0.995016932487488     
  3.645968437194824E-002  0.496161937713623       0.486240029335022     
  0.974544584751129       0.207401216030121       0.919093728065491     
  0.655620098114014       0.995286881923676       0.765553236007690     
  0.715057492256165       0.642970204353333       0.485052287578583     
  0.707890033721924       0.167363524436951       0.930309474468231     
  0.676986277103424       0.407640278339386       0.687153398990631     
  0.363048434257507       0.697793185710907       0.750652551651001     
  2.229923009872437E-002  0.123314440250397       0.783573269844055     
  0.506422042846680       2.552026510238647E-002  0.910368382930756     
  0.283837854862213       0.787800908088684       0.427986919879913     
  0.177531301975250       0.236837804317474       0.229642093181610     
  0.130572080612183     
