  -4.10833333333333       1.199075507964291E-003
  -3.82500000000000       4.940023926920750E-003
  -3.54166666666667       8.499094496166721E-003
  -3.25833333333333       1.156971448304057E-002
  -2.97500000000000       1.571843555533168E-002
  -2.69166666666667       1.854133063986307E-002
  -2.40833333333333       2.159533596794588E-002
  -2.12500000000000       2.546339162317489E-002
  -1.84166666666667       2.863240844411590E-002
  -1.55833333333333       3.221689366525491E-002
  -1.27500000000000       3.587955952009163E-002
 -0.991666666666667       3.978622981686668E-002
 -0.708333333333333       4.401216318384621E-002
 -0.425000000000000       4.669188000223151E-002
 -0.141666666666667       5.144878592597373E-002
  0.141666666666667       4.950244150569717E-002
  0.425000000000000       4.519664565305642E-002
  0.708333333333333       4.160234113459509E-002
  0.991666666666667       3.910169907931443E-002
   1.27500000000000       3.454053354267890E-002
   1.55833333333333       3.096705680711923E-002
   1.84166666666667       2.769495435269761E-002
   2.12500000000000       2.446153449343673E-002
   2.40833333333333       2.112944598564993E-002
   2.69166666666667       1.800374959407205E-002
   2.97500000000000       1.488168872087994E-002
   3.25833333333333       1.202357667553687E-002
   3.54166666666667       9.030067052929407E-003
   3.82500000000000       5.842872640059543E-003
   4.10833333333333       2.345639860178992E-003
   4.25000000000000       0.000000000000000E+000
