  -4.10833333333333       1.913953724687008E-003
  -3.82500000000000       5.716275809604044E-003
  -3.54166666666667       8.919517814139213E-003
  -3.25833333333333       1.186102750668822E-002
  -2.97500000000000       1.555570855897213E-002
  -2.69166666666667       1.913674707337991E-002
  -2.40833333333333       2.289165375722510E-002
  -2.12500000000000       2.724304337883238E-002
  -1.84166666666667       3.131638080577519E-002
  -1.55833333333333       3.533526597900742E-002
  -1.27500000000000       3.928227347541128E-002
 -0.991666666666667       4.337056202067874E-002
 -0.708333333333333       4.636122439213309E-002
 -0.425000000000000       4.964829443919980E-002
 -0.141666666666667       5.452495615565667E-002
  0.141666666666667       5.002893376734541E-002
  0.425000000000000       4.557901066053516E-002
  0.708333333333333       4.290521723695436E-002
  0.991666666666667       3.909629700592222E-002
   1.27500000000000       3.604900639640019E-002
   1.55833333333333       3.218410721295532E-002
   1.84166666666667       2.846885959884454E-002
   2.12500000000000       2.484268695728769E-002
   2.40833333333333       2.091831671750214E-002
   2.69166666666667       1.769814064115560E-002
   2.97500000000000       1.488985734569670E-002
   3.25833333333333       1.120975889825762E-002
   3.54166666666667       8.475792487898374E-003
   3.82500000000000       5.413076957006197E-003
   4.10833333333333       1.932572429549047E-003
   4.25000000000000       0.000000000000000E+000
