        4836        2740          29          62
  0.560926675796509       0.456233084201813       0.999999821186066     
  0.814356923103333       0.471554756164551       0.393165051937103     
  0.536012411117554       0.335109233856201       0.361158490180969     
  0.456396102905273       0.951836526393890       0.233451306819916     
  0.565447509288788       0.104620814323425       0.194032967090607     
  0.172071635723114       0.512232005596161       0.732393920421600     
  0.969525575637817       7.143217325210571E-002  0.118579387664795     
  0.951542913913727       0.171940624713898       0.798379063606262     
  0.640928387641907       0.272997975349426       0.767107427120209     
  0.620383501052856       0.157742679119110       0.380162835121155     
  0.511825680732727       0.278874218463898       0.706115961074829     
  0.510153234004974       0.590477764606476       0.365135133266449     
  0.298544764518738       0.241569936275482       0.843315124511719     
  0.501027345657349       0.663361668586731       7.526046037673950E-002
  0.790760695934296       0.312562048435211       0.450303673744202     
  0.208826065063477       0.387694299221039       0.920357882976532     
  0.246489703655243       0.448252439498901       0.173426926136017     
  0.650576174259186       4.956007003784180E-002  0.248632729053497     
  5.789816379547119E-003  0.966696798801422       0.976493358612061     
  8.607971668243408E-002  0.259949445724487       1.802206039428711E-003
  0.869813740253448       0.115595877170563       0.804473757743835     
  6.859976053237915E-002  0.306235551834106       0.612704873085022     
  5.544579029083252E-002  0.525002121925354       0.180993378162384     
  0.610728681087494       0.576441884040833       0.787077486515045     
  0.922624826431274       0.477795839309692       0.657345235347748     
  0.108090043067932       0.401067674160004       0.919710814952850     
  0.250581502914429       0.159678459167480       0.575953900814056     
  3.201472759246826E-002  0.626690208911896       0.865738868713379     
  0.768482267856598       0.726988911628723       0.878690302371979     
  0.633631527423859       0.642536044120789       0.406682670116425     
  0.770852267742157       0.745447397232056       0.500777244567871     
  0.458615839481354       0.311290144920349       0.883590996265411     
  5.365192890167236E-003  0.934432506561279       8.274388313293457E-002
  0.729513347148895     
