        4836        2743          31          64
  0.602159082889557       0.456233084201813       0.999999821186066     
  0.759222269058228       0.245494067668915       0.195394098758698     
  0.861654818058014       0.366952657699585       0.149725258350372     
  1.997882127761841E-002  0.883155882358551       0.939755201339722     
  0.535048663616180       0.308083057403564       0.683590233325958     
  0.400144279003143       0.123116075992584       0.810747683048248     
  0.155334055423737       0.611996293067932       0.193996071815491     
  0.744356334209442       0.400298297405243       0.786921620368958     
  0.119054794311523       0.413511276245117       0.147720813751221     
  0.465269207954407       0.494789719581604       0.350644230842590     
  0.172682821750641       0.978687465190887       0.178941607475281     
  0.523173391819000       0.790106296539307       0.325142264366150     
  0.949517488479614       0.929270744323730       0.153703510761261     
  0.566711902618408       0.578864991664886       0.116193652153015     
  0.918292522430420       0.529352605342865       1.603096723556519E-002
  0.988197684288025       0.376906931400299       0.809217095375061     
  0.606239378452301       0.532267510890961       0.546115815639496     
  0.628161251544952       0.948464334011078       0.226280808448792     
  0.346149086952209       0.933204412460327       8.423924446105957E-003
  0.713569581508636       0.147512137889862       0.753527879714966     
  0.613572120666504       0.351437389850616       0.987576365470886     
  0.260345697402954       0.388657152652740       0.889450669288635     
  0.701040923595428       0.298554778099060       0.541281998157501     
  0.334369003772736       0.996215164661407       0.697974622249603     
  0.442094981670380       0.775336861610413       0.119162261486053     
  8.184015750885010E-002  0.887396633625031       8.818107843399048E-002
  3.378999233245850E-002  0.325563073158264       0.175716102123260     
  0.275358319282532       9.846687316894531E-003  0.745036780834198     
  0.622917592525482       0.132590830326080       5.536431074142456E-002
  0.836148679256439       8.638286590576172E-002  0.705391466617584     
  6.076306104660034E-002  6.372678279876709E-002  0.643139004707336     
  0.231047213077545       0.816100358963013       0.313966929912567     
  0.814561903476715       0.817330956459045       0.952100217342377     
  0.879403769969940     
