        4836        2739          11          44
  1.869821548461914E-002  0.456233084201813       0.999999821186066     
  0.443890869617462       0.300623595714569       0.465566515922546     
  0.320825517177582       0.613621056079865       0.467947065830231     
  0.169538855552673       0.866029500961304       0.961218655109406     
  0.873390674591064       0.267812848091125       0.379237771034241     
  0.378477871417999       0.574955701828003       0.378530919551849     
  0.123156428337097       0.852933883666992       8.249282836914062E-002
  0.848267972469330       0.390722632408142       0.792551040649414     
  0.669968426227570       0.999863564968109       3.803592920303345E-002
  0.445138335227966       0.390827298164368       0.915948092937469     
  0.547646880149841       0.117195844650269       0.711098015308380     
  0.956124365329742       0.994545757770538       0.213894546031952     
  0.986162960529327       9.412825107574463E-003  0.753875792026520     
  0.489197254180908       0.637391567230225       0.293246865272522     
  0.801848292350769       0.394965767860413       0.388861477375031     
  9.386956691741943E-003  0.402795016765594       6.579309701919556E-002
  0.125636696815491       5.545926094055176E-002  0.916338145732880     
  0.934972226619720       0.465699553489685       0.122824668884277     
  0.385902047157288       0.677649736404419       0.577665209770203     
  9.551489353179932E-002  3.881752490997314E-002  0.878568470478058     
  0.471188843250275       0.608114540576935       0.612196147441864     
  6.171691417694092E-002  0.315226733684540       0.640347838401794     
  0.911792993545532       0.947026729583740       0.973520576953888     
  0.704605996608734       0.294049620628357       0.200282037258148     
  0.287392199039459       7.138246297836304E-002  0.173909544944763     
  0.777223050594330       0.895760118961334       0.507837176322937     
  0.853520333766937       0.396771490573883       0.287004470825195     
  0.304098486900330       0.705185413360596       0.157565653324127     
  0.630160272121429       0.599484562873840       0.212214708328247     
  0.542529106140137       0.211777150630951       0.121761977672577     
  0.330127656459808       0.441062450408936       0.170349061489105     
  0.471430122852325       0.365115106105804       0.903161764144897     
  0.222902119159698       0.814129114151001       0.482216000556946     
  0.779920458793640     
