           3           8           8           8
   4.25000000000000        7.91500000000000       -5.20000000000000     
   48000000.0000000        2823528.00000000     
        4306         655        3098
   726709.647058817     
   614842.352941165        658337.411764688        711069.647058838     
   699134.352941165        708002.117647042        732420.705882365     
   747186.588235306        775540.470588234        782864.705882318     
   810848.705882351        813784.705882367        819519.058823537     
   832876.235294112        832760.235294117        778596.000000024     
   768366.588235292        765246.117647070        764296.470588247     
   722102.588235298        732998.352941173        763735.294117674     
   812076.470588255        810125.176470596        838685.411764692     
   841540.235294108        821982.823529402        827110.588235298     
   829385.882352969        832726.588235297        841738.352941162     
   919195.764705854        993662.117647017        1053691.05882354     
   1034749.64705884        1033667.29411765        991403.294117677     
   948072.470588259        954993.411764693        921154.117647042     
   881464.705882349        914999.764705866        951232.941176485     
   951057.411764685        910804.941176475        898686.352941204     
   961267.294117629        946824.941176430        941896.235294086     
   893324.941176441        888019.058823544        864122.352941170     
   834996.235294135        830290.823529434        835196.470588213     
   817960.941176448        786804.705882359        793784.000000003     
   785836.000000001        771433.882352927        773863.529411748     
   772286.823529416        798215.294117671        744608.705882355     
   822608.470588241        777963.294117667        745864.705882367     
   743342.588235295        793531.294117646        816059.764705870     
   782420.705882378        821676.705882364        818470.588235289     
   798168.705882333        758164.941176453        784484.705882343     
   891518.352941148        917688.235294159        924204.705882375     
   914108.941176481        914898.352941201        883770.823529411     
   810945.647058849        803146.588235302        784941.411764693     
   802851.294117670        857097.882352921        855820.235294123     
   872866.117647068        891202.823529451        942082.823529407     
   853321.647058832        890418.352941168        827555.529411736     
   825740.941176456        856134.117647044        854963.058823504     
   877073.647058822        956440.941176451        999126.352941176     
   975029.176470554        972312.705882334        931647.058823532     
   904943.058823567        901499.529411793        918240.705882355     
   952100.941176452        819675.058823547        865916.470588236     
   986909.411764745        983097.176470566        951847.294117656     
   954746.117647029        912863.999999998        901375.294117637     
   903698.823529381        888103.294117605        936497.882352911     
   986469.882352928        993871.058823515        937932.705882380     
   1002035.52941173        939138.588235315        903269.411764714     
   916786.823529414        901034.117647092        855240.470588234     
   840268.941176451        878421.176470601        910947.529411781     
   888782.352941150        786920.000000001        745333.647058810     
   810192.470588270        912863.294117679        910586.823529405     
   918039.294117660        945310.117647097        886252.705882354     
   859736.941176473        778465.882352912        780791.529411792     
   822115.294117659        835257.176470559        832588.470588211     
   877676.941176479        917596.705882384        901201.176470608     
   877817.882352903        923955.764705861        901032.705882348     
   895939.764705887        907591.058823561        904239.764705875     
   893596.941176470        898212.235294147        898223.058823552     
   897876.705882381        892924.705882385        891192.235294106     
   924076.470588249        842808.941176495        772844.470588221     
   762697.647058818        752511.058823518        695248.705882344     
   725138.117647080        750982.352941150        783862.823529402     
   699414.588235301        677420.000000020        661168.941176452     
   657491.058823532        698525.176470586        700420.941176461     
   718295.764705891        653312.705882341        658123.529411766     
   641439.058823534        654772.941176472        701148.235294124     
   688970.117647078        724272.941176460        679049.647058835     
   666993.647058823        768125.411764721        837394.117647058     
   772534.823529444        781502.823529434        789899.529411740     
   726258.588235289        727887.294117638        733077.411764729     
   722454.588235276        726739.294117656        717072.470588252     
   686463.058823540        605357.647058816        596192.235294119     
   731188.941176485        781836.000000000        793585.647058836     
   773383.764705864        765104.470588240        812154.352941207     
   852366.588235290        913296.705882365        1025420.47058826     
   982160.235294125        964056.941176467        955397.882352950     
   953203.529411790        941348.235294108        942073.882352915     
   942254.117647038        930793.411764692        912149.176470581     
   960065.176470590        901565.176470619        943043.764705895     
   991031.764705883        989335.294117692        987999.058823565     
   1005680.47058823        1005724.47058825        1058075.29411761     
   972147.764705903        898141.176470594        851430.117647048     
   854165.647058835        848688.000000028        948409.411764734     
   943165.882352934        944492.235294148        1105168.47058826     
   1130571.52941173        1130076.23529408        1115002.11764705     
   1075144.94117650        1063566.11764706        1058423.05882354     
   1037382.11764706        964745.882352966        935832.941176492     
   925682.352941187        913056.470588231        889876.705882391     
   879092.235294105        875693.411764691        986657.411764726     
   1024500.23529416        1019810.58823531        1044871.76470584     
   1028948.00000005        1033811.29411766        1032043.76470589     
   980923.999999986        980427.529411752        946304.941176472     
   984078.588235283        1000384.00000002        965520.000000026     
   965294.352941194        980189.647058809        966035.999999993     
   929298.352941138        925486.117647032        956498.352941182     
   939918.117647053        915539.058823522        912616.941176470     
   940423.764705835        1003372.47058826        1003218.11764704     
   928929.882352934        936203.058823579        953715.999999971     
   961398.117647042        983359.764705855        1015544.23529413     
   1039095.52941181        1069910.58823527        1068507.29411765     
   1075526.58823533        1111969.17647058        1092038.35294114     
   1040409.17647061        970475.294117674        846270.352941198     
   799396.235294143        881648.941176494        907364.235294153     
   942087.529411730        1065047.52941174        1033697.41176472     
   1093866.58823531        1076227.99999997        1045309.88235295     
   1041119.29411764        1056782.82352940        1020169.41176473     
   1039194.35294118        904884.000000005        870219.764705889     
   882455.529411781        901727.058823559        887959.058823514     
   888984.941176452        882605.176470576        804031.764705864     
   809564.470588244        812363.058823549        804822.117647030     
   794764.235294155        874126.823529445        876508.941176493     
   896276.941176467        898698.823529438        848364.235294126     
   866675.999999984        872489.882352913        809461.882352973     
   782346.352941185        780853.647058847        793977.882352924     
   793109.411764714        792013.411764705        787147.529411727     
   838182.352941197        791861.176470579        808386.352941149     
   786162.823529429        800721.176470604        853669.176470589     
   922756.941176496        876704.470588225        799604.000000021     
   781637.176470610        783217.882352935        771052.705882343     
   756634.823529406        797664.000000017        696481.411764720     
   711301.882352934        703802.352941148        701962.823529371     
   703015.529411747        698182.352941177        767270.823529414     
   725010.588235314        783781.411764671        850369.411764709     
   829852.235294077        806562.823529429        801609.176470577     
   781758.352941177        758723.294117636        850141.176470569     
   922900.470588192        877264.941176498        892274.117647055     
   947049.882352921        929499.294117641        880472.470588214     
   869849.176470599        860305.882352934        940105.647058844     
   944154.588235292        925775.764705897        883096.235294128     
   867274.352941167        852568.470588228        842617.882352923     
   841308.235294084        830802.823529437        822355.999999991     
   803686.823529413        785546.823529406        799275.529411788     
   825081.176470605        863395.058823556        924079.529411779     
   944563.294117617        967070.588235345        1012843.52941177     
   1040530.58823529        970148.235294116        907698.823529393     
   904192.705882379        896878.823529406        894832.941176454     
   890708.941176452        886918.588235330        898230.352941178     
   806527.999999990        824400.000000029        770759.529411778     
   770914.352941204        760750.588235262        723088.235294110     
   717087.764705882        777671.764705901        866703.294117624     
   965525.647058830        1087052.00000001        1097122.11764709     
   1086207.76470592        1067665.88235294        1045051.29411767     
   993179.294117684        960424.470588252        896146.352941186     
   828417.176470609        836461.882352924        841689.882352948     
   837806.588235317        850738.117647028        827881.411764719     
   786963.294117618        855542.352941163        869115.999999989     
   800046.352941160        799476.470588255        814513.882352936     
   751360.235294101        733528.235294122        729837.176470570     
   715527.058823546        729345.882352932        717131.294117635     
   700169.176470597        739166.352941178        746470.352941156     
   801983.294117641        810135.764705905        900653.647058837     
   925272.235294112        938129.411764661        940227.764705846     
   938679.058823537        979642.117647066        999918.117647050     
   953231.058823518        822110.117647042        806208.705882331     
   870930.823529412        887541.647058799        831544.705882364     
   883306.352941209        909252.941176429        916335.529411740     
   918645.176470613        917856.941176489        878734.352941195     
   816909.411764733        738036.470588246        734266.823529395     
   733002.823529403        725579.058823528        794936.705882357     
   771314.823529410        737592.470588209        694655.764705892     
   644983.294117660        678350.352941164        814800.941176474     
   843213.647058845        902369.411764713        912103.058823531     
   914843.529411783        906775.294117658        907418.823529378     
   874939.529411732        880256.235294123        885861.647058815     
   885421.647058812        840261.647058801        814433.176470576     
   824347.999999974        901457.647058808        913947.294117655     
   900880.000000001        895998.352941181        909727.529411738     
   904019.058823515        887954.352941213        870748.705882376     
   858539.294117646        797694.352941201        826100.470588261     
   883336.000000015        868473.882352929        872554.117647035     
   870785.411764696        881765.647058784        880741.176470603     
   885170.352941171        896944.235294125        962040.941176465     
   937505.882352962        847102.823529420        849164.705882398     
   888664.470588220        1045417.41176472        1075625.88235290     
   1089287.52941170        1064555.76470583        1063835.29411760     
   1066171.76470586        1048924.23529407        1051221.88235293     
   1086218.35294130        1054808.23529411        993833.882352879     
   934697.647058793        879911.764705900        861200.705882369     
   844531.764705789        796819.058823582        838365.647058735     
   786077.882352904        672504.470588266        748977.647058850     
   763441.176470559        842385.647058834        967165.647058771     
   978146.588235250        1032592.94117654        1092495.99999993     
   1003691.76470583        967048.941176437        969831.294117599     
   898505.647058753        867674.588235253        855021.647058765     
   852192.235294106        853771.294117585        852299.529411787     
   885914.117647059        929861.882352922        953865.647058860     
   968391.764705861        911292.941176454        964185.882352949     
   862719.999999947        873145.176470542        866406.588235338     
   894062.823529394        901229.411764753        961402.117647078     
   970390.588235352        971103.294117648        972155.764705965     
   950637.882352917        909607.294117657        884179.529411770     
   796037.882352979        780291.764705818        787470.588235290     
   859553.411764736        857564.235294141        864039.999999989     
   860866.117647050        832830.823529347        861885.882352849     
   879701.647058842        881037.176470624        882812.470588252     
   870759.764705919        843102.823529364        822611.058823579     
   789051.294117582        811723.764705914        820982.117647040     
   892128.941176500        875686.823529386        875887.294117643     
   846237.647058814        826040.470588194        892804.705882304     
   1036600.94117646        1035522.11764700        1027799.99999995     
   971711.999999923        945491.999999980        944093.882352894     
   919951.764705869        993950.117647092        1001577.88235286     
   992253.882352944        993811.294117661        990104.941176559     
   997142.823529327        929136.941176482        914351.294117609     
   901947.058823527        912253.411764719        879792.235294077     
   853030.588235322        778623.294117652        731051.764705848     
   685049.882352918        807976.941176409        813465.647058754     
   846680.470588249        913816.470588238        922778.117647010     
   967398.117647105        970034.588235318        977396.235294202     
   989223.058823418        977039.294117682        950076.941176448     
   884562.823529339        764377.411764747        867538.352941205     
   897672.941176403        907615.294117636        894017.647058840     
   889404.705882402        897809.176470617        945716.235294043     
   846951.294117551        868000.235294081        819521.176470619     
   784749.882352936        797652.705882392        843798.117647130     
   863548.470588311        863999.529411715        846696.470588247     
   890216.941176496        957451.764705925        978393.411764740     
   891617.882352907        836476.705882355        761999.529411741     
   740613.176470546        773627.058823466        770003.058823533     
   749977.411764763        725860.941176463        689778.823529448     
   686790.352941176        689621.647058773        676186.823529433     
   693946.117647089        709664.705882379        829354.823529394     
   815862.117647015        811985.176470653        876297.647058820     
   935135.999999896        998225.411764710        1006902.82352951     
   1004156.00000001     
   408184.573589273     
   466141.691038000        442707.791972231        506429.221707790     
   546803.928259658        481739.021437984        454343.250917212     
   479983.301597235        513509.874873080        505804.081744443     
   533715.746922207        527736.837401376        515664.527501336     
   466704.435508916        500720.262747371        561316.129494680     
   598271.788632143        483206.138144757        474087.792135043     
   580051.665119871        525867.600133261        515820.657992038     
   489312.142331628        592749.632946989        584023.631959415     
   547643.414931770        624854.851475858        552689.524057096     
   535493.254790863        548379.427764351        566321.443007280     
   559667.348414497        595699.249510166        671632.454855103     
   687261.485909761        588357.890110290        665204.680419766     
   503259.147420418        543796.051630871        506151.172670511     
   524628.301747086        528440.124330833        553412.341080723     
   562342.871314561        581563.495340241        612205.007931326     
   621463.177611095        617867.980951732        595584.706165626     
   572468.424411663        517499.501396180        603327.124798136     
   551587.308442403        563905.590501250        602755.218778713     
   467258.418528105        502196.392883568        557428.008133893     
   531602.272664857        517648.304200749        529738.277816762     
   537465.782915914        542016.381976039        455202.128716431     
   532654.875771804        557730.674460830        525299.880759320     
   476350.037327265        544712.899568859        509149.040883212     
   520099.680306894        521243.512104739        510275.004741341     
   538496.451496887        532803.759567195        539966.135597587     
   492373.621502263        520048.286272086        535662.959877645     
   492017.796489845        462937.149619016        551018.466250373     
   542431.950346422        579857.244529541        436229.657977083     
   468874.268772796        508624.673511921        536003.198797349     
   601028.046941857        533857.976054676        531894.638369247     
   503574.626824814        537240.152386283        511268.843095822     
   489004.319770969        515525.750494010        525197.947382322     
   541683.653693482        542010.186312001        570951.244329201     
   526026.205209110        590801.962955022        578347.578215799     
   464183.843091737        551006.990695080        491261.805760718     
   580111.240732911        472464.858775013        581605.134784836     
   556850.512904086        523228.423511129        603938.245401784     
   601985.675518050        624084.751469868        620907.150901568     
   570818.457527383        497643.615995618        595824.535858912     
   666321.568943162        526982.982829461        538195.805464161     
   676516.112020823        663449.069989329        583686.020660063     
   620760.177649474        538855.653782385        544592.608417856     
   522150.862040783        564366.601352336        568799.195346801     
   566925.992121879        615519.915252926        577962.962258692     
   641886.306275533        588050.505360571        547917.432689040     
   558157.508235512        551555.256849338        568078.910831566     
   617416.909468831        541216.831609574        549911.419542365     
   485150.563872582        525637.631087438        550948.847530367     
   551431.917370834        574088.596886221        541799.786665998     
   562000.887768340        566991.913837081        547969.480088804     
   525590.962551452        571691.975004441        616840.289981391     
   512712.765378530        516155.513326179        573682.683031726     
   594654.351409561        555990.770157063        548985.560110571     
   580208.584953824        529855.080760733        488937.441918337     
   460225.813737302        545634.724610225        477294.412794125     
   514762.830011728        522179.241626858        532614.874727890     
   621271.731582201        514013.369942790        525048.262776454     
   469938.599109177        473888.955098655        547905.342338672     
   557653.868146790        498013.691581167        450594.402915738     
   453978.376503350        508692.375275408        551404.245638177     
   453931.596489837        547988.458226404        534041.491306703     
   536983.975523844        615014.184922803        546937.298063231     
   605543.596814104        579660.649694167        616375.436929450     
   525968.949963276        568416.541167813        590986.845543368     
   540470.133626613        554312.843682985        522534.136021042     
   522810.015706024        471037.667708240        470218.152210894     
   545807.652975374        501211.539529177        475185.980488598     
   495223.412010475        537918.450398717        495548.908262355     
   542555.236190233        567859.046100177        553385.572633285     
   583824.661525487        519314.739723834        547110.540259058     
   620132.388643405        600290.752482669        582344.117885689     
   551834.908794144        537760.286045116        662722.322618848     
   588557.668082265        604189.154225411        546089.049725946     
   588740.816147842        545657.586187016        580205.161242597     
   587923.351178088        569183.264070591        639679.148858051     
   616505.041757664        546410.904706365        550384.678536893     
   519811.028812015        592644.428377305        527023.439475548     
   642769.994399593        522655.531291713        590705.765402427     
   579644.477674467        515160.818341770        525969.236146922     
   499094.323506287        523235.631688555        590866.074542837     
   547210.585483302        529797.793995362        490900.392351439     
   533426.537618374        504491.272159688        517945.661867830     
   455862.350540229        486615.103143882        563651.971368764     
   553655.251812263        547036.830440179        558856.819313590     
   542126.711941479        623780.705642480        583573.960389017     
   578875.827970546        599953.658857742        599228.725406992     
   589615.600870477        589305.998634745        660984.555419251     
   598634.675201510        548432.304391192        529431.654750064     
   510576.233273898        637842.737598536        469157.272828858     
   503908.700284005        540131.995049246        503799.960369005     
   531070.690491965        540593.531135809        516912.768665283     
   589297.069810538        611593.183101198        647010.786177289     
   619948.406297369        616746.167459658        617820.618251168     
   596185.261100667        566904.707544732        552037.135544967     
   591385.236730431        599444.989619457        629263.948912881     
   615867.591665208        526737.112482095        530504.105214787     
   479348.041875630        549839.373902959        568799.481189252     
   584701.745941291        544038.512327688        591115.430678321     
   694773.145395609        612366.456506805        606745.879309635     
   631134.693653897        611241.703466880        585483.525335354     
   607597.859355536        471473.154122989        490070.132478796     
   589980.148677212        530196.441088784        597740.773366549     
   488038.499993354        521354.785332765        572004.804648530     
   497501.568906750        525009.267954786        576228.463874274     
   559007.832293969        581622.623672469        574492.257368854     
   550886.994214483        538268.508176936        548568.334037916     
   598895.361658030        511130.372646012        515723.934855714     
   493271.631793169        524815.505091481        479021.100728984     
   499951.633414477        505188.481387079        549205.931793131     
   596018.468479226        496863.968580162        489537.074698879     
   546345.933426607        527890.116450949        469164.039137957     
   569207.087811025        510221.424653841        554357.881804293     
   541674.534544341        608135.659152762        592489.232108769     
   512564.149122648        490591.903324905        461038.312151279     
   482252.836072387        492251.905122704        454878.279578395     
   523387.521973559        523667.886258451        499331.435529254     
   495285.454827646        526813.212335564        526105.026438185     
   542076.337156814        540229.720715961        566485.077856063     
   501833.674630731        496591.003558058        499000.137545684     
   612524.809697659        564994.576197309        492642.838454161     
   513679.061661742        537637.412214133        527811.449457178     
   496736.742533515        573663.603951014        613926.630125737     
   487618.540434669        537952.627107428        542079.660821960     
   510939.746185745        451653.279282515        514587.151687176     
   481794.645843889        479384.482338273        434772.588876624     
   444757.259063658        461583.473692072        481874.027930807     
   437273.162519234        449340.868227312        497414.061358485     
   444519.020598273        486959.487293183        514366.206444124     
   562804.822244378        502769.535394524        464826.256851603     
   500485.953803404        586908.812228417        560421.019964926     
   590541.924508284        560450.670016983        606438.000504986     
   527512.403707706        527179.400293283        519567.435949319     
   576215.839810677        518974.096315088        577826.820190773     
   508996.293632591        542424.845604200        528954.632947530     
   615563.319056339        565991.281314356        576983.384521556     
   695491.102442692        628930.443174535        625298.118890264     
   690835.155967097        564487.129927818        644203.849989543     
   550712.737654665        580510.484113878        542914.036347123     
   492044.932649472        559589.062474462        479049.397919037     
   489792.653802408        541951.319042854        559550.608006946     
   550704.558479638        537485.332895213        483259.623669273     
   529343.186497503        568530.311580730        549508.546201792     
   547075.218492655        495857.653504130        559514.443662385     
   498891.083660683        575924.033701479        497123.803574108     
   500728.290714792        574420.162221990        545135.008334276     
   532282.529916804        518566.967191264        657287.033000551     
   542571.053107548        629836.650113361        613409.684424652     
   657709.212639014        560334.336985520        528517.305738571     
   546851.954056595        585010.272953073        656817.378787341     
   610337.288030801        532219.664130402        540572.396348780     
   541170.476919365        563631.245301368        534893.954067061     
   576397.424728111        507129.436005905        516852.117731167     
   469099.975188640        516161.979360699        495042.495673592     
   503525.395224200        544719.787330257        511898.215235011     
   465341.163637008        510929.246435457        598643.063793599     
   546085.103134860        614792.166308169        564103.201319673     
   465411.152658982        533582.400117176        595172.057260238     
   563930.915441894        567178.584128850        566915.146006483     
   469282.553954898        480720.027929019        591205.257601284     
   451743.304432015        523264.273442734        521991.556914853     
   427721.748486322        568079.565933019        471138.932914240     
   548758.489681099        503656.618730399        472107.981540575     
   490460.848721683        531479.944884903        503875.028511329     
   508814.969934220        508446.309147069        527681.909361011     
   627370.497813059        539659.713632461        582147.229041698     
   586905.794499453        586587.630614913        598415.658192914     
   645383.767616357        567207.480740190        629174.087434802     
   554415.224211608        619590.003467256        559740.932271856     
   520912.151168319        583459.800979669        481247.458443323     
   542950.399514275        564482.368915996        636725.544208912     
   574286.543495023        643965.171054354        608041.257001990     
   600380.092236097        538261.940469598        524240.844981072     
   545954.610464454        606780.699274418        542176.815809184     
   571306.294110272        521359.878016382        487772.099603935     
   620983.110393497        573152.374874387        522921.256264875     
   551653.202128067        657777.114540047        618789.531204117     
   681075.692473774        611627.888863304        580997.306971104     
   554735.942213911        512648.000330756        534983.403663605     
   580326.018349648        578880.799725338        478976.806467552     
   606752.426132560        660636.690564322        537529.162325019     
   591263.389732921        586038.339663003        602223.078460296     
   439721.630744899        475145.981215677        474051.989604755     
   553729.644694344        544073.769215534        589910.987852409     
   651032.288092501        569183.773374233        544466.603496163     
   525461.846218355        595818.649370563        606437.439324188     
   599230.167390128        530870.254872790        528217.173301923     
   587915.277673404        632664.311477995        565277.401580648     
   519514.232006794        577329.050487355        544080.436281447     
   585314.012375523        560143.512092439        553623.034414333     
   598785.582846550        473308.389989480        553471.480290178     
   568219.536235502        583001.539119223        564594.811454531     
   565556.695595131        497080.678074985        626086.819074392     
   548186.673107417        623244.192499156        474610.355464439     
   517296.491485249        570203.120335680        504654.961739506     
   580290.101764587        562884.566268641        532813.564259584     
   539416.970437929        597896.455457595        544113.791737763     
   563262.047692579        574993.791592312        498480.621744926     
   501424.588548325        485388.264286795        522851.626564946     
   554105.205603726        509411.509932045        565085.718625351     
   553654.424231809        570409.632908979        594363.797102359     
   607314.931183401        512313.606090789        633007.494694207     
   575403.815774333        584758.512897422        561985.077468643     
   545317.623320709        553891.636825697        560813.100426575     
   649286.647763984        594374.457437841        592860.823769918     
   570309.201148653        447457.135447301        549525.676368675     
   553291.817890897        504219.789341205        513162.709689069     
   609405.080156766        598015.215439647        586140.487786031     
   533903.479271092        657424.058604101        582518.596294049     
   591492.296876897        638970.327683666        572407.504906540     
   487521.297073895        559257.153850878        536089.803643266     
   562068.873235107        501376.331302518        545330.613156479     
   628250.997219215        565592.974380849        501687.386163332     
   520725.103553389        563011.514703126        562321.769587608     
   634674.972729002        582394.059095846        541273.772919583     
   517871.911013203        507540.162072777        488009.857487195     
   507701.628250369        564125.549688493        552200.610422783     
   539374.406216646        494944.862843795        538455.026745414     
   571604.290851287        533025.657424883        609265.429504541     
   554374.621280486     
   587.582384539168     
   565.179977421991        610.221510908379        601.834062089217     
   663.207327463772        657.466733150200        617.948378700646     
   661.053024376940        648.072055823181        634.343988161829     
   642.878084634624        636.111918509960        626.354887122081     
   688.076359474731        615.323140075605        579.727238375061     
   628.730842860012        603.316566510544        642.385646922263     
   665.318072175589        697.901714934155        677.437560750299     
   648.281160558647        650.488233144816        761.848744138511     
   706.800859281853        679.857166957851        707.053948864922     
   647.753463619447        707.802125974948        685.108249180702     
   740.750370595572        789.032597357720        795.970407006169     
   803.714674256601        816.840082476004        779.982103671958     
   685.275870663935        767.256201179579        723.329900291141     
   707.329392727219        766.143676560039        818.936753469973     
   773.586326326946        783.382720007419        727.062364531809     
   766.057738661273        762.916835760571        809.376427151468     
   748.731555676428        733.515311143211        702.532744929806     
   686.972792517353        724.842409306583        721.047829583196     
   706.599364441064        662.574305201272        697.261816468402     
   667.359564996814        647.205399892405        683.256156506781     
   677.583570552039        683.649461138401        655.808883052516     
   690.439355746512        639.601385884278        683.734977753228     
   641.355000489768        651.103843573200        676.718046750379     
   626.509842335170        717.433332831798        647.516150918706     
   674.708088004817        675.555215624927        697.644275480831     
   710.900282624478        706.897568794933        777.454869649544     
   712.937864834678        715.846369397029        692.449109504065     
   681.666469305762        632.051717285637        597.859388039922     
   613.433798282055        707.186307389494        752.511538451408     
   723.940586652985        629.490679158543        762.436801684127     
   759.280742055357        755.352653416608        711.161273729825     
   677.264927302351        711.817500118367        698.660185376492     
   714.458831254302        734.242806714645        748.170899904077     
   709.926706624922        741.366541669590        749.631635609449     
   695.071139553224        745.007260464204        790.327961355715     
   743.069515210023        679.326228327591        744.512722803422     
   835.960925054037        767.532046854619        775.717634206865     
   732.678687328473        736.781389944861        734.787472284792     
   744.466884956269        698.763515436627        805.120500943500     
   769.799615759043        830.163164663808        698.895651799746     
   798.568445059721        813.823877731825        724.883471251776     
   764.065541587342        721.353861726690        682.463628759072     
   701.337474244805        715.096524721055        807.702055304114     
   738.435324969582        753.391181312164        713.102598784379     
   759.213880586298        754.313068590783        709.624598146459     
   781.922514042790        759.368196732732        663.901199394241     
   703.818674751301        601.090293065045        722.404605512768     
   710.456596964575        674.104782110200        691.190960829968     
   707.156753852269        726.733526696847        709.615893627625     
   741.651800026423        770.257949610540        738.307912918031     
   673.790618881212        693.963119837174        695.250984722921     
   739.494098707018        708.090381312494        682.399144188805     
   792.950437307001        714.331511633831        705.834089668084     
   759.530767611741        676.765582546015        690.057248481407     
   571.822451120173        621.105620310929        641.639431523999     
   634.144979959117        659.914115151670        670.937748021301     
   625.761878378622        654.140546415802        591.494979432047     
   586.348554624815        587.282374388032        624.589514119682     
   618.770388002179        577.780182632669        615.498899222233     
   604.085316396300        627.224560812439        618.349043064651     
   605.632047234668        626.312101150197        688.100809740384     
   666.025709968329        674.096260114358        661.667145342816     
   657.644465530126        646.107775559532        684.440470890766     
   707.718205014344        642.777846833297        672.396047310435     
   677.643005672900        657.453749731211        665.872550025468     
   698.451566956433        563.431412291646        541.201495953846     
   647.205943074766        629.833514473115        611.553516281744     
   653.959095049336        624.835635447836        637.130139578916     
   646.284557449826        665.236095228613        753.952084388081     
   767.524591707642        720.699940440138        720.225699778002     
   817.213541657772        802.309102757013        754.710162949411     
   739.036832844795        763.534234307139        744.501757951801     
   748.993168800970        739.050952559045        725.817965886690     
   747.347477978354        740.514191293471        789.545969389818     
   754.801132257783        820.150981849537        804.910394983375     
   780.080101707820        711.550224849391        696.035543562599     
   667.034759325511        678.928717166451        731.908133583731     
   735.910068013345        684.776952192484        834.939461000198     
   797.494120945675        812.116990337234        834.965467128638     
   757.689629293826        790.052436228770        768.296944635545     
   802.515187854468        825.647112218887        736.627165503378     
   680.533151982116        739.844682154343        691.863310311136     
   709.262722110009        702.829919501432        831.487490285301     
   842.691117521071        833.911739582723        890.077994772552     
   769.069748284947        825.033076526534        879.594884047094     
   803.668401220398        790.943533032096        782.773703577024     
   791.408833407599        845.741742615927        753.869131992309     
   749.956718339385        810.502725666208        815.720951896947     
   732.073036912986        748.709691676433        751.500218847499     
   743.823844664455        721.226120121076        751.001842320118     
   748.131637481142        739.491613640631        800.303074219368     
   776.591214109277        786.621823676509        843.587228726606     
   866.289225427746        811.643821327210        813.722169597292     
   780.884570109539        776.318623320724        804.709800770975     
   788.055029375464        833.370805004143        842.442075797901     
   800.039185789326        726.277991966649        715.074639527840     
   660.227557080238        767.473761324236        755.852638948533     
   789.029996169788        799.569110367473        767.422287852693     
   850.699421479546        790.563436960852        792.460115704910     
   842.875760437887        819.663395638566        753.796745417291     
   801.753010896326        704.114276154788        717.354323729113     
   711.518086638638        775.618751886549        696.507442623974     
   701.158970882601        692.233364799773        661.699434768851     
   669.820371075858        696.166567960506        665.170186496965     
   660.843573406964        726.272827988894        722.338186823547     
   768.801888165340        766.294539923959        732.510188394259     
   713.468721427933        700.340988204927        674.713736484255     
   726.526688299073        640.194401707399        671.372055209335     
   716.605190370022        696.391376499700        666.671577942220     
   720.918806651525        663.677475157337        712.945172181261     
   665.017271646098        671.172028632159        620.416512540100     
   752.849079975820        700.911515324338        694.191040662985     
   695.738979779769        716.792492176158        683.734526716051     
   673.095976816295        658.883064951393        623.099705646797     
   607.826035365934        607.462620380091        660.717939093217     
   639.638700496203        641.122955837805        673.906853229568     
   665.058220494018        670.803037782618        698.545163452411     
   660.381018237756        650.559622475163        668.858295586859     
   679.229592885258        648.971611237670        683.391216943307     
   714.695758511556        695.357058894258        704.252839840847     
   795.493987659677        730.228563416841        660.510667681153     
   753.280975572681        705.482444368271        765.134454834302     
   777.842727267114        696.995998179828        697.057163358355     
   670.112117402985        653.831048384919        648.670846736589     
   642.782104115689        687.046541477699        670.479411869280     
   679.208349789662        664.259068135473        666.538619963940     
   675.450652015245        638.524750159268        668.944955702019     
   666.850650739136        712.694111421897        773.674741337302     
   865.469449491039        708.221660758888        747.004098967918     
   760.204035633749        734.114672509025        701.091726271037     
   781.633372799523        747.759073210875        778.813616007863     
   659.900272840832        713.980903268679        642.151422657565     
   666.965621581095        676.044201071191        664.881060587807     
   655.825750566154        626.752924757669        704.602540122486     
   733.198180331847        871.394394366650        800.444191375325     
   788.776952223590        801.311625602300        847.164118724949     
   796.381731988447        802.754203943301        734.484844650951     
   728.544236832226        693.819355124819        703.676393214846     
   701.787118456458        687.424443490551        708.792091490516     
   674.078313730723        747.568299265807        770.639735493535     
   702.542097549199        661.006990399058        686.437108497144     
   660.881326398539        664.134871993645        693.854401635797     
   652.400898733052        644.958113123945        663.844013783921     
   629.681381526802        620.800279406172        697.618248267162     
   691.251921038745        647.966057592445        721.221486242309     
   722.051682388248        771.876306430699        761.190853921336     
   715.629140448412        756.277882938798        799.956807407450     
   759.850465646219        699.255964792588        712.591188614088     
   810.651933143301        732.327429286120        739.927634978480     
   727.730488766046        715.494502656361        753.165703713256     
   737.741689898927        758.606414234060        714.475600873671     
   729.335564144480        639.075754015242        577.048478636086     
   647.333445716634        590.876695931021        699.574869785939     
   680.976441613151        604.568527482424        620.942592633744     
   581.498923834524        621.993538000917        671.430053633404     
   769.247530353101        718.114703499492        726.212920098070     
   713.008992459813        771.634804097087        733.652130296623     
   722.659629822938        748.677377797818        730.830953713359     
   683.559659978259        669.313066797275        677.756760682549     
   683.101376303979        697.636183000880        665.241678942979     
   673.644212192165        691.298200314542        729.295667627501     
   685.302945605641        664.508425408507        702.088410087042     
   658.181241315276        675.864663929244        669.110631953890     
   636.853029902989        701.387850155069        753.165352956505     
   714.723643398549        801.692478594053        751.291008188013     
   703.263887303678        726.798420084035        815.080602286689     
   739.038565805338        741.740460278813        731.655505563164     
   761.625282488090        758.142363488088        810.612182118431     
   821.312337108308        754.084397013004        776.063534699102     
   864.489610048829        811.270037110779        799.053866154240     
   807.457886004425        810.342216874194        829.719271783647     
   736.557156490851        733.556465651281        662.084779546453     
   756.764271812483        677.928339709801        728.274973141038     
   711.442467422893        653.054278510745        663.376362233300     
   663.071172283246        706.117706944272        749.270887639295     
   790.357843473319        830.835850919535        902.343073796376     
   793.072383780636        745.386593485528        767.718930045400     
   706.837769359584        724.411608613285        723.392036408977     
   687.322889423045        673.443472172888        724.481466526660     
   700.705149233038        753.181549476729        743.099984074447     
   755.176814606672        727.804680919816        822.248277491378     
   734.668836315147        668.845164676033        649.042702264178     
   717.135389805591        808.339322067555        764.135601771986     
   811.216085453629        785.521960600357        741.399000659841     
   764.855902862322        738.438056148024        846.582247204552     
   687.904623202962        692.959091164242        686.661524072912     
   697.428418131179        745.542298225812        716.018738620991     
   690.760006154368        670.804517886510        703.542447100404     
   675.047289139449        711.895180501987        766.841173067612     
   736.320465240876        653.166435149885        706.012927452768     
   681.343857132605        694.856129473944        723.856933017319     
   680.974908580844        711.786133011968        722.348586909491     
   728.903060157051        660.012273858846        748.523564155099     
   821.471036710723        772.261160182952        818.865498562267     
   786.583206311440        792.447876744770        752.384937977724     
   725.721104549743        820.484446299585        776.669862906472     
   771.288409620180        767.617576045817        804.018673939843     
   696.300353206874        747.004787949614        699.193263278307     
   730.583706788046        770.550529533113        691.406965527191     
   708.883987417144        640.631683846873        648.753238096042     
   623.850429314420        720.520087878101        701.966305716424     
   737.133455049657        793.275703734377        747.766082150088     
   732.124144969552        718.232733708401        805.139748079210     
   698.394062632382        790.347276384354        764.301465638972     
   683.833064023080        616.135195734280        723.562907035599     
   750.824704022290        773.117918235925        743.504657256398     
   705.224303929691        753.838800533609        760.412425033950     
   747.337929940531        752.616247126786        732.584019501361     
   794.700424560769        647.646523420587        602.848085476959     
   718.608473314807        674.675741192063        709.287553291600     
   695.109043615465        744.491451415587        739.832436414061     
   731.155985279203        693.801540960017        663.630691914627     
   663.383850506510        678.493450983506        639.626213018077     
   632.522942316291        665.805887741612        699.014395841945     
   591.064090869863        653.254168008316        610.009162759598     
   625.880257919491        699.471510134131        723.825673941094     
   689.062404522787        694.618405800401        756.384029430508     
   675.558441870553        746.758023243990        780.453087343126     
   810.915745039796     
   140396.000000000     
   3.99866091083950        358.526701169898        561.175255240875     
   5.82889376555210        5348.36811893085        704.251719274496     
   309.965849013882        116.140210932741        937.914762698701     
   659.788997206206        36.8135423657139        25.8420921551269     
   551.317859811418        787.626783340806        8.00726873936765     
   555.784025853624        178.716270112073        755.329141605742     
   122.536079006547        102.174738497869        499.056754275222     
   8.68365914219622        6.57491259220126        395.628704148583     
   22.9475391077282        482.286251052149        45.9348658862110     
   198.550423983252        363.917930557149        1168.72304074626     
   4784.58677125554        4.99335267970504        1040.42769639798     
   14.1445169532681        63.3618656767353        1036.57823925247     
   714.904868119046        725.935999835765        16.5417241162340     
   329.760215214306        655.869911636875        506.148906587234     
   134.412698726801        562.080424750543        86.9460075165374     
   3137.61592803873        1031.34616054824        1023.39857331501     
   2.81497770588950        474.806168950280        3004.32723101074     
   235.950834492596        71.0408861323774        660.942839658090     
   262.290272532156        1057.32750955101        9.32026187427017     
   68.5839974632794        11.6080529426609        64.8041687415904     
   320.559316352300        617.514597029420        238.745918363109     
   343.656059225358        896.585319702338        25.3845339414488     
   29.3334602638450        923.859768004631        1461.59013825335     
   14.8308542737853        2249.30644385335        405.903870120964     
   653.979997276031        656.277735262110        875.497854202388     
   401.437704078757        339.965752762867        869.887792625987     
   70.3545488118601        4.17770542923530        943.644187287367     
   410.379983080859        95.8385519301954        69.9964597750685     
   192.234131250956        5.32160096343068        39.4992101416509     
   1004.92714716717        7.15183381814328        1064.17098892081     
   1333.88166204870        2603.01883686194        2069.75463265543     
   174.807131460431        4.96351192663908        16.6411932931206     
   1529.78620592677        1131.77024153291        165.844958622953     
   42.2246655883425        482.276304134460        103.676723068856     
   381.712966302154        9.50925331035463        1190.39737438984     
   3297.64193981382        1142.32392120057        2446.21562641797     
   23.0370613669261        2189.84376991057        14.0450477763815     
   206.398542039601        21.1968815945248        1032.86803895461     
   294.299453654249        1.61140066556219        455.459414045845     
   131.170003560300        1709.26838870087        2777.42809161482     
   1358.94789462411        966.551938724341        2164.30008528610     
   1104.51568706599        19.1677103860391        644.301646364969     
   15.8951744664714        418.824916198527        40.6033180050916     
   1307.20402880772        721.837869748039        28.8957958855441     
   1975.66673823844        712.875696910560        184.604845383757     
   874.164967232109        259.803543109992        1704.07609766739     
   738.250283934320        2191.29601989311        18.5808422424084     
   257.495858206224        35.1921947824630        343.486961624651     
   611.994057712216        10.5636265853521        623.691632914075     
   126.733678271159        751.867614250089        217.628612110093     
   3.56099653253866        198.699627748582        106.223133997152     
   36.6146040119408        4.13791775848067        2.16842805612689     
   9.01190742592185        6.08751362545715        276.186116543208     
   553.625544715186        3193.04015339991        539.868957551776     
   517.657490353008        7.10209922970000        1035.74269816663     
   5.55038007026975        337.160721974666        250.662325754118     
   503.731805588890        27.2247137138500        15.7559176188303     
   325.274155336722        1615.40927339071        74.5819888295387     
   1151.72375841635        20.5801726978282        18.5609484070311     
   493.028922155897        554.083102928864        181.650610830226     
   295.960588908255        1001.98285953133        1199.66790167567     
   656.178266085224        2559.95863018775        852.848722625320     
   1477.83345483892        2928.07416000951        26.9561469362563     
   948.000937234998        70.2749734703509        62.4964838378223     
   363.977612063281        706.459935001377        320.022182797112     
   379.236183797678        421.251964114559        13.5874895627034     
   1219.52194938223        12.7718423122336        411.593507038875     
   7.24135607734118        632.176353702498        617.813004560080     
   342.353013008144        1133.05339391474        1591.15868806577     
   5.28181329267605        75.7457781991114        8.72344681295084     
   15.9548559726034        22.7983353423983        495.485810824995     
   4.54574138371555        141.087080495889        4.09813008772605     
   2310.47004072089        4.19759926461261        2462.53851834506     
   339.279415442349        3.83951022782101        23.7233986874433     
   351.036672150340        5.53048623489244        416.109407669524     
   2082.04902291861        1437.34949984609        227.137865420448     
   223.228726768806        2099.44618195607        255.536315421559     
   744.168699959070        2625.99621672273        3806.98380697911     
   193.935054175716        408.370705707750        125.569888901587     
   30.6166126456815        211.521204649258        8.86270366059202     
   451.490593888072        341.298639733146        299.034186474049     
   395.191039770282        288.201993111104        189.210268273604     
   10.8122995275685        29.7810715598345        639.188930673000     
   127.290705661724        6.59480642757858        11.9860358148298     
   98.4247505292458        80.3512010889589        98.0965022455202     
   2379.20324194950        854.390494867062        331.500925809821     
   1128.92542307395        390.098217913690        19.9833576365088     
   43.9952169369231        10.0065991947874        461.278360893709     
   169.664575015396        3147.92093476417        132.721722719730     
   1171.77674447668        13.8660032579857        12.5132224523286     
   1055.04966540031        205.940983825923        2250.97752602504     
   120.079190337449        303.510299433944        99.8372128410349     
   5.29176021036471        971.724335922441        288.321356123367     
   573.191131808771        124.266842684373        6.43565574456009     
   2247.43642332788        19.2771264806143        348.957766353411     
   1393.79194728747        1.10410786344076        3938.62131567077     
   4.96351192663908        714.148902374708        451.868576760241     
   1181.98228202524        1498.48325596057        3321.16640014749     
   1624.21229554517        771.204422236836        825.962204112884     
   574.126142071505        109.555351422851        108.282145958703     
   1855.83622084321        1356.02350082365        413.354111469767     
   280.861167856876        2.39720716296597        752.076499521551     
   1162.73499629769        168.888715435681        532.717123733632     
   333.261530240713        188.722869306860        700.233164528279     
   1457.67105268402        514.235750668110        325.294049172100     
   825.952257195195        3393.48049174401        5.22213178654412     
   397.508671591739        3859.60300155209        711.801429800185     
   2309.12720683292        42.3738693536723        238.338094737874     
   4.98340576201639        9.27052728582690        1952.49042002387     
   656.864603405741        144.071155802486        85.0759869910702     
   645.942887783597        152.297256731004        876.343342205924     
   268.994495054310        3974.47995393838        585.634725837279     
   7.22146224196387        47.1981244326702        20.8387925577332     
   12.3938594400647        551.009505363070        563.900710687567     
   750.554621115187        3.78977563937773        21.2764569360340     
   929.350466568769        105.158813804466        1083.95540820354     
   5.71947767097689        788.571740521228        173.325040724822     
   752.205809451504        2029.36019992180        155.251491284535     
   485.121122593416        400.383330803760        1466.77248236914     
   2.90449996508740        448.287686392325        561.811857972949     
   824.957565426330        305.440001465543        813.070998788387     
   51.3062014380849        17.2877429428832        1013.02393816574     
   424.275827091910        669.367878940381        52.2312647831299     
   55.8320489864231        127.121608061017        103.298740196687     
   3.94892632239622        154.097648832650        288.291515370301     
   708.121070255383        492.859824555190        38.1862170067483     
   485.648309230914        277.339958995092        765.305900047463     
   517.080569127066        416.507284377070        1392.34964422261     
   78.2822422097185        4067.73230726952        5.34149479880799     
   141.405381861926        189.996074771008        15.3480939935954     
   88.6966650297408        75.3081138208105        904.294180911046     
   38.6139344673605        212.694940936520        675.694118590366     
   39.0217580925954        1116.97917492988        600.565049287951     
   437.256554675606        279.130404179050        528.410108374444     
   1210.05248374263        785.518036790811        1257.60869721209     
   1999.90737664569        137.993589094717        316.918744478252     
   945.782774590428        1001.14731844548        2272.38329289103     
   4.59547597215883        191.209598729024        239.551618695890     
   491.487149914155        49.7246415255887        480.257079843663     
   164.054513438995        1829.08895917841        443.184917618044     
   1064.99658308896        888.458687950706        3241.50153637904     
   924.446636148262        582.531287518419        206.756631076393     
   740.229720554363        1884.12525474974        174.866812966563     
   130.692551511244        12.8812584068088        358.526701169898     
   60.3380026993841        1781.75157789810        2273.74602061438     
   233.016493774443        951.939916639706        11.5185306834630     
   921.940012890721        256.531007190424        1950.40156730925     
   3497.09753330674        52.3506277953937        732.361708662636     
   4628.42016354365        94.6250279721795        317.396196527307     
   2229.36287388760        568.376823647462        1686.48994719385     
   121.382236554663        16.4522018570361        1095.10590293252     
   3750.31621690684        223.039735332722        425.907121592850     
   2.41710099834328        155.092340601516        67.0820128922925     
   2162.91746372738        3.18301366036975        1122.98711321383     
   10.1558029601172        242.147764212629        2093.80627962660     
   546.105674942562        322.906788926822        414.030501872595     
   15.5569792650572        407.147234832046        3.78977563937773     
   680.896356541533        540.515507201538        14.2638799655319     
   19.4561709990101        1284.51510955990        1357.93330901987     
   4.38659070069706        1743.25700644300        157.051883386181     
   62.1284478833420        5.31165404574202        79.1476240486316     
   162.791254892535        31.7903489329429        345.625548927712     
   1789.89810348511        15.8454398780282        445.194194991153     
   12.1252926624710        1609.65995496667        1576.62624132265     
   3.12333215423782        1111.80677773178        28.7068044494597     
   4.12797084079202        3297.95029426216        2309.15704758599     
   341.497578086920        2148.78289369180        2212.13481245084     
   425.041739753937        1840.38865767272        1972.41409615425     
   161.617518605274        13.9654724348723        4.62531672522479     
   470.389737496517        628.635251005337        1008.82633890113     
   2.13858730306093        686.725250307085        401.049774288900     
   2155.73578915617        1599.51409892424        48.4912237321954     
   6.14719513158908        1165.55992092127        2117.54957214942     
   1176.78004407407        930.752981962869        691.241150937734     
   182.257372809234        903.299489142180        1648.28383635172     
   54.9766140651988        2293.29171387258        1849.42045893402     
   508.894255869302        2568.75170542452        6262.12181856380     
   56.5880147307610        1452.59812466280        3.05370373041723     
   10.0662807009193        5.55038007026975        41.5283813501366     
   666.562848152180        1208.63007451315        964.214413067506     
   2262.45626903775        16.1239535733105        1236.92905533737     
   546.354347884779        2915.90907967628        15.3679878289727     
   323.583179329651        794.539891134422        849.785071977214     
   5.24202562192143        18.3918508063240        142.240922947773     
   843.707505269445        57.3638743104761        594.099552790325     
   512.863076027076        999.993475993600        770.925908541553     
   334.803302482454        1729.42084393808        1581.39081489551     
   909.874401734382        741.313934582426        372.701058876232     
   31.5416759907265        6.17703588465505        3.13327907192647     
   1880.48468287569        196.272579832550        249.786996997516     
   527.345788181758        3.95887324008488        496.540184099992     
   42.6424361312660        4.30701535918782        19.8043131181130     
   336.404756230328        278.274969257825        2850.07043149507     
   1180.26146526510        193.765956575009        390.157899419822     
   288.888330431621        1372.49559651606        2192.87757980561     
   1720.39898959447        402.362767423802        12.8912053244975     
   67.2013759045563        9.49930639266597        3.42173968489748     
   240.257849851784        2409.21309261617        721.638931394266     
   15.9648028902920        1084.62185168868        1133.20259768007     
   387.989471363695        7.62928586719874        681.990517487285     
   370.582365408548        2413.93787851829        1768.71116880827     
   3498.20164117018        459.159667426025        517.518233505367     
   320.678679364564        53.5343110003437        93.5209201087387     
   59.5223554489143        556.380840914944        1287.78764547947     
   715.670780781072        30.8752325055866        265.363870097951     
   318.888234180606        88.4778328405904        1139.46915582393     
   469.802869352886        493.665524887971        521.666098181536     
   2307.09803562444        188.285204928559        742.467777034310     
   814.075637474941        1335.72184182110        878.651027109692     
   770.736917105469        304.176742919084        282.542196946259     
   1086.77038590943        2.89455304739874        51.8134942402063     
   787.825721694579        776.844324566303        237.343402969008     
   190.274588466290        327.910088524216        64.8141156592790     
   68.2955368503084        215.748644666937        407.634633798790     
   7.31098450116177        3.29242975494496        37.1417906494395     
   144.538660933853        992.622809986306        5.96815061319328     
   177.860835190848        850.958808264475        181.700345418669     
   1871.89054599270        278.473907611598        143.076464033620     
   1143.46781673477     
 ------
  0.000000000000000E+000  0.000000000000000E+000  0.000000000000000E+000
  0.000000000000000E+000  0.000000000000000E+000
  0.000000000000000E+000  0.000000000000000E+000  0.000000000000000E+000
  0.000000000000000E+000  0.000000000000000E+000
