           3           8           8           8
   4.25000000000000        7.91500000000000       -5.20000000000000     
   48000000.0000000        3050970.00000000     
        4306         708        2322
   510840.000000000     
   890225.176470555        938208.470588224        903847.529411781     
   890775.529411733        901934.352941185        957736.235294109     
   904407.764705908        866569.647058830        821637.647058841     
   812149.882352971        849080.235294093        865933.647058785     
   858542.823529426        856697.882352935        864722.823529382     
   839570.588235290        886772.235294102        900024.705882365     
   875231.294117648        771209.882352908        769331.764705868     
   836525.176470591        834997.882352955        867754.352941160     
   865941.882352925        854318.352941143        871099.058823558     
   880468.705882371        877410.823529398        876291.529411737     
   874863.764705861        886620.470588230        818455.058823527     
   808211.764705901        799480.470588208        789871.294117629     
   813396.235294145        741917.411764716        724130.117647081     
   732539.999999998        733366.588235273        800229.647058821     
   830814.823529423        888605.176470583        858163.058823499     
   836889.411764702        832149.882352944        809265.882352957     
   740303.058823523        868198.117647070        986265.882352970     
   1004934.35294114        1000554.11764705        864805.176470579     
   814373.176470584        922130.588235254        900459.294117659     
   888213.176470559        905362.352941187        931930.823529402     
   976464.235294088        903860.235294127        835551.764705862     
   914734.117647060        856505.882352921        727014.588235318     
   665350.117647048        750295.058823528        729965.882352939     
   731102.117647071        750412.941176495        750605.647058813     
   701502.588235275        731256.000000008        791215.058823525     
   807406.352941177        816796.705882341        821739.294117634     
   850058.823529428        820736.941176456        817205.647058819     
   824228.470588213        840087.294117619        884914.823529414     
   866038.588235269        796451.764705900        810680.705882379     
   832945.647058829        829170.588235313        800055.058823549     
   752418.352941179        690876.235294122        705553.882352942     
   851673.647058810        937923.058823492        957527.999999957     
   913889.176470583        816891.058823522        824299.764705871     
   915300.000000018        945359.764705876        949198.823529426     
   926028.941176475        879251.999999987        878564.941176481     
   895680.941176481        892966.352941148        894522.352941163     
   900737.176470606        871391.529411760        858007.529411734     
   890975.529411773        911858.823529398        912340.235294111     
   907736.705882370        903572.470588242        913228.705882331     
   892756.235294115        848234.588235287        839231.058823501     
   839398.352941158        836980.235294130        833862.823529413     
   767347.529411761        791245.411764703        781043.529411771     
   763371.294117646        734729.882352935        713466.588235312     
   719912.705882340        707016.941176468        643226.117647071     
   707610.117647051        698541.176470569        695119.058823543     
   762082.352941195        756152.470588228        729321.882352946     
   735028.235294099        755928.470588254        762909.176470562     
   801033.176470568        787259.058823516        811028.235294121     
   837565.176470576        851394.588235295        850196.941176454     
   852359.294117647        854997.411764681        893048.000000013     
   828619.999999981        774479.529411766        777206.117647082     
   780333.882352958        781213.176470609        864928.235294158     
   866475.058823569        852113.176470592        766094.117647072     
   763307.294117633        780441.176470618        710600.705882358     
   665307.529411762        690986.352941200        690956.235294112     
   732318.588235308        697865.647058817        683821.882352966     
   674204.235294117        684450.588235287        733324.000000002     
   807910.823529425        843680.470588235        912336.705882385     
   927654.352941202        955511.764705895        962233.176470568     
   990772.470588226        991653.411764706        1000144.70588237     
   1012270.35294115        980595.294117678        921430.352941156     
   891064.941176441        947025.882352946        909587.764705853     
   889343.294117664        885319.058823559        856152.705882379     
   859879.529411776        870663.294117665        824461.411764716     
   830600.941176476        832502.117647041        779275.999999983     
   760560.470588261        818659.999999987        793926.823529435     
   810216.941176486        805146.823529372        730241.176470611     
   728663.529411772        831629.411764717        809276.705882358     
   786522.588235263        785567.764705858        803307.058823545     
   803354.823529384        796919.764705922        774872.705882357     
   759744.235294145        726508.941176488        765802.117647041     
   801687.529411745        848935.529411739        858809.882352912     
   885802.117647061        880667.529411787        860543.294117642     
   858124.941176465        881846.588235272        863720.470588253     
   872125.176470574        929984.235294117        930614.823529411     
   882683.764705909        887180.470588246        893067.529411730     
   900877.176470562        927445.882352944        885942.117647077     
   890054.588235259        891755.058823507        880661.647058847     
   850140.705882374        823158.588235295        892149.647058798     
   881912.000000020        865591.058823513        896853.411764709     
   868267.999999985        818351.294117662        821109.176470637     
   851284.705882384        835327.529411775        821504.705882360     
   817115.999999997        832458.823529409        843778.117647054     
   844032.470588217        840820.235294120        883237.647058861     
   890827.058823493        892608.470588206        893730.117647045     
   893761.176470570        880001.176470577        894660.941176462     
   1028081.41176470        1040333.41176467        1061543.52941175     
   1077050.11764706        1076575.52941178        1091361.41176472     
   1143279.29411764        1157486.11764707        1103718.58823530     
   1061284.47058824        1051853.64705885        1063277.41176469     
   1028796.94117643        958858.352941167        918869.411764679     
   970517.882352977        993144.235294096        995488.235294134     
   998995.294117647        977731.058823537        982586.823529385     
   1019777.17647061        1023436.00000004        1061478.35294114     
   1035340.94117646        991438.823529440        985100.235294124     
   1006977.64705886        974675.058823535        963316.235294105     
   999092.235294137        995849.411764756        970597.411764744     
   936879.764705908        910695.529411754        827979.058823518     
   851915.294117624        859425.882352948        875622.588235311     
   913137.882352933        941123.529411776        932530.588235269     
   795123.294117668        758878.588235304        743919.764705879     
   787443.999999982        840129.176470619        963552.470588265     
   1044209.41176469        1004695.29411763        948792.235294134     
   933457.176470620        870441.411764731        845958.823529389     
   885119.764705911        839042.588235304        848134.588235273     
   851036.000000011        837925.647058863        772083.294117651     
   785473.882352922        801875.058823500        815990.117647060     
   762591.764705873        753412.470588232        777171.058823548     
   800555.764705903        865999.999999980        914780.705882361     
   932003.529411802        905535.294117664        874704.000000001     
   858988.941176462        826653.882352938        817470.823529398     
   863648.000000034        887636.000000009        904582.823529404     
   908817.647058816        966775.529411789        971536.941176526     
   974889.882352906        934186.588235313        865204.941176489     
   860540.705882357        845858.117647076        845165.411764721     
   845544.941176489        845068.235294126        846533.411764713     
   853031.529411762        850219.999999999        868713.411764709     
   851363.529411765        688206.588235322        706856.470588240     
   759930.352941179        721705.176470602        682807.058823532     
   737848.941176458        724804.941176491        752654.117647083     
   862121.411764703        863423.058823538        844748.705882386     
   743465.647058853        775984.000000001        972327.764705853     
   996119.294117621        992097.176470581        957140.705882360     
   957590.823529412        912548.470588217        893303.529411730     
   885989.882352945        867882.352941180        869984.705882331     
   833490.117647047        807418.823529389        820982.352941178     
   824515.764705854        829051.294117612        835685.176470573     
   866888.941176502        866059.529411790        860149.647058829     
   846517.411764714        838611.529411756        909203.058823532     
   903604.235294095        852222.352941171        851558.352941211     
   844970.588235292        854107.764705852        816136.941176462     
   786545.647058808        813149.882352968        806783.999999972     
   748939.764705876        752235.294117650        738478.823529386     
   832720.470588206        858926.588235271        747932.470588232     
   734571.764705867        738348.470588214        740552.470588240     
   748373.176470613        779535.529411763        826932.000000011     
   871129.176470570        878546.823529420        884621.411764747     
   892112.470588204        886219.764705896        867279.058823557     
   930735.764705899        962413.882352910        977203.294117619     
   979631.058823512        950658.823529415        924016.941176440     
   909786.588235258        907760.235294099        897695.294117662     
   898585.882352929        919715.764705893        817576.470588248     
   865451.294117629        861682.117647040        881696.941176465     
   904413.176470618        863223.764705870        835825.176470558     
   876228.470588242        868084.941176491        892402.352941146     
   889735.529411723        911715.294117672        896912.705882363     
   894343.058823512        908398.117647053        901622.588235315     
   868926.352941173        824346.823529387        836716.705882335     
   931420.235294140        934114.352941176        960209.176470543     
   938651.999999983        944379.764705891        947765.176470594     
   930832.705882326        893718.352941179        906214.117647075     
   880675.058823559        879869.411764724        870373.176470606     
   862464.941176487        872009.882352969        904126.588235294     
   895097.176470560        828168.235294118        760828.941176497     
   821096.000000007        868575.529411770        920699.529411758     
   922286.588235274        922939.058823531        937597.411764711     
   951076.941176471        945145.647058823        962472.235294113     
   996968.000000022        987750.823529440        986380.705882385     
   973725.647058832        977190.352941144        978403.999999983     
   979734.823529385        988135.058823513        1014942.82352939     
   977936.235294125        925285.411764683        950597.411764692     
   913608.235294089        888169.176470582        885435.294117646     
   874535.294117614        885081.176470571        893655.764705891     
   876184.941176443        871461.411764676        845044.000000013     
   867009.882352931        856889.647058803        927695.529411745     
   947428.470588237        958554.117647056        1036724.47058823     
   1048135.29411769        969702.588235304        939240.235294127     
   1019292.47058827        967578.823529423        930541.411764635     
   893344.000000028        857726.117647068        866604.235294108     
   770577.176470561        771304.941176431        808099.529411716     
   816578.588235326        897936.941176467        887991.294117696     
   918836.705882332        898685.647058852        933148.941176418     
   902784.000000012        845530.588235299        848410.823529419     
   846586.823529426        821746.588235260        786021.647058757     
   772430.117646982        735986.352941187        722929.176470586     
   745093.647058879        774624.941176472        765292.941176563     
   754885.176470621        893849.882352991        926510.823529489     
   969044.941176410        1013920.47058825        1038964.70588224     
   1032136.23529406        989078.588235300        931482.117647144     
   879259.058823615        873336.235294096        876000.470588303     
   894512.470588197        879152.941176472        822696.941176486     
   806963.764705865        790783.058823534        831750.352941131     
   868718.588235362        898205.882352914        907946.823529463     
   909809.882353010        753363.999999958        715224.705882383     
   687051.529411787        753025.882352886        785453.411764639     
   774314.352941206        776447.058823520        682730.823529376     
   657434.588235328        676434.823529450        696196.705882292     
   709414.117647072        815838.117647046        826820.000000093     
   825343.764705956        1066075.29411771        1056700.70588233     
   1025477.41176462        1018858.82352941        1016086.58823532     
   1014253.41176470        1014812.00000002        1022273.88235300     
   1022491.05882347        988927.058823542        934087.764705885     
   969916.941176494        1010556.23529416        979087.058823591     
   914368.941176484        885491.764705929        914747.294117716     
   890781.647058832        892223.764705886        895528.941176445     
   933464.470588161        1024350.35294117        1027329.64705878     
   1041249.41176473        955708.470588220        940798.823529427     
   936051.294117746        948527.764705800        957010.117647058     
   956743.294117656        936449.176470610        867529.647058795     
   884103.764705924        874098.588235340        894135.764705789     
   936560.235294124        930144.000000011        918676.235294134     
   921562.117647068        870955.529411811        833861.882352998     
   816632.470588234        805485.882352991        794647.529411819     
   753953.647058895        742786.823529383        748851.764705851     
   751143.058823527        731397.882352972        688806.352941225     
   704104.941176460        726669.647058786        718447.058823511     
   730589.411764756        737592.470588273        759929.411764693     
   757732.235294067        768233.882352871        870396.941176500     
   881650.823529449        919984.941176493        944965.411764626     
   945788.705882363        944210.588235274        956039.058823572     
   927000.705882265        945786.117647081        975722.352941108     
   966858.823529385        953797.647058884        985353.176470570     
   968715.294117740        922201.176470654        905147.529411792     
   913882.117647074        949640.705882405        947256.000000066     
   933197.176470536        937353.411764813        872292.941176419     
   815693.411764762        768816.235294117        903191.999999983     
   902006.588235320        900605.882352890        891918.117646987     
   901372.235294143        873237.176470616        840275.764705911     
   839255.764705892        844428.941176487        842320.941176468     
   843037.176470562        849639.058823611        851682.117647046     
   922457.176470584        938671.058823440        985773.647058844     
   1035118.35294115        1044100.47058820        1041100.94117642     
   1041589.41176461        1040965.64705878        1040954.35294125     
   1039497.88235296        1037492.70588240        1039516.94117646     
   1034528.47058826        1028501.41176471        1008332.70588227     
   1023955.52941185        1024321.41176479        1037329.17647057     
   991089.176470624        992734.823529426        917463.294117720     
   876921.411764697        894000.235294029        886516.705882361     
   873640.470588282        827542.823529417        728193.882352973     
   745144.235294165        728129.882352973        739559.529411822     
   706119.058823507        706557.882352933        728640.941176456     
   731460.705882378        742780.235294109        746300.705882355     
   769067.058823531        751595.529411731        728340.705882352     
   720916.470588270        770408.941176472        848396.941176474     
   781714.823529440        946699.294117645        950156.235294065     
   950677.176470620        955223.294117703        951932.470588237     
   277043.528314886     
   565988.439811801        605117.980498758        537807.303545599     
   504245.914423410        501430.109521955        565262.804224384     
   546079.684415906        549352.827384835        531798.696463445     
   516257.507389636        585172.399751649        525741.619214608     
   518110.840926539        569010.534708108        604207.435633767     
   527840.609510376        519177.377792796        558680.608069439     
   584787.871199039        514731.501423739        513712.970338109     
   497180.477910562        540203.431056097        644769.890647407     
   596628.976353574        581722.010310523        619795.898520201     
   532079.482330535        507674.629762378        520707.506327674     
   573205.853080713        545745.346736192        533683.460921380     
   516146.363125247        553895.254652997        579175.406571007     
   570907.779575404        499352.827624874        536952.693736932     
   509172.839360890        544140.679028979        597483.755339078     
   617735.470490995        629306.272338611        515460.569491153     
   639150.582549182        611275.059870063        560214.767839694     
   523001.835105436        528767.989433268        619802.521170427     
   539481.193380615        523304.140744156        526734.576732016     
   519248.813695609        545243.834617710        643011.969795592     
   568331.421081150        622643.913439327        600589.964856097     
   622509.866539570        547088.118531207        552865.992669723     
   592776.688560206        569495.226993342        560872.445816459     
   547926.529645933        572319.880679699        442502.182538558     
   514074.142166296        565880.365614849        527597.469728393     
   460522.561539371        420250.235006990        512429.799259308     
   592735.312560017        588702.435160467        535281.196741724     
   616720.984259655        503444.586217304        492078.453839531     
   545640.584995428        503096.520082277        502391.517777249     
   500377.992323305        485308.329287581        555691.609827313     
   596992.330117861        582261.808584622        477659.731429789     
   523380.928818843        534047.410083752        486948.577693189     
   592218.451290276        644765.316096174        620767.577978799     
   657171.769432892        583991.373257075        558767.830140844     
   599869.448391534        574418.180233813        468385.708184441     
   577782.905960473        500168.897151556        605746.898130038     
   649856.720593391        544809.794063702        502974.369235737     
   556627.298353715        533589.518975377        599484.617278591     
   631540.937503469        645158.442877536        533871.328884996     
   565093.503211231        608300.418492589        583618.509260036     
   579533.497101302        545964.959572862        500141.872360764     
   584031.669709067        564341.722359098        551706.578090430     
   552439.733210366        531207.219397095        610492.843355351     
   557057.170632758        525066.738176455        499479.414298093     
   513322.997063310        512191.788949208        454007.828408193     
   495670.453390345        485362.588941499        570436.494721785     
   660734.451668687        527941.883291442        600176.988389655     
   518097.749902753        503336.420213355        492366.970936983     
   536914.068316064        492163.667162444        452136.752707751     
   550680.444894047        521439.216484872        618591.340946287     
   550726.102337746        587529.675812714        604086.213656173     
   574549.596654310        523059.397629049        574825.933296497     
   536872.415603660        534671.177701263        551109.042113673     
   545980.017706684        550106.614979650        443994.331766292     
   481325.564165760        482144.109708779        486373.940898562     
   448007.226033318        459668.287684625        435927.811657652     
   429631.427870683        471073.073166071        466537.427489555     
   481398.299656989        493457.936229382        616411.877299650     
   679883.810346351        609780.596031720        633910.309074007     
   600779.536353448        602766.580955576        642939.323711297     
   624369.836577821        581464.697918965        647022.026485226     
   640044.507115410        585809.317467840        589509.043658942     
   534862.344341922        565286.368910788        625072.523978426     
   562106.356171721        569901.939058797        546280.975808300     
   538121.175045838        616739.577073252        531758.763526837     
   600612.194536501        518873.316734410        504826.963984194     
   477824.773290333        574574.799672570        526930.609512707     
   511439.600536088        625581.078762926        520536.362926478     
   432853.460323943        527723.909306599        470320.958538938     
   480155.891672367        511606.908301981        496081.878611416     
   548994.905154914        547957.884499401        499033.665860880     
   518677.100699547        449459.073864453        491458.638017845     
   554342.385138949        549596.160624078        577730.626859952     
   598429.152620553        597552.332918158        590163.365689966     
   540436.212981175        647100.596686698        590240.641703312     
   630600.293181383        604957.945233913        549305.505073829     
   668390.581833499        583573.697508811        590668.905666401     
   568496.850147720        510929.259434044        549049.037652259     
   556429.287274102        536489.186647849        541322.811656254     
   579260.320249363        553840.077390875        584901.327176353     
   577102.754837937        589725.275268513        551411.270734304     
   618654.712583058        619954.244594693        493907.084347432     
   546229.746864739        506597.655111547        469424.177059619     
   526135.398543526        540983.060295072        584320.514743967     
   483595.578270649        469515.099074162        512089.528662681     
   525357.753791886        540022.683799721        511575.618615204     
   552758.845006698        571193.858065390        592014.210584943     
   576089.860896900        510405.179506387        598372.813264694     
   607501.830420236        552014.060190287        641139.005275271     
   493214.363277188        661840.022868131        525940.625335717     
   482328.863010075        490878.934567946        539395.190887496     
   516668.003160653        544229.412106866        523588.904444367     
   519514.791958694        517342.420843403        547213.967038700     
   548436.677135059        544221.912411775        484587.458025364     
   532984.316047166        491153.293914533        547122.879153056     
   531143.664036735        577592.102312666        522187.097384433     
   540582.772095795        645098.096997904        592620.134227245     
   535534.770161262        568039.167836339        638367.149300910     
   456637.151575591        545868.132929768        531065.061780584     
   495361.032644950        515272.397992403        532674.231472926     
   577099.903848302        568260.638738523        513774.144549131     
   582795.273790143        550979.748301344        541863.455564159     
   613904.926842975        513199.593944781        613444.569582019     
   616398.104146044        559382.995697236        517962.971922397     
   542791.919739420        621886.915825312        561592.952592528     
   567164.406316095        560329.004353290        570079.706402268     
   522134.651733053        550123.258043846        441886.102721955     
   464216.462406565        483680.021217853        513882.684495584     
   556453.500128966        546013.015677375        501474.977824781     
   468284.300993461        566745.967528115        624771.468085792     
   613699.941729558        546791.996034072        522009.703787369     
   575297.789802075        567553.054409236        566400.805559301     
   534695.457043890        486835.303420062        569006.146658304     
   513108.487313179        498189.414398836        628150.199638004     
   555242.167049372        619585.485645304        577640.231892378     
   558738.263129129        612334.722906494        574375.682894216     
   530143.195053028        621927.141918410        563793.844562273     
   517702.175552057        514704.127236013        545390.838986020     
   526211.663775637        498511.200364909        558275.898508662     
   510759.649101337        489870.946224808        530826.133482917     
   500162.142658336        450026.716211414        552249.809736249     
   605208.570516602        517056.218716615        598643.024904232     
   516939.801552146        562164.394697219        612725.878969611     
   632746.458200270        487949.395817297        543252.994140673     
   657339.882533388        597995.571163666        582917.549716674     
   525829.909187386        578166.494073429        583960.936737038     
   507517.492288771        513878.406736850        534082.932413370     
   477763.427536893        519765.729765351        451188.112115328     
   489596.071523658        455928.262340234        505169.729874816     
   484365.056008788        486115.597375361        542978.143397700     
   445486.541610808        488968.399202315        454378.203499764     
   489768.971964653        471789.210149693        502797.968558862     
   439339.544979940        468181.658383489        534701.214570074     
   477099.919484440        497410.291666014        528224.242542738     
   504758.605574984        526978.361032419        410845.031743336     
   435523.798686610        413212.479063574        446379.319803576     
   459527.131370934        495682.986487195        554225.480790691     
   517310.909424755        506479.725518485        538629.116761675     
   509328.369977324        589932.502018962        535431.019484506     
   663863.532910477        538845.635871240        511069.843310609     
   573937.504025615        517549.669758106        482748.723580851     
   518572.182733220        476705.206178320        551513.949007013     
   500309.627155842        539952.175170089        503396.122497720     
   535720.241865424        634676.827150293        606257.741757416     
   525045.116729425        533736.440438356        523000.972048889     
   532903.515501969        545982.450414475        576513.735986614     
   574666.219343171        595433.935676124        622253.171910627     
   537107.045862232        576110.408804646        582629.981600591     
   572148.821805927        520540.508123272        547362.705885879     
   572137.962214952        563491.870931139        533723.220590543     
   545430.787266590        571058.015405430        505052.759424022     
   545153.282585466        559434.789853673        548278.704768545     
   541169.270883728        554125.613981616        523272.681088185     
   522793.156223482        434808.212704408        583714.014609657     
   568681.729837746        511346.965367281        467923.422609153     
   508452.205227221        555259.647838741        498175.932954258     
   482224.084669499        589238.218207553        541285.807046890     
   553751.172072455        544589.447848950        611406.523578012     
   584798.274687760        595211.502350987        648622.725682097     
   544804.069410709        547635.678211231        549848.453921186     
   609739.697320779        575969.141524623        711499.506832928     
   581039.323165040        566980.363891444        563581.319407229     
   581231.883040795        582188.106796283        575528.303555162     
   644532.870824883        491703.138986690        486379.489421191     
   547977.391302306        506187.879068060        535765.936635834     
   561057.292457094        502330.615948139        652612.615556696     
   591082.896412098        594290.410102853        668021.608043085     
   623385.803857847        645930.139060172        607867.246187219     
   545273.651071252        534943.855885179        632213.385322267     
   581877.891514915        595292.961053850        521913.628715041     
   535357.526767939        552627.464061231        537760.921105360     
   553191.482354955        596690.702243458        511779.969530986     
   532335.604400897        586469.600046767        559057.071716085     
   514949.322032864        539480.968070057        574711.789475063     
   487553.195912175        558195.884669716        515212.581692912     
   543272.084136858        535449.279799455        458476.156907129     
   526040.945645218        526699.455381016        601094.104345964     
   571243.339807654        594561.507655199        611820.804334898     
   531905.532436738        607977.842591250        540775.537388424     
   560785.837477496        564581.849123547        497830.902130546     
   556152.934321359        608461.828536148        526770.121157475     
   639521.961860875        609715.096984345        551159.038269422     
   551124.205370149        531294.592055747        501523.165368923     
   532050.762252814        596279.428963676        534340.966514719     
   531994.680978702        494262.673515132        526044.041764761     
   570853.913899860        559121.566060712        488437.039606172     
   568077.889678096        554514.333692018        552997.027443374     
   482331.075179223        562541.963993758        489178.680547935     
   524145.736601760        524287.535249561        489616.171763403     
   514288.750290723        610597.599200323        663510.525088524     
   584273.874434286        566133.024705541        564684.000301069     
   597411.100492234        585396.286317795        659281.604422390     
   576159.346209761        544202.748844949        586135.652388641     
   520254.532396680        536957.364898863        575608.671595401     
   623548.038357609        628102.625925760        578562.592042671     
   638839.213118046        588810.517264368        590942.856756890     
   564895.454294028        571882.762757457        599246.387245590     
   653149.670575014        609067.140502754        560533.883068347     
   574939.661703506        529064.078981509        586887.855254129     
   526872.471339533        554931.320510397        509607.940841860     
   499590.193005401        444158.405840983        485428.406765659     
   580852.316356367        480026.703968823        498347.739043645     
   526653.976811225        522693.868072802        519031.307784590     
   524110.229327687        567565.357069839        481777.942484362     
   500235.997972852        465073.837027908        467068.305049725     
   466594.426204847        513364.441308814        500167.078555660     
   502709.686741722        515170.275618520        492611.503173411     
   471403.436627877        508185.392959040        548338.254383049     
   521561.701055857        536559.519378810        592766.917851519     
   538530.204404549        548947.485789812        627767.251364542     
   599703.656040776        620802.385526808        533808.047156041     
   517050.627538094        495770.190467093        530951.064475673     
   549460.468310588        466818.384623648        556308.230445269     
   611774.383611086        501923.706210352        535757.141872470     
   523002.904778202        540899.383994126        537553.204776256     
   586503.668289868        616590.046702690        571689.843219532     
   510259.580813279        608511.030004691        502663.088436932     
   563271.125024018        545878.153768070        543579.568382805     
   485887.305820400        544489.344621585        508527.452376194     
   546172.950470649        527096.745350481        557432.894385738     
   452154.256686621        536435.098249925        511690.848152411     
   624239.996252170        551176.892564462        641174.544251090     
   558319.806478956        516680.815558147        579874.580114034     
   536822.776581770        527499.354120550        555011.865827169     
   518772.078813342        522427.822800837        542018.521479524     
   566644.662963904        539786.837102097        535157.215478798     
   554065.180072074        570284.825232958        512308.844841423     
   508948.031486400        573576.538421606        534924.764723852     
   561940.148817439        574178.862470022        578467.877599577     
   742621.871474180        528738.119908046        533180.911308849     
   543646.854557082        536813.993619124        535174.079931300     
   494683.638181139        503346.318432242        447724.493814407     
   536618.190704468        502402.990748320        499174.870342612     
   465842.676035904        487821.143605087        574953.635905577     
   466959.272682516        527530.514904752        547524.149184267     
   503400.893911764        613536.964024198        587044.307836317     
   565157.327201431        593749.640392491        627053.963210629     
   433.048902709514     
   736.238122542436        789.470299681181        816.579087540513     
   723.173837801748        731.674836902298        814.120026584875     
   743.877176713211        667.114354581009        715.596969363429     
   734.856461627611        769.671203310508        745.190973786128     
   703.497736784514        732.038993036711        739.863774265862     
   697.413298164613        718.850205302790        754.822931653069     
   702.677182465092        626.045723155291        649.233307316301     
   669.625332187629        706.687112448231        760.000539483391     
   757.087203553626        771.332485811858        702.053884689497     
   769.620204063243        714.628105293091        716.769426695350     
   755.173792255114        748.594495441003        673.084294344474     
   621.286795465080        674.296871715916        701.566068137845     
   650.028392458515        640.414031078328        653.675722069799     
   664.065647434646        646.379565876411        696.867997606259     
   697.093360507130        719.765362975988        701.031948323409     
   738.020744833830        736.546983384055        723.949500024926     
   677.739448195833        721.514566635447        741.221149280066     
   805.925692964096        751.374869117005        656.441366465430     
   708.796242641503        700.596770567388        774.479025006554     
   752.228473424362        780.399977901244        777.540513453563     
   797.011911583171        730.518185885330        668.929558214155     
   740.282157060979        728.784110491936        715.365875262971     
   624.153536260223        685.576657475766        596.331903627666     
   620.699735099215        720.245983898237        688.363751371149     
   635.428995125440        628.719019656111        686.984068810371     
   684.010189385754        663.360954307145        680.709599181833     
   754.170856021593        715.717390257616        685.709560663678     
   696.423721215295        681.009432012091        718.492953320029     
   679.863311080931        712.242429287628        615.405608523797     
   684.129821532740        663.731299108606        666.441596290739     
   605.680131802806        642.182400387542        643.423811033699     
   752.005387906016        768.082229655631        789.264634959984     
   778.427234132500        759.934967316285        788.820487110762     
   750.697275742581        764.308271886676        738.187879712114     
   712.552416293676        691.713381652496        711.228220957432     
   660.689285511261        653.756232676950        724.035513793372     
   703.894107019322        739.329523179865        713.008402717413     
   698.596580627915        729.445572823144        708.141214444339     
   763.376116155389        801.221712278956        710.036659974537     
   802.061416683803        687.479545492722        630.475534162732     
   654.879204121001        698.382795427845        695.726184765734     
   692.390546153973        681.329541595102        665.849336425641     
   686.762880549985        658.215520008239        613.368678133878     
   662.552460759822        618.667916328532        590.222786851826     
   644.596018157691        589.180495948546        602.644508389474     
   691.929071005042        661.951165836084        626.780502837127     
   651.205761187725        646.349844683846        660.110907255106     
   614.618952799122        696.869902101850        636.826414915252     
   651.634373516968        732.729013854610        707.877598560358     
   683.117236687519        725.771533800911        643.065065517260     
   757.116183726789        709.433098725346        682.804395055613     
   708.871021697440        694.111393331068        746.429495506663     
   757.007688436772        725.873969627746        674.203280809940     
   640.135388317673        671.216344014795        621.742859696309     
   599.687325215953        583.821835231118        576.099393468057     
   593.174755949178        632.539314191275        633.611512219643     
   626.941978456274        639.146952116480        711.148859209775     
   712.159440488418        706.844569788494        809.470371877210     
   773.561362720938        819.606911333491        830.738485203315     
   812.931325883550        819.049137153609        891.480451814074     
   779.827053295317        799.402208275310        785.620046278202     
   750.802996579310        767.049113814958        770.846416641547     
   751.029874869450        721.631546121130        742.238577171495     
   736.130089866981        704.778481511914        721.718356759338     
   702.327124309323        691.801194214483        662.466867830835     
   681.382997516483        697.227403160996        667.042363393648     
   674.139284160399        707.164979347928        649.057682552208     
   633.734808117829        669.986993517968        694.188485571961     
   652.981324979200        693.831308017814        647.575081795793     
   640.595615894959        659.765269048380        645.740681690287     
   657.516591797445        670.094194465997        696.415817977888     
   664.739818771829        727.059048579803        702.229200981096     
   678.331442601690        682.023646802179        643.855573620226     
   760.642070889653        680.950344770681        779.761638611591     
   716.703789285348        706.528187149497        823.400280694276     
   681.932269294788        770.912222037688        737.088944291489     
   724.686800687935        757.529596732190        688.130007324684     
   680.342823637815        731.495235164236        813.623909508014     
   718.266625265981        737.109989865563        798.586007738375     
   733.886354048309        756.571995343868        770.726248183490     
   733.001333457858        658.121302252518        632.321400120623     
   714.371344550357        684.173622556924        632.871806351455     
   681.395163241979        689.418384500150        733.036055765830     
   667.362955570075        654.291465774955        713.127724332383     
   732.826462717315        762.065532424283        715.659551030875     
   757.580470313078        728.560146200053        797.385486951815     
   764.095965236980        761.388294723137        799.074286860717     
   784.977453742981        803.634563948678        794.543950700532     
   790.493610217875        802.925673020517        784.554469879226     
   801.445900895545        809.432908945608        773.068249240827     
   741.901601897258        686.155324109277        665.650709232969     
   723.460189302795        763.361290565756        784.850003286933     
   721.814693264559        795.797943144950        799.239248640909     
   766.718416748401        780.040566706364        782.562505662346     
   829.144594917604        731.364521206687        723.892609052222     
   788.515608988441        741.567474860985        721.391334121824     
   755.794655942920        795.585376053851        808.623912229737     
   681.453204311128        696.316147780164        714.302751690729     
   692.072211779941        758.493879231434        765.947422034715     
   741.838626158667        769.150867306574        704.845044920084     
   665.162270607843        639.274897343421        657.682582207360     
   687.621806411997        712.457221585025        708.405256375296     
   813.787441335452        768.976789589965        798.011211807629     
   736.131572327226        769.534387126196        710.183656477206     
   712.581394186363        671.834629411791        685.815932352241     
   667.844437276447        702.538830313631        622.917276690396     
   650.815776241836        700.389900315947        673.567381376301     
   673.869148272676        631.534262092507        668.609339881647     
   639.456347093373        723.528369075848        774.651293330233     
   750.358782103760        737.929609218711        740.088035802994     
   709.929506267929        673.114243615026        717.439273714249     
   722.072826221613        677.515186636902        711.900752608748     
   734.135707803885        739.233767725414        774.335748849734     
   697.335152927149        757.244573875746        678.115008801535     
   722.640399785352        720.903292434942        743.154221498486     
   632.044912988592        751.237885725535        713.031732146198     
   716.764406974271        630.912560094647        678.111818042542     
   715.543606816456        666.617573204158        617.883192111375     
   679.011876718693        673.661277534780        665.714316515207     
   682.961407387048        613.679531228623        612.014138552255     
   738.352664032611        716.484166016282        721.601097179503     
   711.077365647141        648.622937012809        693.582461097364     
   757.041774631939        757.143917881036        750.526712589605     
   737.734640189975        699.421156467830        743.073112427537     
   784.264930149345        701.922102229602        710.573585645199     
   672.429085537239        648.951647313295        668.548771711133     
   662.998202810761        669.941432280530        692.240626928894     
   709.508875314894        717.383217774200        672.347817618198     
   675.153501336932        692.087629492396        746.192087287743     
   699.536778881716        663.314973760933        673.149498052414     
   643.149932217910        699.149694800465        690.844287402128     
   640.206164697971        720.736179809885        647.509140812147     
   658.377289273735        642.830978348551        611.362476905655     
   622.528020025016        693.083445187012        623.153054133416     
   599.630749016192        614.430849580467        624.497850192996     
   665.515467984401        624.828208577011        684.851182102806     
   721.042988339923        702.062951143046        755.997347701929     
   737.919401831562        778.464546169819        692.635268681431     
   746.085204796937        736.634984672788        710.554089681762     
   789.578766982488        723.073439406979        705.956927712073     
   659.601215555397        669.617336974685        695.971129685656     
   695.675482394583        705.683508859662        683.441083155753     
   680.428824080061        739.709511387212        735.668195795901     
   724.453910618419        647.323364047012        701.318449336991     
   682.535610364737        709.214436314313        699.561006763839     
   681.532522418340        687.978659416787        691.914996135603     
   700.941035537773        714.012862966707        703.721738306933     
   743.549003357920        663.919645415517        707.964158407937     
   752.760911419992        757.648849411203        753.446030555210     
   794.546173388456        754.386067931144        773.787724684409     
   717.735620521718        705.057476118656        672.864878537187     
   699.657431933985        711.801009546257        713.080097345584     
   632.704043860233        675.820876401874        683.706814533654     
   737.610069486447        646.093235173777        644.684263912546     
   671.068745808378        682.859621490493        673.029310747659     
   754.318846859694        742.873301501983        691.356157394056     
   751.338911961174        784.175844768225        760.175197026683     
   766.330132405863        821.762068155677        798.884511569406     
   750.506443023259        766.568635353717        736.441097655584     
   809.990915455630        792.251179761993        877.851186253752     
   817.701266345419        743.362606143224        760.756938841339     
   751.185623885519        750.912147660087        779.440147274440     
   688.671988392403        729.791998102366        695.971029429394     
   718.586017379292        720.379524201885        707.696816384894     
   718.118508795765        706.789551060149        773.402873840212     
   757.845139086759        726.690342858410        905.425559662423     
   905.491923294275        789.923686763105        775.183258450868     
   761.381649402575        770.640454925885        802.781864697386     
   743.418620972637        834.912501184251        733.348578836402     
   659.251443664853        685.219520275315        699.198031845174     
   703.045175730590        716.822526161455        749.330791215535     
   717.170016477374        764.889386993874        694.590498394669     
   708.761160010584        687.122392186042        680.036744178165     
   737.623855561434        691.770979777868        692.424228167365     
   676.254849647701        596.228128352081        702.085793678714     
   671.306575667062        652.279908599329        660.467976038187     
   674.084069780290        736.389527795928        735.963883862586     
   785.198113066556        814.572575189087        885.161281126811     
   832.851534703699        746.023236575940        703.727948732783     
   732.508850498112        652.246827113908        722.569560466620     
   690.385583107842        727.516319831331        633.595835163783     
   637.413982962393        694.014414019583        679.936318896835     
   703.704369439702        712.454091557078        726.600358835731     
   681.458811626277        668.211612180206        615.180625874964     
   623.828214528091        623.801560107930        673.924057516963     
   707.746745753671        648.000548054045        659.055398782135     
   628.969118347344        609.903556160862        626.408392160788     
   660.438679106023        680.374633339878        661.250464526162     
   679.321439750474        830.777349570547        808.786010969488     
   753.362905299725        740.879912827688        763.981244845592     
   714.664485937041        741.343726693975        746.872666906780     
   787.443993409236        828.058533273397        747.891669876199     
   824.377064680852        808.488708222753        750.482320041643     
   735.718916073015        751.763817592830        768.952171952855     
   703.567539829712        742.191886570707        722.305267651080     
   716.699972656102        821.885077502120        826.626755056570     
   805.577052966650        743.692675241150        694.563970530492     
   710.673416712903        679.033439532706        737.084129880488     
   775.821549320228        691.929444214665        693.871794786160     
   698.042263827405        693.891471952877        754.725990235466     
   686.100759647279        700.818509919143        723.401807428549     
   707.120219511305        687.655648250859        680.437316993476     
   690.780314155124        713.167037556594        623.919334031307     
   609.420837919395        589.500280805234        599.283251272494     
   673.449911717714        574.068647147260        615.762285144774     
   600.428004031305        643.277808151949        611.693457298911     
   639.090846458066        572.822576486004        690.390557721521     
   591.434990469024        675.022773120828        748.785509050783     
   709.642112216862        783.605948902576        798.829693492913     
   753.263323724209        769.270010625856        744.905041214540     
   715.923931338554        742.691812247733        779.592933533034     
   764.068265818091        742.500086242285        747.506263471703     
   740.624316822826        723.013667131203        753.908744832307     
   741.540926429196        764.528416595049        757.445073117770     
   782.058220866387        757.225035322831        710.632454409961     
   681.795021919866        687.757894342567        722.578671287416     
   749.358347138128        788.224928200488        776.944180254555     
   782.849623905803        713.607344103213        645.707504549861     
   702.643361745472        697.435867151845        690.439365072226     
   698.428308895096        682.250470177960        682.079247179003     
   791.442630291563        690.094198194402        783.041540819079     
   830.405706240541        785.495711053217        836.662748604654     
   772.105030752797        760.316459226999        747.164195051984     
   769.277122277453        709.104471254590        770.312536505484     
   762.733621017239        775.688625856806        741.543557993031     
   739.597000806759        767.680127883332        766.101697179893     
   732.213926641285        737.050574940972        715.029934598812     
   708.038053175203        722.086883279758        762.281326992025     
   728.005763905974        718.179144193047        642.206668022736     
   645.303413585888        635.416010792709        662.138967389183     
   602.376026036513        589.180907218131        574.890853632780     
   617.936404964763        638.463749676901        657.329152639448     
   693.918456060888        675.481651763248        597.196281561943     
   636.342834616103        634.408946482953        710.538263348725     
   725.874299908559        821.278660910686        778.313422882959     
   798.806038393101        766.366078509876        837.627814608241     
   66667.0000000000     
   131.776765539308        971.614919827866        88.7364527004954     
   498.887656674515        225.864659956300        332.595086755573     
   1091.06745435093        1086.16362393042        989.976929881124     
   5.43101705800589        104.532157990080        276.255744967028     
   33.7200509645420        109.535457587474        1268.68956351725     
   1220.55642882185        347.425941029358        563.542621650775     
   266.816120080494        169.455689743935        2.27784415070210     
   1523.67879846593        1185.39407479245        498.350523119328     
   21.3659791952319        307.021561378040        662.235938957615     
   3.88924481626429        6.61470026295589        87.9406992854030     
   9.17105810894034        1145.58651020245        182.366788903809     
   1002.28126706199        339.746920573716        217.568930603961     
   542.703829093042        244.226670009558        297.601830326883     
   417.233409368342        1.79044518395798        2791.67207774498     
   1192.62548395210        672.600627189194        191.448324753552     
   41.1603453956563        216.822911777312        1317.41951327397     
   2177.81794642498        4299.67453393359        7.23140915965253     
   408.549750226146        451.142451768969        1645.84684151800     
   3808.05807408948        1930.79619254491        7.70886120870799     
   1017.15190900653        1035.02652009304        2570.31337150164     
   120.725739987211        3013.17004083596        1557.52815936043     
   3490.41320461996        3.79972255706639        899.390350490539     
   967.586418163961        14.5921282492576        121.014200600182     
   775.640747525976        463.237903678374        1103.30216310798     
   823.694306879871        1162.44653568472        292.757681412508     
   224.342781549935        2086.55497663157        44.6517135043744     
   2687.07029133108        2542.00444375973        5.12266260965757     
   27.8911571989899        536.337801772303        13.4382857973735     
   841.837484743978        67.3704735052635        31.8997650275181     
   68.9619803354483        5.22213178654412        901.509043958222     
   2059.75798037833        258.102620185232        1151.78343992248     
   3123.84939395763        139.038015452026        6.80369169904034     
   2626.18520815882        3.14322598961513        172.986845523407     
   1689.80227078417        588.758057991517        2911.96015335389     
   1849.69897262930        274.922857996748        140.927929812871     
   9.95686460634412        12.5231693700172        3.33221742569958     
   2595.76753386691        869.589385095327        7.71880812639664     
   338.821857228671        4.36669686531975        8.21615401082942     
   426.543724324924        300.118400502113        1178.43123241039     
   1616.07571687585        289.674136929025        4.65515747829076     
   68.2458022618652        6.21682355540967        18.5410545716538     
   1009.45299471551        178.397968746036        791.973586370748     
   111.156805170725        41.0310354657038        5.45091089338320     
   377.982872168908        239.044325893768        264.170239975312     
   313.566633217175        4.74467973748866        2345.61250091491     
   329.213134741430        422.097452118095        10.5039450792202     
   71.4686035929895        197.883980498112        20.3016590025458     
   1393.43385825068        204.478786925690        648.718077818732     
   577.269368061120        7.07225847663404        60.4772595470252     
   5.61006157640168        8.12663175163152        1120.94799508765     
   2445.91721888731        4.34680302994244        13.2492943612891     
   7.92769339785841        3.68035954480252        388.904587791051     
   276.295532637783        746.177977332179        198.381326382545     
   171.017355821053        3.39189893183151        373.924529751936     
   190.125384700961        13.2492943612891        10.4840512438429     
   779.311160153090        34.4063882850593        178.288552651461     
   108.540765818608        303.679397034651        2023.85955443997     
   289.117109538460        1862.93832007290        272.843952199819     
   278.195393916316        235.841418398021        65.2020454491366     
   1835.52461492297        11.1902823997374        151.750176258128     
   12.2347087570462        1287.48923794881        1308.23850824734     
   6.23671739078698        381.802488561351        285.983830466533     
   51.4454582857261        4.59547597215883        642.332156662615     
   1430.05840918031        304.325946684414        360.655341555270     
   60.7557732423076        133.626892229398        801.572361940301     
   1316.06673246832        1545.37302594489        687.312118450716     
   115.165412999253        853.783732888053        617.246030251826     
   854.370601031684        90.7656239089812        11.7373628726135     
   158.265407344197        26.3493849572483        150.397395452471     
   2764.95465683325        113.116347955390        240.824824160038     
   95.2317899511875        451.828789089486        5.81894684786345     
   673.316805262777        270.526320378363        46.7206723836147     
   24.4097360079605        3.38195201414286        383.742137510639     
   909.755038722118        1752.66679057647        880.899030507328     
   14.5224998254370        841.260563518036        711.592544528723     
   412.697614902315        1430.12803760413        12.0755580740277     
   442.249907355311        1840.43839226117        503.333928881344     
   69.5190077260131        98.2655998462274        483.390358915590     
   23.3752565683403        788.850254216511        771.731608874334     
   1022.84154592444        3358.00978326627        1400.00877084288     
   600.535208534885        95.9479680247706        705.733810010105     
   5.97809753088194        54.4195866746341        15.4077754997273     
   4.91377733819580        464.491215307144        196.869394893869     
   454.643766795375        658.028392775314        543.957140721813     
   69.6881053267202        5.58022082333572        15.0795272160017     
   4.73473281980000        617.544437782486        2442.90330282765     
   117.970443787454        598.635347256352        163.726265155269     
   22.8381230131530        861.880523886619        2095.93492001197     
   24.1511161480555        29.0052119801193        1163.30197060595     
   886.568773589862        15.7559176188303        82.3405846266900     
   566.397387027420        445.204141908841        87.9506462030917     
   128.703167973513        31.1040116124257        17.2678491075059     
   35.3712393008588        650.528416838068        245.708760745167     
   25.9017736612588        42.6822238020206        525.943272787658     
   319.693934513387        641.914386119692        67.0521721392265     
   156.226289218023        721.718506735775        3.54110269716135     
   1007.74212487306        193.009990830671        990.255443576406     
   2057.10215335546        1563.35705312598        336.245605547309     
   2249.79384282009        398.095539735369        575.488869794851     
   279.667537734237        170.410593842045        1282.16763698538     
   1989.86098978015        5.82889376555210        1785.14347682993     
   8.69360605988488        1507.99250927092        2558.46659253445     
   12.2943902631782        3577.05085768815        89.7112506339837     
   10.4144228200223        1100.89500902732        1069.29365153046     
   2.89455304739874        921.641605360061        135.477018919487     
   6.82358553441765        294.319347489627        778.415937561111     
   130.871596029640        5.97809753088194        1295.31746216978     
   13.0205152544500        5.14255644503488        897.948047425684     
   330.297348769493        1076.12718398257        1767.90546847549     
   2119.28033582725        140.699150706032        1271.41501896394     
   145.931229410264        2.09879963230630        731.983725790467     
   1233.86540468927        913.017627723997        385.671839542238     
   252.353301761189        3.62067803867059        6.66443485139916     
   562.597664470353        2218.65999045460        1066.39909848306     
   1032.07228553951        4.86404274975252        118.696568778726     
   3.38195201414286        727.915436455807        7.38061292498236     
   766.817831536139        17.7055134858067        720.942647156060     
   765.783352096518        2136.69738870008        743.044698260252     
   128.434601195919        1894.57946524052        685.929496891992     
   41.3791775848068        75.9148757998185        479.172865815600     
   796.947045215076        347.545304041622        2406.62689401712     
   17.7353542388727        1122.73844027161        611.964216959150     
   4.73473281980000        38.9023950803315        72.5826583741189     
   124.475727955835        136.123568569250        383.622774498375     
   104.084546694091        548.303943751755        86.8166975865849     
   871.429564867728        9.14121735587437        59.1045849059908     
   10.1458560424286        148.010135207193        164.193770286636     
   622.388586696861        20.6597480393374        715.332585579658     
   84.5189596005055        1117.71524683884        68.6436789694114     
   644.510531636431        7.37066600729370        6.00793828394790     
   40.2253351329227        4.23738693536723        617.564331617863     
   555.813866606690        80.9480161502782        316.809328383677     
   24.9170288100819        209.641237206103        40.8122032765534     
   833.352763955555        250.523068906477        464.361905377192     
   86.4884493028593        1.63129450093950        458.045612644896     
   44.4826159036673        277.160914476696        1457.28312289416     
   62.0289787064555        447.680924413317        9.78776700563698     
   335.678631239056        2496.85538437092        2.09879963230630     
   4615.85720650288        1202.47293246387        4.44627220682899     
   21.9826880919286        514.026865396649        5.90846910706135     
   42.4335508598042        9.78776700563698        221.637219938621     
   247.658356612144        25.5934192129105        522.422063925874     
   761.894107280254        535.263534661928        435.306958808629     
   71.0408861323774        162.214333666593        196.272579832550     
   715.073965719753        305.937347349976        120.576536221882     
   10.4044759023336        421.878619928944        43.6669686531975     
   7.04241772356807        28.4680784249319        193.179088431378     
   391.600202484677        1980.74961317734        254.591358241137     
   2540.44277768261        2127.06877237746        4.35674994763110     
   750.156744407641        68.8426173231845        2.82492462357815     
   837.013229664980        1402.40597800585        1222.72485687797     
   12.4535409461966        2.55635784598446        1035.92174268502     
   7.87795880941513        904.015667215763        3.48142119102941     
   673.048238485184        1581.71906317924        18.1232840287303     
   179.909900234711        1812.46765972067        11.0211847990303     
   11.3693269181332        143.941845872533        4525.29052094767     
   678.936813756868        94.2868327707652        1174.81055437172     
   950.020161525795        3.17306674268109        2.05901196155168     
   174.051165716093        7.86801189172647        148.845676293040     
   6.48539033300337        2303.08942779591        6.58485950988992     
   984.157983033261        886.409622906843        1064.28040501538     
   1766.12497020922        14.0450477763815        153.530674524397     
   2348.31806252623        261.305527680979        164.213664122013     
   23.4548319098496        474.985213468676        508.585901420954     
   167.227580181676        652.020454491366        359.760118963291     
   6.73406327521975        2607.28606455037        196.740084963917     
   440.926967302720        947.732370457404        3092.75532926289     
   1358.98768229486        8.55434921224370        2986.09453088744     
   443.930936444694        105.556690512012        1269.20680323706     
   818.840211047807        570.992862999579        3074.62209831647     
   1114.94005680370        1755.38229910547        22.6391846593798     
   4042.38756099883        91.3027574641686        1306.57737299334     
   1915.70671841122        147.761462264977        48.7896312628551     
   262.439476297486        4.77452049055462        2269.61804977358     
   275.778292917973        2223.62350238124        44.3632528914034     
   758.482314513045        420.585520629419        447.611295989496     
   237.084783109103        1575.12425675166        4330.93769622903     
   1300.78826689854        990.046558304945        717.431385211964     
   232.558935560765        3310.80171191591        426.533777407235     
   2617.80990346497        98.1263429985862        6.82358553441765     
   1007.29451357707        1273.95148297455        31.5914105791698     
   2440.29721039322        5.18234411578950        781.061817666293     
   253.934861673685        119.840464312921        462.094008144178     
   1.76060443089202        909.367108932260        383.205003955452     
   25.7326760605517        122.625601265745        62.4964838378223     
   158.275354261886        3786.06543907986        2009.32710769685     
   939.068605150585        213.371331339348        300.884313164139     
   1478.06223394576        365.171242185920        47.5860542225278     
   15.6564484419437        2154.10449465523        98.9618840844333     
   90.7357831559152        10.3646882315790        10.1558029601172     
   15.3282001582181        1153.28542449347        4.66510439597941     
   7.92769339785841        128.404760442853        203.583564333711     
   1053.11001645102        2191.02745311552        672.540945683062     
   1560.91011137457        241.342063879848        55.0561894067080     
   1369.87955716394        144.648077028428        368.672557212326     
   3353.28499736415        829.940971188346        875.676898720784     
   811.529226546645        2125.24848644044        104.711202508476     
   848.034414464011        353.483613901749        19.3268610690576     
   907.218574711511        1771.30731432501        718.127669450170     
   181.183105698859        862.546967371759        251.676911358361     
   267.044899187333        609.825629656089        2069.03845458185     
   23.3155750622084        1038.72677347322        23.4846726629156     
   335.748259662877        468.340672452654        119.144180074715     
   220.254598379898        67.6091995297912        64.0084153264979     
   480.694744221964        1462.74398070523        133.457794628690     
   170.679160619639        20.5005973563189        2.29773798607941     
   35.0330440994446        16.4024672685929        140.540000023013     
   846.273810033118        1741.70528728357        62.2179701425399     
   2691.59613887941        2109.28368355015        480.038247654513     
   450.754521979111        131.856340880817        1496.75249228274     
   352.797276581232        33.9289362360038        348.629518069685     
   9.82755467639160        55.6530044680273        666.751839588265     
   595.770634962019        405.714878684879        7.57955127875547     
   455.698140070373        2.25795031532479        96.7138806867971     
   1003.42516259619        539.719753786446        859.035705427664     
   3.97876707546219        2013.27603401924        1118.59057559544     
   38.9720235041521        39.1510680225479        103.477784715083     
   2474.64391717215        779.619514601438        10.5238389145975     
   161.955713806688        3.44163352027479        19.8938353773109     
   12.0656111563391        17.9243456749572        3.44163352027479     
   1267.42630497079        6.16708896696639        486.523637987516     
   669.079418327410        471.454057689203        59.6118777081122     
   271.063453933550        6.87332012286093        4.53579446602689     
   9.29042112120421        5.35144171649664        2.60609243442773     
   29.7114431360139        300.884313164139        5552.29982538366     
   63.3618656767353        3.40184584952017        175.533256451703     
   5.07292802121429        2401.11630161761        964.303935326704     
   1276.92561136346        127.240971073281        25.3845339414488     
   169.694415768462        2006.46239540251        2.39720716296597     
   252.273726419680        1050.01652504985        5.54043315258110     
   537.561272648008        343.914679085263        6.50528416838068     
   40.0065029437723        21.9727411742399        274.345936770806     
   6.35608040305084        36.0177889506215        177.870782108537     
   5.39122938725126        967.864931859243        3959.55957740539     
   1374.22636019388        1177.79462967832        5.71947767097689     
   10.9217156221437        408.430387213882        25.7028353074857     
 ------
  0.000000000000000E+000  0.000000000000000E+000  0.000000000000000E+000
  0.000000000000000E+000  0.000000000000000E+000
  0.000000000000000E+000  0.000000000000000E+000  0.000000000000000E+000
  0.000000000000000E+000  0.000000000000000E+000
