  -4.35000000000000       1.320247330016778E-003
  -4.05000000000000       3.923079066832693E-003
  -3.75000000000000       6.539258158320180E-003
  -3.45000000000000       9.173861106444013E-003
  -3.15000000000000       1.182069979563936E-002
  -2.85000000000000       1.456596112059144E-002
  -2.55000000000000       1.739828800245249E-002
  -2.25000000000000       2.025160680011869E-002
  -1.95000000000000       2.324233470416717E-002
  -1.65000000000000       2.639581242902908E-002
  -1.35000000000000       2.975960744702183E-002
  -1.05000000000000       3.336950820195234E-002
 -0.750000000000000       3.738451651478913E-002
 -0.450000000000000       4.220603134154505E-002
 -0.150000000000000       4.933668799368759E-002
  0.150000000000000       3.826680167188386E-002
  0.450000000000000       3.535820834746440E-002
  0.750000000000000       3.264403919853917E-002
   1.05000000000000       3.010356730647758E-002
   1.35000000000000       2.766041578659360E-002
   1.65000000000000       2.522273818452148E-002
   1.95000000000000       2.274286585592245E-002
   2.25000000000000       2.031242501022465E-002
   2.55000000000000       1.785557299257070E-002
   2.85000000000000       1.535923775446100E-002
   3.15000000000000       1.281649236884743E-002
   3.45000000000000       1.021128069208735E-002
   3.75000000000000       7.515910759185927E-003
   4.05000000000000       4.681589046362638E-003
   4.35000000000000       1.665880923134613E-003
   4.50000000000000       0.000000000000000E+000
