  -3.86666666666667       5.745102337549208E-003
  -3.60000000000000       1.753935740761090E-002
  -3.33333333333333       2.967998122000078E-002
  -3.06666666666667       4.217544600740871E-002
  -2.80000000000000       5.371754912874433E-002
  -2.53333333333333       6.574033772500504E-002
  -2.26666666666667       7.825803208820406E-002
  -2.00000000000000       9.060742445185700E-002
  -1.73333333333333       0.102296129845991     
  -1.46666666666667       0.114982846054155     
  -1.20000000000000       0.128594167575742     
 -0.933333333333333       0.142616015066043     
 -0.666666666666667       0.156729630805123     
 -0.400000000000000       0.172129548758151     
 -0.133333333333333       0.192374229751107     
  0.133333333333333       0.178520215959429     
  0.400000000000000       0.164548150195195     
  0.666666666666667       0.151462010764189     
  0.933333333333333       0.137946345727040     
   1.20000000000000       0.126012079385164     
   1.46666666666667       0.113539724579281     
   1.73333333333333       0.101494222050275     
   2.00000000000000       8.949043309144282E-002
   2.26666666666667       7.863087187467882E-002
   2.53333333333333       6.709147419467278E-002
   2.80000000000000       5.473924258942667E-002
   3.06666666666667       4.318095498820847E-002
   3.33333333333333       3.144796438283456E-002
   3.60000000000000       1.959542324195237E-002
   3.86666666666667       6.239882332239755E-003
   4.00000000000000       0.000000000000000E+000
