  -4.35000000000000       2.129233892150317E-003
  -4.05000000000000       6.643058669952747E-003
  -3.75000000000000       1.087354184565819E-002
  -3.45000000000000       1.504937726664437E-002
  -3.15000000000000       1.912978391121890E-002
  -2.85000000000000       2.339152840507272E-002
  -2.55000000000000       2.801382412560046E-002
  -2.25000000000000       3.249755706876280E-002
  -1.95000000000000       3.705475297781561E-002
  -1.65000000000000       4.190465713568158E-002
  -1.35000000000000       4.716683818296748E-002
  -1.05000000000000       5.212393170209208E-002
 -0.750000000000000       5.759897599372687E-002
 -0.450000000000000       6.386554289174844E-002
 -0.150000000000000       7.206483164938782E-002
  0.150000000000000       6.332907224307283E-002
  0.450000000000000       5.850484929632995E-002
  0.750000000000000       5.404042953796168E-002
   1.05000000000000       4.964856194957189E-002
   1.35000000000000       4.555348340682697E-002
   1.65000000000000       4.131775641797144E-002
   1.95000000000000       3.698763001376457E-002
   2.25000000000000       3.286233568190633E-002
   2.55000000000000       2.878844904262364E-002
   2.85000000000000       2.459203933481141E-002
   3.15000000000000       2.012493030330656E-002
   3.45000000000000       1.601699283129535E-002
   3.75000000000000       1.155525587887376E-002
   4.05000000000000       7.001233204335623E-003
   4.35000000000000       2.485946841614073E-003
   4.50000000000000       0.000000000000000E+000
