  -4.35000000000000       1.739350608116933E-003
  -4.05000000000000       5.118711054850717E-003
  -3.75000000000000       8.536260664562187E-003
  -3.45000000000000       1.186805322727460E-002
  -3.15000000000000       1.533607432613621E-002
  -2.85000000000000       1.905277492843113E-002
  -2.55000000000000       2.264474159995493E-002
  -2.25000000000000       2.620496681988993E-002
  -1.95000000000000       3.000707904469316E-002
  -1.65000000000000       3.400911493457118E-002
  -1.35000000000000       3.820591988937441E-002
  -1.05000000000000       4.250209046894549E-002
 -0.750000000000000       4.729032460871614E-002
 -0.450000000000000       5.279678931265330E-002
 -0.150000000000000       6.060249247485743E-002
  0.150000000000000       5.030758841586176E-002
  0.450000000000000       4.655168595775561E-002
  0.750000000000000       4.299487228265255E-002
   1.05000000000000       3.970426489865759E-002
   1.35000000000000       3.635131094334294E-002
   1.65000000000000       3.301946867009495E-002
   1.95000000000000       2.980579407572131E-002
   2.25000000000000       2.655026894623108E-002
   2.55000000000000       2.333041749915592E-002
   2.85000000000000       2.002497598149605E-002
   3.15000000000000       1.654395047906714E-002
   3.45000000000000       1.305151067289452E-002
   3.75000000000000       9.501947725524127E-003
   4.05000000000000       5.823220236571549E-003
   4.35000000000000       2.042402603113287E-003
   4.50000000000000       0.000000000000000E+000
