        4836        2746          36          69
  0.963564217090607       0.456233084201813       0.999999821186066     
  0.219277381896973       0.705060482025146       0.607050776481628     
  0.854186236858368       0.946183860301971       0.459360659122467     
  0.773445725440979       0.476313352584839       9.993404150009155E-002
  0.648132562637329       0.489663839340210       0.150162160396576     
  0.692341268062592       0.226076960563660       0.465158879756927     
  0.137113332748413       0.142585098743439       0.135999858379364     
  0.732805192470551       0.713453531265259       0.565537512302399     
  0.906138658523560       8.944195508956909E-002  0.655740022659302     
  0.297752857208252       0.716635406017303       0.588268697261810     
  0.493604004383087       2.529740333557129E-002  0.444867849349976     
  0.413966417312622       0.466010630130768       0.973223209381104     
  0.922443866729736       0.348694384098053       0.267459392547607     
  0.380295455455780       0.585636138916016       2.772814035415649E-002
  0.228163063526154       0.789486527442932       0.459449887275696     
  7.132720947265625E-002  0.502521276473999       0.665487468242645     
  0.476877629756927       0.766990840435028       0.785259366035461     
  0.597261011600494       0.430252850055695       6.882786750793457E-002
  0.704533398151398       0.760711312294006       1.798427104949951E-002
  0.520107388496399       0.751805722713470       0.486222445964813     
  0.721182584762573       0.572053134441376       0.192979097366333     
  0.624776780605316       0.494848191738129       0.713065087795258     
  0.915141522884369       7.712024450302124E-002  0.837671220302582     
  0.295261025428772       0.124722778797150       0.497564733028412     
  0.739933967590332       0.450764298439026       0.215130507946014     
  0.476661264896393       0.445316612720490       0.506792068481445     
  4.086053371429443E-002  0.498388707637787       0.151152491569519     
  0.727945566177368       0.123505890369415       0.417849123477936     
  0.468570530414581       0.230165123939514       0.779333293437958     
  0.544126093387604       0.620818257331848       0.344231605529785     
  0.791253328323364       0.236161649227142       3.580480813980103E-002
  8.510607481002808E-002  0.157389044761658       0.724709808826447     
  0.162430346012115       0.108827948570251       0.723311364650726     
  0.101997435092926     
