        4836        2741          31          64
  0.764942169189453       0.456233084201813       0.999999821186066     
  0.685908436775208       0.608483552932739       0.762324512004852     
  0.538078784942627       0.626570761203766       0.371256232261658     
  0.978055179119110       0.264286220073700       0.441310763359070     
  0.851305305957794       0.757070124149323       0.213986515998840     
  0.294150829315186       0.941275298595428       0.459338426589966     
  0.822735548019409       0.899754524230957       0.952415168285370     
  0.974317669868469       0.549656927585602       0.990699827671051     
  0.777780413627625       0.551626861095428       0.219995677471161     
  0.169254660606384       0.337127029895782       0.451854586601257     
  0.109308958053589       0.192406296730042       0.788127183914185     
  0.814895510673523       0.933173835277557       1.971685886383057E-002
  0.375334620475769       3.591412305831909E-002  9.654337167739868E-002
  6.129103899002075E-002  0.508833587169647       8.193814754486084E-002
  0.298745036125183       0.411189019680023       4.031407833099365E-002
  0.639109075069427       4.921257495880127E-002  1.141458749771118E-002
  0.139372289180756       0.768958151340485       0.342204213142395     
  0.502529263496399       0.805349767208099       0.279834508895874     
  0.351573884487152       0.386494994163513       8.303093910217285E-002
  0.906037092208862       0.844850361347198       0.881935060024261     
  0.981819450855255       0.870489001274109       0.840344011783600     
  0.996562778949738       0.540887236595154       0.687033534049988     
  0.618803739547729       0.327582776546478       0.488846600055695     
  0.814652025699615       0.154072165489197       0.188462734222412     
  0.606765210628510       0.172692179679871       0.217161536216736     
  0.467511653900146       0.320876479148865       0.158429861068726     
  2.474904060363770E-003  0.730003833770752       0.326787590980530     
  0.712935328483582       0.763852775096893       0.178444385528564     
  0.350318074226379       0.617655813694000       0.347454190254211     
  0.283401250839233       0.606046795845032       0.727596580982208     
  0.539229094982147       0.588760912418365       0.344074428081512     
  0.941430032253265       0.630103588104248       0.694597184658051     
  0.901843845844269       0.814073801040649       0.252193987369537     
  0.675337731838226     
