           3           6           6           6
   4.00000000000000        7.91500000000000       -5.20000000000000     
   5850000000.00000        1030255801.00000     
     1751040         588      644281
   70692640.5000000     
   192939343.250000        207569260.750000        201793160.000000     
   191844040.000000        194081839.500000        192965810.000000     
   192333843.250000        192103684.000000        202558639.250000     
   183646149.000000        195031041.500000        192629421.750000     
   190710236.000000        196062148.000000        206539158.000000     
   197270992.750000        198263186.500000        196110879.750000     
   195287891.250000        185932454.250000        194363578.500000     
   191449549.750000        182153342.750000        183767774.000000     
   184796263.000000        191919463.250000        186855564.250000     
   201059224.750000        189243279.750000        188705527.250000     
   194177628.750000        203300327.000000        190246048.500000     
   201837768.250000        189266369.750000        196937421.250000     
   189013208.250000        196211927.750000        184884346.500000     
   192487175.750000        188758031.500000        187500628.250000     
   188359269.500000        197261628.750000        188192452.000000     
   192573925.500000        190892125.500000        191807863.250000     
   197495999.750000        210699191.750000        192656053.500000     
   194838758.750000        193754722.500000        200643964.750000     
   195018614.000000        187206671.500000        204690296.000000     
   187498570.250000        194288963.250000        190558867.000000     
   190549182.250000        192806445.750000        180946699.250000     
   192141971.250000        205387748.250000        194814391.500000     
   194483523.500000        195913780.750000        187134375.000000     
   181912558.000000        193772796.250000        183934884.750000     
   198963899.250000        199088255.000000        199319041.500000     
   193006623.250000        191191264.250000        190991451.000000     
   193062961.000000        196114624.750000        189158927.250000     
   192270738.000000        182351123.750000        198179607.000000     
   194932090.750000        195484439.250000        190227787.750000     
   188194254.000000        203952663.750000        193234539.250000     
   198841581.500000        193444452.500000        186820536.000000     
   199792280.000000        196572406.250000        187854638.750000     
   191599104.250000        177816578.750000        194505777.500000     
   195378843.750000        194099043.250000        186702799.500000     
   200813868.250000        187266280.500000        187662502.750000     
   202071110.250000        201463221.250000        191008765.500000     
   194490211.250000        195501691.500000        181379810.500000     
   197704850.250000        188814504.500000        190865323.500000     
   192378696.500000        181483229.500000        194150075.750000     
   183276844.000000        183041896.750000        185294902.500000     
   185245942.000000        197309462.500000        188027074.250000     
   195348156.750000        201617621.000000        194474353.250000     
   194298297.750000        191811775.250000        183838252.750000     
   201206147.250000        206113102.000000        194995692.250000     
   187514012.250000        197394497.250000        202209665.250000     
   184951808.000000        204386286.500000        191793291.250000     
   204209641.250000        193830896.000000        187071820.250000     
   191523954.500000        202355848.500000        199863574.000000     
   204206656.000000        194854467.250000        194978486.000000     
   185125835.750000        197813607.000000        190263696.750000     
   189859521.000000        192994218.500000        193095495.750000     
   197588468.750000        197564029.000000        182109422.750000     
   189442913.500000        201434690.500000        191809953.000000     
   193684555.000000        189196942.000000        192966152.500000     
   200650978.000000        192355341.750000        192237270.750000     
   196897343.000000        195331431.000000        202659145.250000     
   193319887.750000        186094387.750000        198134394.750000     
   195475455.500000        189828378.000000        192625680.000000     
   207192975.000000        180841511.750000        191482687.750000     
   196890505.500000        187252985.000000        184857119.750000     
   205451797.000000        203623635.750000        196694786.000000     
   192689372.000000        190432562.500000        195342316.500000     
   187273414.250000        193901922.500000        194492193.750000     
   182334591.000000        197380183.750000        208010185.250000     
   186171064.250000        189541734.500000        201360648.500000     
   185023806.000000        195962143.250000        195806419.750000     
   196142674.750000        191023762.250000        187023125.750000     
   191757261.500000        197942411.250000        199087958.500000     
   194840909.500000        194351510.500000        191469160.500000     
   188831948.250000        197601271.750000        199953764.500000     
   190286819.500000        189921578.250000        183925024.000000     
   186588169.500000        193373098.500000        181439917.750000     
   203611112.750000        191883614.250000        195339580.250000     
   183429027.750000        192984181.750000        194314474.250000     
   180423812.750000        187819375.500000        195569251.750000     
   195089514.500000        196237841.500000        205204021.500000     
   188613265.500000        183090195.750000        198894516.750000     
   198113576.000000        195775493.000000        184980233.750000     
   197431404.500000        202829872.000000        199513660.500000     
   188888291.000000        194545154.250000        186410702.750000     
   201295029.500000        192419207.250000        190497410.750000     
   186038383.250000        187085197.000000        198224049.250000     
   179302533.750000        194964829.500000        211961844.750000     
   193002432.000000        193507113.000000        183559772.000000     
   199201777.750000        188975421.750000        207068139.000000     
   201385305.500000        193199592.250000        192512274.250000     
   194244142.500000        205103387.750000        203854083.250000     
   180081199.500000        185045497.000000        197219665.000000     
   187504488.750000        192281987.250000        207087123.000000     
   198646791.500000        186994584.250000        195457308.500000     
   184081932.500000        192175591.250000        206084989.000000     
   204247281.000000        203378329.000000        187742637.750000     
   186344402.000000        194219138.750000        183449622.500000     
   197482382.500000        191920354.250000        185441773.250000     
   201473613.250000        200950009.250000        205339949.250000     
   190490808.750000        184705307.250000        189252613.000000     
   185631771.000000        203827597.250000        211014443.000000     
   215319572.750000        201434143.250000        206754506.000000     
   199473467.750000        186135305.000000        189808711.250000     
   197644661.750000        202069174.500000        182432344.750000     
   202041813.000000        190533788.000000        183375004.750000     
   194152413.500000        185033189.750000        188204192.000000     
   195614045.000000        199301280.000000        208797791.500000     
   193163946.500000        207182335.500000        192994535.500000     
   184251013.750000        196416664.000000        202200301.000000     
   197940258.500000        202075366.500000        202441541.000000     
   214357284.500000        195150293.500000        189681063.750000     
   189408349.500000        211956030.250000        182934826.250000     
   189069822.250000        183170225.250000        197811523.750000     
   195054556.000000        188034206.500000        191907478.250000     
   201023353.750000        198648811.750000        191928462.000000     
   201433910.750000        192325647.750000        194702256.250000     
   189016210.250000        199788380.500000        186095500.250000     
   192237288.000000        188057823.750000        191547735.000000     
   189210484.750000        185705052.750000        197497227.750000     
   191173766.500000        184724894.000000        182843320.500000     
   200395090.250000        206116061.750000        197098329.250000     
   198180719.750000        204785436.250000        201324271.500000     
   191750977.250000        194047273.750000        191763122.750000     
   191930003.000000        183842058.500000        195220002.750000     
   206785835.750000        197116206.250000        194448739.750000     
   192143280.000000        205041963.750000        198336691.000000     
   203167768.500000        192071588.750000        188287072.250000     
   194314573.500000        196649404.250000        192336901.000000     
   190645856.500000        196089628.750000        184555701.750000     
   188525420.250000        203839070.000000        212307884.250000     
   196555388.750000        189500026.250000        196451296.000000     
   197686169.500000        194451551.750000        184336287.500000     
   199094499.500000        201001946.250000        204316705.000000     
   192875184.500000        190204110.750000        192412812.250000     
   198256711.000000        180329860.750000        179599840.500000     
   194452306.250000        201240470.000000        195307132.250000     
   189496794.000000        195283372.000000        207439475.000000     
   200879104.250000        196292579.500000        194568603.250000     
   201742305.250000        213423678.750000        189955439.750000     
   205131375.500000        195054311.500000        199538533.500000     
   183525085.750000        194827281.500000        186103752.250000     
   194772289.750000        196503856.750000        207503390.250000     
   192377425.500000        194677880.500000        198485117.500000     
   206863672.500000        198770936.000000        187903903.500000     
   185999187.250000        204109449.750000        187735953.250000     
   206220801.500000        195798298.000000        194505600.750000     
   204034825.000000        205236998.000000        196587355.750000     
   192404120.000000        197832476.250000        194245919.250000     
   193050045.500000        186897366.500000        195069339.000000     
   188987637.750000        196057627.500000        191695290.750000     
   192124960.250000        191982273.750000        200095344.250000     
   202910955.750000        189532016.000000        195129026.000000     
   200831989.250000        184145837.500000        202147543.500000     
   192204600.000000        196669264.750000        194108357.500000     
   189363131.750000        187597885.000000        198478611.750000     
   198360142.750000        186847752.250000        191195785.750000     
   191400806.500000        197515117.000000        201830665.000000     
   190441893.000000        187370068.500000        186299991.250000     
   210968444.250000        187419642.000000        199382043.500000     
   198641518.250000        192244214.250000        191528358.750000     
   202588743.500000        196430480.000000        206377367.250000     
   200611136.250000        185716801.250000        203473842.750000     
   204314417.000000        202112336.500000        192503301.000000     
   193370510.750000        200379777.000000        185379397.250000     
   200523362.750000        202965330.000000        199179098.250000     
   185410958.250000        203772766.750000        200951859.250000     
   190197866.000000        195550873.500000        186296925.750000     
   191054550.750000        196737076.500000        204360206.250000     
   195020525.500000        195570665.000000        198792734.250000     
   196333190.500000        192177334.250000        192640951.000000     
   204659194.500000        194342303.750000        190651247.250000     
   193388336.500000        192300944.750000        198682793.750000     
   194557098.000000        200823096.000000        203138895.000000     
   194119011.750000        202065663.750000        189892004.750000     
   191883319.500000        207328477.750000        195569499.750000     
   194286041.250000        200312228.500000        193371588.250000     
   190759682.000000        198842790.500000        190783370.250000     
   201363843.750000        190932143.750000        195761865.500000     
   188139330.250000        185552859.750000        188750724.000000     
   182155518.250000        193790529.500000        201350424.000000     
   201196622.000000        196193273.500000        193954955.000000     
   187279617.750000        196209973.500000        194224426.750000     
   209864411.000000        210845984.250000        191678398.000000     
   192088374.500000        183393791.000000        208390736.500000     
   204550931.500000        198850717.000000        194120815.250000     
   194946309.500000        190782094.750000        184400174.750000     
   198266983.000000        205678326.250000        191351843.000000     
   187801303.000000        194567286.000000        189192258.250000     
   192443213.250000        201918483.000000        177971169.250000     
   198690877.000000        195654316.000000        208123249.250000     
   185527368.000000        188032768.500000        206576427.000000     
   201107907.250000        192795795.250000        204656849.500000     
   196400225.500000        192060814.500000        176852472.750000     
   197468979.750000        195167447.750000        200488715.250000     
   186960909.500000        181939922.500000        196689797.000000     
   191302479.500000        195229784.250000        196504382.500000     
   192787787.750000        193842459.500000        194297954.750000     
   194455461.750000        199340257.250000        192306734.250000     
   186117228.250000        215441692.000000        190324600.500000     
   214817657.000000        195959062.000000        192093021.750000     
   36412298.5652742     
   99499781.2435716        98837169.2243695        100510035.162690     
   97230316.8666861        101794823.518330        99016612.9291714     
   101188963.469275        99129117.2201661        100819029.420023     
   96683860.2333467        100231515.507710        98607641.1495122     
   100029798.125163        101845192.206659        100805034.828690     
   101434815.696066        101165840.784285        100214587.991656     
   102545238.712222        100279974.536961        100390570.747471     
   97978671.4853341        97936167.3010075        98481351.8560141     
   98377489.7221930        99751139.7964064        100606692.644614     
   99764847.4137965        100769734.106271        98161492.9435475     
   100153605.839607        99780062.7115047        97763688.7924662     
   101580725.462644        98058244.8380538        98181464.0509376     
   99575596.7103309        98821937.9855592        99155433.3791149     
   100989307.187713        101027073.633080        97542412.7156811     
   100494044.316619        98764872.9416082        98676158.0414213     
   98962183.6596732        100906297.774145        99790350.8196192     
   100695676.267453        103900365.599211        100512738.619299     
   99552285.3122725        99814763.9007141        98203956.4838677     
   99346527.6299226        99089961.9507433        99818555.9877417     
   99788999.3285551        99475963.7333153        99492911.1470320     
   101464688.802961        102637228.931671        97390274.6924589     
   99893152.8767062        101797636.850751        99152697.8449668     
   101941794.824212        99757544.4297538        99696562.4001866     
   98634705.2633393        99950763.0272329        96837063.7763878     
   101723519.445213        99292189.1135035        98260120.9920462     
   101038166.307639        98505007.6860013        98641856.5519973     
   101615575.609734        99023441.0141537        100387737.806647     
   100665787.748726        99042478.7112972        100611611.183231     
   99140805.9294218        101419102.493027        99216834.0846478     
   99852866.7990829        99886287.3115003        98339059.5379827     
   102041687.285589        100387498.877222        98657679.3859714     
   97774684.5770375        99219367.7070837        99072673.8372701     
   96883923.0120506        98310691.5744148        100188747.905077     
   98223984.3392183        98220562.1535933        98604070.0790359     
   99612399.4347513        99223654.6485314        100572328.914459     
   102352956.911276        100449991.661795        98516383.2480886     
   98843747.3688432        98477190.2283510        98083445.5022888     
   100301478.123469        99530570.8401314        101075874.552088     
   98156166.2929783        98496868.1525319        98922278.9580656     
   97710251.1485164        98440584.7113877        99413648.4373071     
   98794785.2002972        98698954.7127265        98530556.9894938     
   99037483.5973272        98555678.1019661        100993724.878454     
   100438425.124130        100073971.193667        99599623.0183742     
   100584083.198922        102508146.283921        99234111.1997401     
   99080405.1544054        102290968.545373        99468373.9877594     
   98866534.2434695        100067674.521869        98634561.8476899     
   99227538.8337668        99085583.6780885        100379332.778502     
   99930248.3886547        100521112.368096        100451069.634835     
   101914664.711469        97581869.6157831        101346473.656185     
   97918637.1259375        101448421.883742        98972038.7905514     
   97419781.1633521        99914219.2473952        102337025.917456     
   99810935.0767688        102338587.361195        96787891.2648744     
   99633436.4499213        99154689.4042971        99645643.6104413     
   100186649.242680        98886074.0478591        102032295.973914     
   101241291.957362        97295360.1617816        101770973.852804     
   100509571.637330        99835343.6001270        100144795.630856     
   98111381.9277939        101223167.732747        102241474.014062     
   99657144.6420737        98882596.1523288        99464288.2509623     
   103002203.001614        97276526.6230634        97146078.1456774     
   99077074.5030444        100393775.329020        100013964.103802     
   98603931.1626135        102106622.293391        99149426.2562352     
   100536092.432244        101094518.150935        100411055.085422     
   98982804.2260748        100013047.006850        99868826.9598492     
   98319120.3545425        99314064.3636903        100823774.878853     
   99527493.5830720        100116824.903491        99563315.3844766     
   99448787.2426019        99013661.5860584        100010500.909558     
   100736900.017496        101005602.486223        99824613.5614029     
   100298437.769492        100946823.361421        101103161.932758     
   98011572.1323937        99773952.0123685        100757956.635556     
   97578914.1904619        101074397.909243        98170596.8086345     
   98060994.4721479        98343518.1124735        98252033.7810975     
   97785459.0887603        100207427.420935        97611563.6902556     
   100737983.209484        98709857.3821817        100150214.957509     
   97421148.9191683        100225771.910510        99564493.7193919     
   96178917.1648688        99337662.7109544        99655841.7268406     
   101167493.024881        101177899.000351        99607341.8016018     
   99330549.7774239        99694528.3995054        99429643.2169174     
   100723129.623191        99350451.7543765        98777586.2965239     
   101719542.117833        101707303.206116        99799379.4228773     
   100114707.581160        99686093.5103197        97924455.6877452     
   100833806.766939        100443182.828825        100458910.257746     
   98202583.2779791        98459385.5808245        100824074.688629     
   99052374.4574030        97425823.0588385        102904114.535284     
   102527281.594634        97134273.9055097        98401063.5344281     
   101015523.415762        98857086.0498529        100393077.906013     
   98364545.6607577        100545729.287482        98048867.6571963     
   99894183.8186248        100510123.379583        102000824.520807     
   100375056.213019        97706677.5545201        102155562.344609     
   97817985.6484220        99769644.1566616        99487778.4787392     
   99621781.3126497        101188840.631973        101261816.015317     
   99088365.6829321        100567271.006688        100323373.518661     
   100102990.626441        99736512.4753211        99126846.1880141     
   98578055.6597503        101912372.289447        99188722.2966093     
   99081907.6083201        101286117.944657        98646880.5520578     
   102558651.359210        101136520.410517        102912408.002151     
   98892661.0814737        100654795.852457        99330874.1323806     
   99590420.1991085        98750366.8522230        102416563.001931     
   101929290.768203        100537817.168820        98803893.7127571     
   99780761.9091305        98575004.9199293        99063443.6568250     
   101616339.952599        100699859.214899        99710808.9511026     
   98466533.6297719        101445734.341879        99867968.2082952     
   101881436.173699        99016416.1391728        96559680.7584687     
   99872205.2652813        99766743.2999426        101856256.905136     
   99679580.9796057        100090533.446969        99962229.9454775     
   97554070.2909692        101088263.180289        101936445.444412     
   101112238.247094        101623645.471825        101031284.838563     
   101471245.906301        100671161.607989        99489012.9241824     
   99750117.2008839        102901309.702291        99449825.2723998     
   97646506.3928991        99198056.3857574        101780745.694660     
   101564897.966913        99490205.8698659        98648481.3745023     
   100633788.694033        100234903.542441        100375357.867032     
   101552171.083405        99976352.8208229        100433699.164439     
   100461831.785377        99575780.3309615        97614134.8766118     
   99261180.1818624        98918641.7186438        100610099.691299     
   101537903.171836        98676691.5072568        100662495.914235     
   100100564.659747        101968743.661783        98286673.1293423     
   100234931.936042        102248118.589199        101715542.336458     
   99904520.2742079        100292206.741298        99279051.4736168     
   97922472.2130860        96861801.3675351        99776969.4331865     
   100270039.664926        96531593.0600146        98635787.7933003     
   100037429.578740        100812176.071378        97751626.0080366     
   99842878.7157047        99256563.0290263        100629586.764119     
   101702949.429041        100043132.039836        98092675.4745404     
   100095876.931378        100526663.388359        98702508.2188100     
   99276845.4093994        102569115.602914        97112096.1652536     
   98307668.5475329        101309839.002715        99683165.3582303     
   100408846.871550        100139773.660828        100957588.942250     
   101260036.882681        99768937.9015019        97987740.8789375     
   100200685.340946        100918604.710048        100533527.784195     
   101621590.303550        98961704.5847901        98584856.1766972     
   99115005.3762801        99102748.0022179        98865042.5223360     
   99725707.2070455        100431840.240244        97809903.2529030     
   99496872.1679668        99589587.1718894        100921765.721632     
   100267396.077184        99022092.9442593        99644246.5525645     
   101435236.449494        102255901.009112        99860686.2800894     
   101902170.784362        99745738.4208764        103022316.858117     
   99141798.9476260        98659823.7532080        98423316.0597581     
   99548979.6638049        98873858.3850725        101831157.807490     
   99028017.6028011        101203477.207442        101712542.152525     
   103759189.599499        100210770.760552        99162798.7337850     
   99304265.0821905        100820911.576766        100396488.018416     
   100994794.666855        99431458.4377841        99394086.0072763     
   99810636.8429150        100723565.969424        99160877.6532960     
   100168556.378608        99962591.0114713        99709629.9519760     
   100441310.054245        99230091.0034549        98525365.9149244     
   100707843.059865        98970985.7510493        99859474.0608554     
   100069191.018488        99242007.8338258        100565159.104927     
   100284714.842145        96716936.9915993        101077662.359889     
   100721359.642275        98845353.8002791        101356225.422800     
   98352813.1322085        98501233.3619504        100024912.577532     
   97771995.4125975        99733958.7689416        102238640.550957     
   100779355.042596        98080738.5247681        100221296.452060     
   101062974.580394        102575801.748789        100369357.729580     
   100961064.019276        98119701.8618889        99761010.6550616     
   102014865.113422        100951674.433168        99408401.2227447     
   99935674.6508792        101027120.000596        98782879.2843418     
   100543436.191283        101641935.691797        101737474.871027     
   100208594.704544        95360903.4307060        100473395.912201     
   100581405.899437        99865470.6235146        99960713.9213490     
   99572284.2650032        101906716.893690        98291278.4847495     
   102951574.714488        102675473.576860        101346400.217920     
   98930498.4972844        101552315.810273        102325315.331880     
   100929288.544907        100936571.984234        98687871.7096634     
   101104780.770824        97505791.0313960        100872939.073260     
   99576124.0335417        100753684.739031        99293050.3804231     
   99809572.9588505        99103817.2825697        98578130.0908191     
   102735771.779711        100347419.607984        100226715.115542     
   99531523.8783404        98445850.5030341        100497199.254892     
   102113159.173196        99825754.5592597        101043892.463681     
   101096110.160328        100552067.731506        98669659.4575212     
   101474196.680305        101950324.622569        100657265.711766     
   102064361.129497        99484951.5012234        99863882.3622813     
   99412253.4181672        101283232.730843        97885311.7367651     
   100524658.219992        99748188.3066629        99613308.1245140     
   98908435.2344641        99647121.1902858        98205693.2219968     
   97908787.9083882        99404143.9939068        102013535.478148     
   98799120.6617681        100272472.239501        99116680.4025375     
   98557728.2624587        100770742.444363        100734259.722910     
   102089865.409202        101409694.769955        100094876.033155     
   101542689.426443        95709610.3779755        99835421.9370279     
   102274095.836172        102454635.514651        100925737.372968     
   100182357.372001        98730372.1788846        99612914.0755700     
   98884310.3387945        101645885.406534        100401934.774167     
   100038110.138735        99244136.2255624        100355724.278133     
   99058542.6707758        100477664.205789        98541404.4059842     
   99933684.3749032        99577534.4399653        103142483.483814     
   98972198.7151795        98289528.5474670        101125802.423309     
   99565243.0097318        100818573.942641        98371361.0527105     
   101295245.902239        98839808.1695990        99249130.7891049     
   99904225.8818010        99149417.0605332        100466751.286996     
   98582414.3217333        98183219.0107441        100745550.238346     
   101811165.690532        101113324.657412        101069443.309122     
   101159915.129789        99706864.9551615        98352999.1505462     
   101349986.934244        101308896.453404        99429779.9582788     
   99754842.7014907        101122447.585127        100906739.814882     
   101228745.213955        101354032.135115        101537882.655328     
   129442.303452056     
   357289.898415627        370188.234659498        365732.018875337     
   350757.032564168        361716.059209117        358381.642379878     
   361490.264878174        355053.619900530        368196.342777937     
   346130.141316962        360990.951306049        353574.055231995     
   355196.705078289        364860.332559669        374517.732159905     
   363737.044395678        367793.901898291        359780.285414867     
   365807.211343325        351467.470181825        361890.096767714     
   353611.486091923        342462.188236038        346898.933249740     
   347505.752448271        355267.621135816        354925.637526732     
   365986.157145699        358518.398511268        349840.059691942     
   361892.260657758        367353.910012536        350692.331708041     
   369706.407818029        351995.281013508        361825.307238029     
   353416.134165686        360619.557250468        347245.607321902     
   360172.068244448        357607.011892433        349978.394201092     
   355702.915928030        364106.773378130        352789.080038685     
   358726.524396216        359639.177205898        356492.371118127     
   360961.651773178        382276.766992224        359206.776595485     
   359418.991404594        358546.216671913        360265.509564345     
   360710.316221676        349592.600455371        368621.377522321     
   351814.911033519        356596.330347665        356802.760816119     
   357939.957906284        360521.447454643        341756.075127309     
   354278.020462031        371770.749808900        359783.160472562     
   360543.261223954        358317.713634157        348538.041163862     
   345092.195491350        361081.609317225        344725.297926018     
   366905.904110620        362146.474797167        358754.074193271     
   362740.841033974        354462.891384298        350677.467029658     
   361186.750796660        359112.137380009        353825.108445167     
   358827.597178477        347343.974505917        364748.694620493     
   355074.340970761        362579.895267902        356914.823981394     
   348891.572539919        365693.421702018        355167.335525051     
   368575.205526881        361705.288321285        349755.833260464     
   360485.029003973        360122.830423231        347545.699601602     
   349735.526365413        342043.052584522        360800.030727693     
   358457.897911575        358194.420813877        350466.572924390     
   366411.982359001        351355.616485300        353426.979102565     
   368610.238360739        369171.542976796        353910.272437827     
   359804.570492465        358137.298610201        345306.806129563     
   359094.243534491        352963.264003208        359217.425893243     
   355770.480050566        342921.578061954        353896.568762877     
   344874.439717236        347898.816316772        349207.897419117     
   345333.032082387        357835.139525464        350892.889000225     
   360447.133549562        365437.897101721        361862.360642292     
   359943.872799752        354495.597223886        349082.226066151     
   365542.979720433        375329.770960645        356594.568492366     
   349400.797221720        365473.577580060        365456.164530890     
   346573.083033626        370561.508301871        355799.547457440     
   366585.958366827        359253.829381231        351953.468292293     
   356376.562505256        367860.076171711        364761.314751558     
   372791.665964582        357807.545918099        360750.491530329     
   347986.165090853        364936.278766703        353617.831719648     
   350340.452271095        355793.150501853        360640.610409131     
   362682.647436856        366528.310749559        342334.189530632     
   354168.235512784        363936.068754603        356515.539156784     
   359874.494167054        354142.117855202        362948.253753715     
   368454.100721063        352565.719638775        360169.962124929     
   361460.651830594        359343.043241763        368805.853614083     
   356369.461126820        353668.793166140        368021.513228848     
   364729.222090821        350441.069187865        355709.081945863     
   374012.871372247        339818.469252202        356657.810897461     
   360358.537985763        351329.633786820        352152.789200351     
   369387.272620600        372336.833079250        358725.307249463     
   359839.663609148        358150.886796858        360642.004478476     
   349293.164877299        358014.379303790        356962.943106611     
   344704.803045305        365819.942691249        373600.541326084     
   350398.236144404        355211.807891524        364004.326606016     
   350861.393519684        357244.359357528        359186.283233245     
   360676.007709380        354981.488460050        350836.394703475     
   358634.024628895        362725.493028937        365629.326325114     
   358536.195844771        359511.787017236        358841.146643516     
   350372.199941679        363676.914831333        361648.090926154     
   351686.772632242        352703.493279023        345569.073761357     
   350140.589651947        358111.620002661        341778.357713543     
   372495.386532641        355274.532709337        357932.919161116     
   342637.355612864        359430.810058065        359379.677777053     
   339124.741156009        351930.629084776        356524.990410732     
   360156.195473667        362391.866372727        368328.516599193     
   350262.340822984        346687.340615039        361204.342495307     
   361471.290132975        363712.177013495        349475.673356788     
   365806.835352029        373939.531354457        363083.584180036     
   353064.377548833        357787.555012578        345292.429471369     
   369068.104406972        353847.907320733        355809.082465009     
   347708.854289452        351870.009939116        365697.497126249     
   342598.468167644        353865.781299548        376795.295558795     
   361744.166465807        355685.354503567        345540.359904691     
   363956.814043514        352570.072075549        373443.473567942     
   365899.869614695        361940.067763475        355630.304553672     
   358597.468837088        370139.331648987        372601.791776889     
   345077.668321818        344054.219629296        364964.277012847     
   346742.614851254        357654.006442248        370238.497122726     
   361353.632974504        353045.321387529        364191.183911658     
   346075.015332949        356886.712535169        368090.237697929     
   368802.158268639        368618.265622588        350549.398395867     
   349886.289366311        363079.925608501        346448.040375527     
   360024.918609292        358948.871936304        350283.242154909     
   367887.774649248        366444.641584019        373534.504574293     
   349610.389784835        350621.641053132        353612.665599194     
   353045.178176285        365803.693368191        379776.055254308     
   385909.980526348        364804.259588797        367680.930850080     
   363021.236982706        348803.311975854        353388.275363827     
   365907.679960835        366131.896541369        346326.943594175     
   365038.732428956        359452.998583385        348000.377074684     
   360279.718834726        348854.116108687        350948.072362970     
   363986.155696212        361806.605479120        377783.264823233     
   358667.972473160        372575.344150707        356743.429771060     
   345089.942062431        363080.696349888        369568.985037677     
   364108.761541356        369655.219353548        367548.557358338     
   380464.920517488        359117.823518111        353161.715634417     
   354539.689547612        382554.448792809        344004.664954903     
   351204.311768221        344867.828985624        363634.806696088     
   362800.176636339        353955.515986716        356777.261741760     
   365883.953738352        363573.141059075        357499.342085291     
   369540.433601442        358124.375013100        357354.419594257     
   354908.906020241        360757.608109252        348048.563103757     
   356082.547424744        351255.438661472        355908.015149158     
   356849.592873886        347266.558006807        367058.246890311     
   355550.073405512        352815.650355093        345563.025550349     
   365185.202968924        375696.252879553        364584.180584254     
   364830.227912574        368661.397632497        367365.848311174     
   353445.591426610        350803.761256422        354207.189856370     
   359214.864139973        344359.946575903        359394.401846333     
   371246.419223567        362970.699720323        354490.154513193     
   357364.466812867        369365.364370006        362114.212753275     
   371045.315369112        360506.296430798        349566.577260481     
   359783.085819269        362168.799056324        354602.426753079     
   355991.282915292        365523.604452069        345935.923914507     
   350509.927626537        370149.065014020        377617.325943456     
   361264.660766330        354301.462264882        362152.393622430     
   365033.748582741        359433.938301798        346497.868104279     
   362407.999607219        367848.071729163        367485.106663375     
   358744.538694094        352183.251859794        355242.271190442     
   359169.275536324        342864.799573959        342946.723811032     
   359135.105096351        366877.794444531        355562.093968095     
   353447.108048652        357975.530662756        373387.029873467     
   366994.381052082        359573.222587624        360683.579113518     
   369895.052513487        381355.342978534        356261.813096555     
   373155.478096001        356349.408882812        370846.807056563     
   350236.540720527        358457.770087831        351650.798212556     
   362588.296104982        361623.682362174        373360.289385281     
   358090.443939864        363037.223349130        366753.758687515     
   377654.686671207        367693.225461446        353002.462004658     
   348327.943266640        371352.309676744        353182.744911003     
   374767.404347458        359202.924108244        357500.603372122     
   369469.314745987        372692.465271778        359751.633584276     
   356174.632344475        363000.538215451        357959.601978856     
   357613.257140195        351849.428237742        359353.535827462     
   353512.747229651        358098.339217578        357131.480025972     
   356307.268826655        358352.684436840        367703.360824008     
   367373.761701866        351270.000830951        361790.776433605     
   367757.872793255        348442.512873035        371205.438131353     
   352322.184764831        360680.875930124        357640.826369593     
   353355.711396721        352802.933984766        368698.873360855     
   364797.608712603        348834.385115663        356023.823490888     
   360670.337819592        361783.866792131        366976.921194893     
   355678.200388471        349977.820415358        349416.154898204     
   381283.112145570        352999.355482903        364686.628320127     
   363073.418104805        359468.416381392        351968.250693373     
   368829.681089856        367592.131580706        375239.880591600     
   361781.724401745        341621.859838491        369202.280132252     
   371234.568786164        369470.124670139        359234.501375107     
   360678.684518399        368883.562931378        348996.901479809     
   368526.470302062        373321.945649171        366339.974370330     
   348630.387540240        372157.457193207        371648.603600294     
   354048.523371905        362088.532182845        349495.135806327     
   357002.163622527        357369.167507774        368664.721745075     
   357566.813044399        361917.983219391        363292.048481772     
   362965.928281498        352530.285337650        356884.734445137     
   372817.963867334        361348.468300003        354064.913649191     
   357298.919510993        352174.585213012        366218.794687590     
   363064.279130830        364205.994546049        366787.762306706     
   360813.834872117        365248.489932687        354713.229509279     
   360382.088827149        373439.098976486        361209.847327872     
   363249.102522589        362963.705093335        357584.232530783     
   354348.633308038        364616.400671419        351555.419032556     
   366285.771769158        358651.601057876        360108.963046844     
   354410.579035713        349313.917710865        350710.991925642     
   341903.828459678        359119.657593879        367613.487581237     
   363312.440485600        361740.990958661        355135.211163541     
   350007.481615387        362340.935118305        360071.288392707     
   376786.575979675        379078.467638150        353488.329338085     
   360068.558380585        343154.769073468        369747.867532233     
   373105.798631286        366325.246805955        359810.853480804     
   361049.886527723        352960.964191229        350909.302080573     
   360256.442755434        372711.174112800        357387.259925519     
   355950.590212765        359209.936960498        356822.537460131     
   354186.348102256        366939.124562121        341621.884882791     
   362925.870336561        358633.126202887        377456.963884865     
   348001.046721196        346724.150959062        373781.025687223     
   367504.294797905        361926.518945271        368947.732508499     
   363029.351387834        353746.996211969        344038.813718614     
   359873.113609027        361737.980093070        364018.979821261     
   349362.377119242        347695.964558690        361931.984168862     
   361543.185649832        361390.371418488        362812.988147162     
   361007.237476670        355958.015925807        356369.061540396     
   360164.679110326        364442.816823724        357261.197112058     
   353505.247201534        381757.613351874        356727.687810983     
   378604.898597615        364351.314472541        356111.338777910     
   3171270.00000000     
   156817.696986477        117454.883011694        159398.003228879     
   133839.455034825        159138.900287920        141328.741727848     
   160346.864142416        148187.721768628        157349.525193436     
   127826.229960341        146329.510259475        148535.193271075     
   155533.667407023        178130.391335798        151677.564450097     
   151133.749340476        147656.952869346        154838.371299571     
   149652.242508790        142583.835481805        153019.409927508     
   130866.610252835        141202.238089983        148967.948333703     
   143397.829802132        172761.838612406        159224.852884530     
   132721.197814671        164098.523079246        114831.702684885     
   140173.836178934        163960.181213480        162898.717752297     
   161464.433741797        142976.299684012        130703.253858413     
   148425.211116104        130638.078559751        159274.082814999     
   147976.677944390        171767.817740001        142705.971798544     
   146460.827242750        143610.657723511        141909.037907122     
   144107.361518017        152908.201205754        152169.808001753     
   162529.298138154        168419.234666495        157036.713494811     
   146607.476310825        165225.607863376        141143.325715658     
   143343.433423694        160980.831910666        143039.467873391     
   145782.480058132        155248.787979254        169137.649699393     
   164172.154254979        172337.948282444        138005.749297701     
   155791.172094294        167847.282858222        158995.206130733     
   157086.854058196        144420.303307058        164461.252329112     
   157061.449258290        136684.625365202        138612.453831523     
   170080.489285081        142863.752889402        158682.022745204     
   153144.203805613        135076.243208747        149273.010360374     
   161314.959853249        146697.052854752        162411.789323373     
   153984.662233524        137137.581611077        152839.197531978     
   149649.194676175        155661.602039469        128782.784792797     
   159807.230510468        149584.075130548        139184.015368547     
   159105.522803917        153806.419778586        147190.522973191     
   140627.814563796        158644.872639124        147109.476643718     
   148736.703326219        143361.739003728        162943.152921701     
   113764.942685317        153367.160195133        142870.238825881     
   149013.201214297        133670.040143864        164181.334921514     
   169001.333527256        168029.112091785        148197.813068079     
   149750.144839371        164493.886439306        160127.587453249     
   161801.999788245        166869.281691390        152178.468306622     
   147008.656570937        152726.520646952        158702.632784046     
   147614.822158748        150922.370998024        144926.262105481     
   145226.399280670        169344.735058101        162176.269916489     
   147157.721603891        145566.883069317        148987.331805761     
   145227.923196977        146349.395508853        148309.951007094     
   163021.095665525        140114.013171694        152295.958537058     
   166548.478724324        180637.791191930        152193.558794935     
   154380.044177929        158583.116859981        142770.032036493     
   170054.434033093        134120.859190040        147393.649866369     
   172922.128589868        148530.156913522        147763.775685630     
   150405.614695032        139325.423651272        180276.251340157     
   154228.804776586        163476.523629313        139827.275309403     
   151586.612664625        178735.794965455        168625.093458419     
   161582.258490447        142928.333489017        143286.974182937     
   158568.398058572        160169.625242120        131944.409353460     
   139992.620228763        149337.144935704        167539.470348459     
   132764.517923363        136593.190386754        182395.126875266     
   158078.143031855        160940.132194649        163321.009828571     
   135287.677304235        163383.304553725        154066.972298472     
   129067.050937174        167162.524074505        147697.020717625     
   145564.578610510        133279.638803975        129420.785363958     
   147460.218990922        163270.255981795        160438.763729494     
   146430.386085291        147362.837022006        151818.433786811     
   152789.372902462        168320.774805557        146754.459897115     
   151665.150107495        162000.313336013        150080.797509400     
   145175.645433893        134084.526795148        162156.031564552     
   140579.235085409        163065.883937488        175926.864108243     
   144660.598890662        141290.030536769        140435.001982212     
   160197.055735655        160285.963243153        149593.367303155     
   151096.989505645        161558.414775539        152436.196006035     
   151667.770500170        130299.583296043        152909.762290752     
   158442.191770231        148143.565364402        158134.230585707     
   147533.143961537        141505.385929097        164437.724548072     
   145360.132228822        181709.606133396        173419.668679909     
   138911.959138975        150455.476493239        154302.640380117     
   140687.656155382        175530.199844018        145465.654140942     
   152561.027052831        148109.500259627        159388.580965856     
   153474.707800880        171117.718760107        135258.797231774     
   167712.341927630        172203.992322149        148917.975029426     
   155443.923603990        130808.812939223        159053.059197381     
   152274.177684469        167671.567874233        151130.850182622     
   154983.645126101        140835.996398872        151585.962212543     
   154491.884767421        150166.173991309        173320.056589568     
   160316.311478886        145342.142582656        153819.930597556     
   162299.651384358        130886.291074416        137516.683669076     
   140189.725794091        129394.878786731        153025.208243214     
   175758.694368411        166453.568473321        150531.988242480     
   119521.759548898        147558.195658884        155609.510119837     
   134252.399185457        130398.675024718        138135.412274251     
   189615.739689545        145188.691644233        155531.288610836     
   158162.200025253        172372.496580195        144590.480156173     
   153340.528828443        153041.506713966        183266.509653611     
   161490.581915512        157077.245951721        147104.347364439     
   135107.632167812        151469.568458474        174276.722928095     
   142432.874845640        151318.403394512        135081.205228919     
   140147.613667839        170883.314413936        175938.181974478     
   149599.332877968        147463.954444310        183447.595513366     
   170265.849544235        139231.312527114        159667.829337025     
   161786.351769576        130903.444425047        146162.697176844     
   130331.641291535        141384.234582654        125331.913483239     
   146401.357338069        150741.359475649        146824.950318507     
   180010.569540992        144695.500290972        151259.491020187     
   146352.517678849        158706.368237433        154618.406989630     
   151186.900567785        157235.974844185        153288.474077501     
   163110.560703380        141614.085764248        152273.174129827     
   153210.103893738        166385.884288056        137905.709767419     
   144544.112214867        133100.392794396        152585.186701607     
   148890.377276785        164752.022994314        158511.994570851     
   142295.016172850        168914.228701242        139811.850302876     
   155697.135307516        164549.788149706        166664.853894047     
   116820.543556540        150151.901214185        175670.084210436     
   158714.378090220        143993.420897517        143879.740457849     
   161641.802732510        172217.800490642        146790.030333852     
   165137.387976650        138680.156601133        166362.616687849     
   175647.188297134        137064.545134391        145322.963538397     
   148458.830196595        145616.280258893        158102.135421525     
   183154.892076262        169557.098370849        159358.864597860     
   149902.164783213        170758.557704521        155996.714952349     
   157548.191843762        147671.746008136        153752.264996636     
   145021.729886840        152513.042273491        133506.237725157     
   136884.592919694        140976.698476479        134001.361850320     
   156677.886957440        129401.810747495        141611.223775085     
   148771.437467422        157582.349870264        129203.627290144     
   153176.800747117        132412.325997232        183954.409191669     
   142939.056656205        147210.947168580        160748.155908600     
   151347.413557389        146366.604612520        138047.601243120     
   159230.892796724        172950.692728460        134659.675110799     
   155704.792057744        168761.502552282        145911.158064386     
   157995.294020895        156357.269833826        137867.351678900     
   151882.456856070        151441.970705833        140162.834246568     
   146217.799760400        147293.889101266        142126.790679982     
   167764.433847262        139548.937571149        162030.587234365     
   141351.358875972        153368.962876618        159597.822108608     
   153816.157975478        155042.371656974        125842.574121001     
   148632.891173859        172721.919438889        139293.532914887     
   155004.645436191        148282.780694392        174617.076626325     
   151705.905576547        154968.889156002        151543.292555934     
   156412.316664346        176672.393700806        159982.629560588     
   128919.491236184        128376.512422097        140862.330416038     
   137663.053971974        136310.206562197        154820.195809953     
   148780.488043540        158155.583998357        169517.811065069     
   156311.347916804        164905.065077143        167390.275225090     
   148585.779858744        133612.261414597        175976.205544784     
   147826.349175962        122324.780584332        141540.473172859     
   148568.329158589        138404.922448530        165997.527226141     
   158050.155007964        141006.749362688        157620.057506701     
   163314.616813818        139914.900497082        130935.428083159     
   174124.238375623        143511.677500906        127006.697505140     
   150708.595275039        152739.734116398        143389.206665953     
   160034.628558494        130725.239138800        179718.739568113     
   141525.326931510        141785.154661933        148537.479145536     
   137357.081312388        117628.553717709        162264.378297144     
   124304.886813736        151770.746356995        175484.872626044     
   143878.123619816        141564.112459970        145436.105032053     
   155592.059419682        188343.158066743        163171.405849607     
   161325.775942163        144124.552037339        171949.052274518     
   132041.791322376        158426.060558586        143808.618168719     
   162849.171887960        154085.092035054        142127.794234624     
   164956.933984632        167193.968786605        156284.344863210     
   138203.579652492        135686.051328220        141191.552091486     
   178652.537098901        141131.952096388        150909.659305898     
   135939.300200437        155409.635487072        149505.909374583     
   164044.442634676        164778.840204456        138235.526141913     
   139501.603243891        149454.932515664        159164.806865146     
   174461.042463917        164931.510600381        179390.391356891     
   156349.018384551        136641.082244368        163691.748931224     
   146445.030549319        149117.496559632        151502.314074739     
   137421.364562479        147260.697460715        150173.905078917     
   150381.733811434        151642.941814965        165168.869857440     
   148180.436705305        161756.022118188        135004.024443250     
   138239.373101373        139283.125681568        161067.063272454     
   139268.518386230        168391.804172961        139501.454569129     
   164644.252376424        171747.412128957        144668.422899996     
   159016.596712073        162736.495002933        148628.876955293     
   166913.010655676        160551.496367556        145636.815960353     
   141380.907984861        139332.169768585        157980.184948237     
   155593.100143014        159374.512616529        140293.426440379     
   175091.386284850        139703.206220761        181662.123131377     
   133032.782946512        156407.930758876        161578.541621405     
   159225.187402743        161692.612332322        167455.487692442     
   161026.735243342        167599.980976473        158811.035269673     
   185313.185007569        152476.263854314        145390.034440270     
   172466.700626079        183767.023238887        173771.042894850     
   159706.521943759        153043.142136345        159802.435749403     
   150284.835035493        147250.067215254        164835.745469498     
   172036.064178805        144833.693481975        149395.221014494     
   140981.641912305        171568.760818425        144124.180350435     
   131993.862296072        131317.652311153        170556.583040747     
   146101.870614962        138426.071433382        151033.375291981     
   142975.649231929        145188.357126019        132693.934580244     
   165379.430488703        156170.998941756        155569.646699356     
   160628.974502749        145692.717670753        175169.254691292     
   128531.375770756        121955.788410128        172420.983136855     
   152909.892381168        176550.517564900        154899.142108417     
   173626.289429987        149218.781241043        143980.690621046     
   173523.796766137        137799.295806730        141422.165231233     
   147528.014682259        127532.299956453        152672.960564048     
   137453.812829221        180035.416810542        164494.072282758     
 ------
  0.000000000000000E+000  0.000000000000000E+000  0.000000000000000E+000
  0.000000000000000E+000
  0.000000000000000E+000  0.000000000000000E+000  0.000000000000000E+000
  0.000000000000000E+000
