           3           6           6           6
   5.00000000000000        7.91500000000000       -5.20000000000000     
   13600000000.0000        2055004605.00000     
     2187264         939     1163709
   74610893.7999835     
   134114324.400000        133580670.000000        135820998.200000     
   135205456.600000        139080303.800005        134981666.200001     
   132563936.800000        141235197.200000        133529956.800002     
   123497147.799997        126391263.000000        124767005.800001     
   135338835.599999        124720196.999999        133176798.400002     
   125194158.799998        131549335.799994        122575076.799998     
   118237131.600011        131813999.000008        133060887.200003     
   130467601.600004        126855198.800015        132893403.999996     
   134328961.599998        127989858.599996        127452185.199999     
   123884839.200006        134483950.399995        127161873.399989     
   126228671.000004        125464062.199991        131375319.799988     
   134329449.200006        129931952.799988        134539414.200026     
   121184730.200017        133540303.599992        129056250.600019     
   133192968.599975        129649997.200000        127113453.999995     
   126658375.800001        131525397.400000        122092277.799993     
   130704994.999980        134938552.800031        133212738.600016     
   131995866.600002        125153635.999990        129535673.399997     
   132257305.000011        136529826.600000        126383549.600002     
   125262555.200006        129384868.399999        137524140.400005     
   127850343.800003        124086868.399991        129324418.399986     
   127518925.800007        127362844.799979        129828252.399983     
   126161540.600026        138338224.400047        123415113.600004     
   123249702.800001        123979600.600037        133253190.000034     
   127624140.399989        131563232.199998        134371754.999999     
   129703552.199998        134958050.599926        130648233.999933     
   130253100.000016        131396663.000019        122309974.200000     
   128002243.799995        128723844.799953        130783721.399998     
   138520152.399969        127378641.400003        128820910.199966     
   132866529.599985        130917242.000024        127614555.599983     
   132973056.000048        125802239.799988        127043438.800020     
   135519394.200020        127875736.399988        130597737.000027     
   141543682.800040        135703470.599992        124897614.600035     
   141004052.999997        138927485.799997        134927553.999996     
   124772664.199973        132867442.999967        127487230.800006     
   128777205.800000        117589825.800004        133003573.999983     
   125764804.200030        135497609.399968        125171905.999961     
   122332666.000013        129090325.800000        133717002.799990     
   128699528.600024        138091667.200000        122439650.399979     
   131356987.400023        124490829.000009        129776290.799987     
   123872476.600026        134100514.799990        133170465.000043     
   132941337.800029        127834448.600014        131215647.800026     
   129358723.799986        130266329.199951        131569637.600094     
   125205819.600019        124774492.400022        134322740.999964     
   126804141.399950        135058802.399969        137862007.400005     
   124652754.399979        127828957.599995        138335979.399975     
   143358225.599923        127567751.400000        128842911.199858     
   127188486.999967        129809681.399983        128724586.999945     
   137622934.599991        129892244.600022        128032766.400003     
   129805733.399984        123719972.800064        138605239.399982     
   118336582.799947        128777332.400000        137576845.999905     
   127675870.599930        135797095.399994        128926691.600010     
   126788688.600036        126356411.800049        132887940.599821     
   129439968.800007        132574404.399936        127847141.599921     
   134822581.399973        138910278.199997        136720714.599979     
   128213984.600070        136570997.400029        121660831.200020     
   129509586.600007        131071143.400048        133305191.999907     
   139139595.599986        122637759.799990        139407526.999971     
   132607535.800065        127786540.600027        134940553.000029     
   139987128.999943        129824975.999996        131441392.199870     
   127055606.200001        137486463.399950        125439022.800083     
   121687127.799950        131172796.200001        128323388.400108     
   126441490.000017        132340350.999877        126291299.800008     
   130352437.200019        132462481.400010        134005233.400048     
   126440128.800065        130326993.200108        134319470.999977     
   126898854.800061        133624953.400051        126009335.399985     
   132735512.799942        128398049.000025        135202850.799998     
   138702700.999900        129071879.600029        134529233.799941     
   128012867.999897        116344999.399974        130875183.399944     
   129097926.199937        130055995.199950        127331211.599917     
   134552695.799945        133439642.399940        137572568.999941     
   128036052.200007        139394475.800087        120918122.599913     
   132331333.799932        123773591.200002        130150284.599983     
   137985474.400072        127986528.799986        137999784.599980     
   137761495.600056        125683621.799949        127835525.200046     
   129131314.400061        126371988.199898        134478354.599945     
   123451243.600015        132934471.599934        138617918.799953     
   128053696.999983        127800365.800029        126716235.599947     
   130008710.600008        126954357.400042        131590583.800034     
   131842359.399985        129645161.200065        117062745.200045     
   132523558.999900        132553510.399899        140840038.000091     
   132125854.199959        132294392.399994        133100032.399984     
   134150038.600007        125886840.399979        134629190.000038     
   124829220.999926        132046977.399971        128385824.599979     
   137939214.800081        123014322.400045        129410092.999976     
   132191212.999730        131256776.599895        131956271.800028     
   130476904.399917        134649161.799878        130903525.000125     
   128612960.399981        127854098.399759        129451606.999993     
   137583683.000028        132162916.000148        121970542.000021     
   136145721.799973        132625443.999901        135631059.800017     
   131585961.799984        130998432.200023        126137681.600167     
   130126531.000036        124468088.800044        137274416.999947     
   131181283.800053        124703252.000024        132581419.200013     
   133419093.999967        139028582.600197        120049264.799947     
   123957514.999987        128133613.999947        127055400.200040     
   130287615.599999        128080657.400114        136199922.999976     
   139462036.800058        127529702.199984        123176506.800093     
   128829233.599760        128086651.400109        121332354.800052     
   133319925.800070        131477973.600023        129020758.200032     
   123854634.999832        143407778.800054        130059455.000145     
   130451379.999971        136712887.599890        129304530.800226     
   129948223.199940        126494963.199905        142402384.399900     
   125215330.200104        128154197.400023        123799891.399908     
   129982981.800070        127233099.199928        125639192.600092     
   142388099.800052        128689006.199957        120053325.000071     
   133523969.600008        124099352.799908        135579632.199915     
   135519082.800023        123609423.200000        134087571.800158     
   128106464.999984        132348089.600053        138407965.799952     
   127673484.400073        125548532.200037        133295557.000072     
   122883982.999811        128310964.599873        133142088.199905     
   124284180.800210        133044721.199964        126487610.999947     
   139487426.000128        119149427.599979        122446486.400098     
   132682688.800033        128277379.599973        137862660.800189     
   121912528.800046        129618987.799954        126980518.199925     
   131427352.400013        131379763.199927        131528173.800017     
   127785319.399932        129172197.400039        114383806.000009     
   132342380.600068        128865892.800059        129747330.799949     
   137236042.000071        127194839.199922        130611134.999983     
   139140802.599899        126036443.999920        127036688.599993     
   135806857.400038        126190245.600128        141338631.399949     
   121699396.000133        120702411.199734        132718146.799895     
   132146231.999945        144902811.600006        132463304.799962     
   132527695.000037        125661237.799987        133341244.599849     
   119950249.400020        126011219.199959        135500117.199987     
   128518242.800048        131248460.599881        132143856.199973     
   132347869.799967        131463973.599959        133170320.200029     
   128661958.999997        132979613.799931        128346083.199953     
   129429155.999926        124058390.800031        133147834.799949     
   126908288.799859        132661038.600095        130704057.999986     
   138832795.200081        131538798.000008        126279961.399878     
   127696572.400138        132853907.799940        124102284.200234     
   127891048.599898        122602828.600012        133713922.199997     
   127307226.200123        124689928.999966        130048811.199995     
   126549878.600059        129778200.600024        126647501.200048     
   127958393.999898        132248309.399999        128441582.200099     
   136493891.600002        131346939.800061        130243356.600010     
   126026751.399901        129087140.399945        124046813.000071     
   136438434.799956        129304554.799944        133097531.999933     
   129240956.800015        128235915.799916        136023803.799996     
   134393355.800121        132039722.000023        132394928.599906     
   130405289.599914        133029734.999984        126855139.599912     
   130109413.400094        128342583.400018        113101939.399894     
   137709966.799846        125574755.999948        121722144.800038     
   122425054.399980        132513682.200083        123848961.799854     
   137152874.199914        130982076.600206        128873853.599802     
   136204536.799920        124548191.800107        130601047.200029     
   134437429.600100        123288528.600086        129832418.600066     
   128257151.000112        127150338.999853        121870192.199806     
   127415949.199945        127945596.200061        130266680.799981     
   126711548.999967        128938683.399909        139024652.600020     
   127676116.599905        127562766.199976        131006416.799993     
   129155906.200075        127427835.199875        128471664.599892     
   121622978.600072        137053132.199801        133115183.200141     
   133416283.999971        130598540.999947        129953776.399924     
   127276881.400101        137548218.200005        128307509.999875     
   135947916.200201        119996717.600070        125558093.199989     
   123702111.799881        131330610.400101        129801726.599810     
   129269845.600103        131306010.800033        134321197.800183     
   125189639.000021        133005087.000003        122734745.400110     
   128877177.599878        137520230.000005        138274453.999924     
   133388167.799993        129760176.000033        133713259.800094     
   131533670.599941        125283421.199926        126986160.199984     
   125488598.200020        125443339.000112        121247128.400180     
   130836236.599939        127286351.199987        128487977.800019     
   132444149.800047        129311440.999993        135589412.600032     
   137414899.599879        139857087.800059        134519720.999977     
   135963486.000008        136355886.400130        135969219.999907     
   130296247.999965        121793598.400101        127119362.999838     
   126942263.799743        138329113.200224        135535587.199553     
   132322312.599993        126134590.599754        137350978.999837     
   131731194.399739        130885074.599858        133188139.799971     
   132115174.599866        130596826.199718        128936211.799860     
   128074724.599706        126078191.199770        131000349.599947     
   127241196.800070        132023224.000201        135095728.399878     
   128750503.599807        132040994.800195        128715410.599919     
   133539522.999661        125573125.799886        126380331.200087     
   131341643.799891        124835414.600207        124995457.399919     
   130988435.600185        133212995.600180        126796473.399911     
   135295976.400161        125741195.599730        133191615.399850     
   141276497.600469        126810455.199794        135997012.400217     
   137205981.600090        119293212.799997        135971736.800003     
   139351074.599827        129941607.399777        130948340.599538     
   126615017.800353        132289627.399819        139084428.800256     
   133657870.800127        132050419.200087        126954469.400132     
   125677131.200158        129827907.999899        127742100.999794     
   132584266.000088        135644555.400004        132276108.199583     
   128420447.799924        125753599.600137        132721497.399289     
   135884044.999914        127415153.400132        127462716.599800     
   128753302.000063        130672096.599919        122680026.800134     
   118690239.199973        127158424.599992        127160078.800260     
   129098331.799962        119248551.400229        125312975.800026     
   139195611.200064        133770181.200061        138888855.800018     
   136762650.199809        134217434.400276        130242182.399862     
   124969345.800188        133682688.799823        128207639.400038     
   133287491.799808        125402887.199976        123350270.799895     
   128949583.000248        138258242.599612        136336561.400292     
   125186518.400143        127437283.199771        128658726.400027     
   131919430.599918        123855782.799842        125005883.999894     
   138050879.599904        128022653.400068        130236852.399993     
   135087334.199785        134739581.600058        137976588.799715     
   133540245.800190        124985293.599882        136373745.199798     
   131222348.799952        139828066.200201        135813523.799862     
   138718673.600035        132011408.200069        128110078.199916     
   136437922.999848        132324462.999533        127227917.000047     
   128969325.200418        121867685.200087        140137656.199829     
   131924273.200030        126248233.600105        135339213.799900     
   134420039.600073        136881057.599934        124229765.199551     
   119592481.800094        129204631.400221        140892472.199520     
   132264212.799915        144194115.799893        127246010.600120     
   124407504.399910        128535877.799572        133118926.599771     
   131583913.200204        134773060.999871        131816970.200060     
   126216115.000076        125824877.799938        132740452.600035     
   129285548.199852        145388922.000172        132346208.600064     
   125447418.199942        137227141.600158        127994298.000136     
   127311603.199871        125460481.599847        137092008.800049     
   129341245.400022        125471346.399792        126596151.399966     
   131528421.800018        129527693.799872        135584767.399607     
   136974182.800092        130197715.400068        124332713.599979     
   132379735.799745        130613257.200176        130732676.000253     
   129157167.000030        139152845.200007        136774550.399601     
   121229794.000176        129768552.200083        133268698.600169     
   133002728.600090        131361371.599779        132424156.999955     
   126162607.199892        123667723.799703        135229541.200155     
   130815675.799964        126921437.800065        135992220.399646     
   124323093.600206        132255870.999827        131491357.799887     
   139576818.800209        133129857.400208        132212267.000002     
   131583451.800113        135558786.399660        136311372.000178     
   129183351.800216        130578131.799821        134956586.600210     
   124830955.599984        126332662.999798        134705802.000010     
   126300524.800095        136704786.399955        143766399.799888     
   124460750.000444        125208870.400053        130074711.800124     
   131906687.599919        124435798.799954        131283714.800201     
   131769264.200070        131538959.000219        131533495.800106     
   130775970.600044        133746109.400324        131960697.200093     
   128933826.800258        122957185.199990        132387650.799721     
   134671754.799869        129648718.000040        130653562.599686     
   136955748.799785        131122765.800181        129812063.399989     
   134489003.799816        138865522.599982        134872954.999991     
   124519693.399783        124212404.600189        137153713.799596     
   128924879.600123        128229043.799773        125185803.800187     
   131607695.199845        119154085.799902        128951962.399911     
   132187120.800310        123067811.399689        126775659.399937     
   120541462.199841        129356541.600012        129866568.600080     
   131713695.400412        138729027.999945        127384962.599832     
   134063771.599998        118567352.599925        135066939.999945     
   120325760.399844        126470018.799869        129534875.999767     
   129157846.599998        131707635.999931        134396530.799838     
   126030280.200007        123013829.199885        134153656.000292     
   125575467.399997        127949737.000211        128789023.600211     
   133512991.399944        131752257.800220        128512678.799989     
   125673965.999902        128420579.200167        131827272.999569     
   122789154.400041        129110937.600177        135243219.400187     
   137080537.400269        118211798.000072        132306062.000012     
   127187092.000147        130864605.599906        127610925.399903     
   130592187.799827        131453347.199881        125860492.799985     
   134004227.600049        126646428.199805        125319661.599844     
   138336878.199837        134651561.199618        127996764.999858     
   125422781.799899        137504126.200118        130884342.400312     
   133527074.799860        132067970.399830        130300300.999715     
   131683569.399840        132411922.799832        127584459.599688     
   125830217.600104        135688749.800140        130407261.799907     
   122176328.999873        125650114.199878        138948788.399951     
   126401658.599966        131875043.000180        124962817.599914     
   127283706.400019        133298486.799787        128572548.600057     
   134966629.799808        133992429.199800        135039982.799965     
   123950625.799952        121533074.600114        125808718.599983     
   129799178.600019        136033931.199751        131821651.999757     
   122774624.399926        125882842.799984        123204418.999888     
   130300667.199752        130248686.399874        129291305.999895     
   132425795.800322        130599422.600266        131962917.799719     
   131952057.000186        131476927.600090        133918712.599922     
   130080839.600119        133464690.999830        119996875.000023     
   124800289.199829        130534737.799925        140314222.200278     
   131653780.399816        127549925.599793        130559052.399820     
   126917484.200149        131414043.400266        125678540.600055     
   121181908.999704        137072569.599639        130917798.200250     
   137455859.000118        124984217.400233        132027998.400309     
   132155343.999762        120177910.999908        131329908.800348     
   124558811.599922        132873433.799752        137131547.200134     
   133973063.799554        126568030.000267        128628584.600192     
   137564987.599893        133147885.000224        130750881.600174     
   134294561.999698        125082951.000015        131367798.599963     
   132504698.199993        129957784.199737        126119131.600293     
   124007143.800052        136537257.200057        128142918.800058     
   127961563.800085        139675901.600239        124229137.799807     
   127725883.199961        130633991.400012        130188110.600027     
   126610482.599949        129951351.799992        132355754.599811     
   135375718.599775        131584824.200218        141261597.799823     
   132352060.599893        135052020.800061        129785110.599919     
   131902793.600131        143631130.400215        124232113.200050     
   134597917.399666        134191548.399789        130303889.600234     
   133348037.799730        138837227.199818        124381648.999990     
   132441733.799996        129518140.999843        133644118.399988     
   132686672.999654        131359670.400152        135534325.999995     
   134326399.200181        129528718.999924        129490985.799792     
   126832834.599931        130048331.399792        127294943.600049     
   130913367.200160        129178186.199945        134849936.999812     
   130795393.200099        134005860.399910        142199402.199636     
   125026122.600101        123965737.400027        134301246.000194     
   126020300.999984        131261395.600045        126419030.800149     
   127500474.599666        129240250.399938        129462968.000143     
   131088853.399894        126592577.599766        128170343.200319     
   133166416.400100        127048103.400333        133289249.000331     
   134240886.599899        126566267.199989        137597244.800117     
   140974894.800029        126875308.400102        132563091.600320     
   126432026.599608        127566008.199864        131663601.399922     
   130324436.200014        130839632.399618        127582055.400359     
   131721872.400020        135095789.599765        124647662.399946     
   123665322.600207        135353704.799872        128170404.999951     
   132909932.199863        123874570.199661        138472568.999797     
   130643876.000105        122233855.599915        121367829.799957     
   138690473.200152        126210954.399697        130414936.800014     
   129549013.799983        121462333.999789        141316986.400143     
   129162747.799940        133462702.200055        132215093.799856     
   53412910.3925732     
   101097795.995369        99949048.0720478        102217455.264226     
   102701600.855241        102340057.769293        102991068.612077     
   101978283.015854        103673232.241880        99965754.1610831     
   98172828.5047442        98376539.3535325        98994975.3438417     
   101144307.852636        98380278.6185933        101647373.828214     
   98661061.5854526        99656643.7863800        100105942.695494     
   96515169.5832730        100593038.492574        101961635.862254     
   100140866.549283        100703821.438732        101181976.237198     
   100392364.576433        99959643.7533141        100431628.946174     
   98881318.1249188        101851586.799070        99152131.3055128     
   99278229.5393229        99371611.0730297        101073493.205839     
   101420166.945557        100974191.854154        100920588.064185     
   99435447.3213012        101534993.973158        100310275.158587     
   102325528.341034        100954868.949399        101829350.979420     
   101034126.066231        101025236.139152        98285802.3313007     
   99891682.8967204        100635039.452675        101256075.142527     
   101366630.890399        99964655.6289156        100598777.416564     
   100932291.056839        102767433.281517        100161823.104512     
   99193978.2353854        100839837.897325        102566005.857656     
   99455403.7459342        99567390.4520085        101754000.983351     
   100135779.370775        99454644.7523668        99842347.3858314     
   100850053.952463        103294973.869763        99365654.2999519     
   97695148.6693652        98942792.7410945        100418295.832881     
   99985274.0395367        100162568.531052        101983030.894138     
   100274491.810943        101040660.390489        100209197.231312     
   100424812.498705        101719720.366106        98521436.0846503     
   100222408.047134        100418668.813852        100288544.978657     
   102491769.821812        100581272.489999        100724701.726248     
   102035691.299948        101575154.470732        101663671.023553     
   100110726.325147        99966874.5378524        99891383.6023422     
   100960119.133473        100144545.334859        101358745.054193     
   101958957.135384        101632866.756679        98543109.1358652     
   102715272.117758        102267735.955944        102360638.324213     
   98401957.6628253        100907077.939372        99244270.9524896     
   99914196.1277311        97861427.7899937        101093458.295598     
   99727324.6281705        102036675.449949        100356970.701551     
   98605015.5554523        100149433.571290        102390592.855396     
   100383204.902025        101979386.380679        97049827.5069617     
   101788122.103521        99807121.4041550        100188847.435668     
   97774409.5983858        101869507.145293        99639580.7944427     
   100881227.714868        100843319.772797        100882447.853113     
   101852440.198341        100282624.044022        100888777.285954     
   99789433.3113739        99973874.4174376        100995694.314860     
   100366266.778290        101645009.788506        100290687.412312     
   99214167.8350545        100425180.029178        100905529.021960     
   102160916.817201        99674445.7313011        99811187.4508582     
   101288184.864035        100675312.906928        100827593.350709     
   100729203.593060        101256223.468639        99865363.3594331     
   99379099.5248305        99591858.7089105        100883803.411578     
   97461746.0171614        99571829.9341927        102039820.644688     
   99724795.2832022        102030081.429668        99200924.4113149     
   99054409.8634883        99884685.3445608        102023474.094702     
   101721307.566980        100682110.487834        100941842.822730     
   101077322.176319        101562318.604992        101337369.031077     
   100477132.931548        102777799.233524        99677710.1252593     
   100891706.517241        100718474.694384        100973856.931367     
   102985223.511664        98396350.8376318        102761937.496354     
   102574776.909568        100271505.784973        100391502.917156     
   103577385.559296        99324473.9500629        98757633.2843651     
   100489052.241598        101813971.614378        99569228.6282290     
   97686113.8523500        100472323.906560        100498497.767736     
   98476133.8603333        100601354.492348        100333675.923347     
   99923278.9777361        100849712.300205        100680714.714844     
   99562970.0819304        100840272.236275        101924843.124947     
   99082099.9308315        100327004.436965        99917414.0437539     
   102274390.519764        100193490.247623        100672660.840080     
   103667367.820606        97438564.1396021        102705728.327300     
   99384252.6604722        97101576.7767542        101179880.749228     
   100634983.470453        101794203.190503        100725178.274736     
   102090448.903068        100787654.916926        103193481.641981     
   101107706.437945        104652105.115344        99350584.7577564     
   102072584.957139        98888399.1821704        101128796.186833     
   101342278.770283        100884805.255151        102885095.879492     
   101436014.102883        98878098.5419335        100937847.641592     
   99249261.7091140        98792833.4911079        101745194.831705     
   98865863.1196789        101743461.222771        101993862.062282     
   98586542.8633122        100504192.389180        99205035.6619598     
   100977844.846205        99607881.4637941        99238931.6139676     
   101320246.265452        99532109.9586602        97467578.6416914     
   102853097.939257        101157759.381872        100878822.523622     
   100357795.350193        100640334.643604        99546274.0300966     
   101323112.312253        99147202.3058588        102873178.658274     
   100023918.438902        101836641.202301        100934196.677384     
   101372827.342884        99664620.5963690        100548439.004401     
   99529037.1203081        100099755.030395        100975940.964340     
   100219834.291743        98754452.0486155        100530208.297120     
   101267341.925780        99771510.6740765        100212582.441730     
   101899940.724708        101489583.897882        99695408.8201774     
   102757698.151298        100858834.703314        101203471.082671     
   103324487.640585        99906717.7112395        101364706.405291     
   100270087.404348        98003921.8228255        100984068.626618     
   99969652.3955024        100355774.312196        100800729.305684     
   100561060.816224        102749088.778561        97652144.5982159     
   98397912.1095636        98574787.7735648        101308224.784941     
   102669891.149320        100540664.581246        102684882.044847     
   103005779.114542        100331420.528540        98783931.3804869     
   99165654.8323667        100006992.449517        98448070.3826523     
   101440619.679626        102397000.403950        101397191.467455     
   99991699.6659411        101504870.085586        100073156.709483     
   100007812.136229        101304581.479163        99780346.9162529     
   100707429.260269        98847174.4059341        104051406.773384     
   98541038.9037429        99913798.6481379        100579248.943814     
   100950533.284386        98908557.5376038        98853553.3997389     
   102939110.473886        99539745.7817901        97401912.1602254     
   100544181.409811        98759426.8445947        101718441.658464     
   101337533.794269        99434006.7853448        101463648.570049     
   99415355.6145703        101420926.775678        102483732.260047     
   98559207.5532042        100087278.894412        101730556.877068     
   99629756.5404374        100041013.318529        100198752.523537     
   97073210.7296048        101695893.951698        99437963.3330548     
   102809705.898414        98820857.5751833        98525862.3712202     
   101081810.075276        98973588.8197326        100962675.755142     
   98825498.0968394        99137200.8882304        100651626.333621     
   101219674.503039        101179843.615193        101705541.427386     
   99783793.8863036        99866224.2917297        97633152.5738938     
   102695194.390032        100696467.266754        100025979.461430     
   102191760.067599        101283928.466557        99526093.8595358     
   101103847.191671        99724528.1316674        100171295.751714     
   101468971.400638        99188610.1438050        102827132.860198     
   97775635.3754995        97123559.8496298        100920774.600190     
   99006896.6983480        105727550.832497        101528631.004335     
   101546637.270139        100285994.720297        101169263.924085     
   98622867.1264236        98931046.4268022        99931463.4529099     
   98663450.7381331        101141513.790304        100381678.615326     
   101429910.298033        100881004.311004        101697935.675113     
   99373749.4216359        100387637.108581        101313803.406825     
   99669962.1839264        99812754.0955492        100839437.683456     
   98839027.7358580        100559148.371278        100935622.957857     
   103289824.043793        100475998.694187        99266680.0765590     
   99864837.2535570        99279499.2945430        99538078.6473252     
   98892944.3451115        99129062.2882138        101643170.040816     
   100926927.694406        99640638.9879301        99795580.3709653     
   99209032.1342765        99752955.2599982        99663867.6513697     
   100351945.370013        100098454.773221        100306166.370349     
   102218203.634110        100545844.834019        100336254.477937     
   99999471.6600771        101431033.472593        99051847.0116976     
   102088880.691257        99316301.8775875        101990254.877727     
   100443114.306098        99720360.3634762        100866043.809486     
   100698229.691704        102489111.208992        101070140.343863     
   98926629.5616577        99886751.8621401        99078015.2107078     
   101309662.088184        99162109.0273104        96428490.4227433     
   103503372.277441        99050257.3220973        97974280.9849033     
   99446548.0190185        99973582.6717196        99411255.1736904     
   100404478.082797        100838643.916154        100710979.523031     
   100961578.508559        99016824.6105352        100557246.497574     
   101040056.616463        99686241.3214911        100529187.357789     
   100415810.680732        100170909.996175        97820046.7192942     
   99645695.0104625        100048558.871941        101455789.381466     
   100169951.425848        99821532.0005317        104457769.418033     
   99613579.3500766        100667016.740649        100799813.945172     
   99792266.4593535        99818092.6166893        101384898.653852     
   100039961.009165        101220617.260596        102366206.466081     
   100302306.572717        100770314.461017        100262570.139194     
   98307562.9136467        100737778.777610        100295835.352084     
   102956417.586754        98279953.5093717        100274622.497661     
   99636845.9508088        100711850.157990        100517333.168527     
   101283514.184192        101606843.934026        100652777.653411     
   97540972.5899874        100717972.907959        100310995.797484     
   100150121.155084        102136349.491403        102024702.799957     
   101471808.698816        99664960.4851764        100717990.515236     
   98650183.4473140        99368744.9787423        100207437.395778     
   98900222.9835470        99902788.2878494        98041935.3427439     
   101168848.192770        99794654.5299242        100199796.506161     
   100355211.014722        100370452.627053        102478731.511339     
   101170061.949497        102152391.520121        100717658.657542     
   102798914.527247        101725723.577608        102204746.822389     
   102053770.332141        97785271.2733284        100559986.927732     
   99101031.4657828        103003106.456434        103195521.291203     
   101444300.535311        99828236.1172788        102129254.587722     
   100969511.061678        100299136.207583        100542431.514397     
   100371092.029277        100865785.451911        101166172.554351     
   100347039.621255        98829712.6665617        99182489.9919624     
   99792124.4618279        102057714.578651        100766738.940386     
   100819190.634544        100371196.564093        100097553.257745     
   101724437.954498        99042675.4304808        99665570.0702528     
   101655369.211387        99058626.7343913        98515083.1953730     
   100787619.957055        100608319.152546        99454271.5126165     
   101104758.173556        99233154.1978629        101376373.103177     
   102894097.134564        99893810.9097781        100098768.731621     
   102089240.604575        98015985.4332004        101745605.584176     
   101312037.337387        101288589.603762        101561383.963238     
   100756950.790387        101046578.890547        102115274.103982     
   102591785.015855        100419867.924092        100322231.624666     
   99394230.0698283        100028557.732298        100746620.335477     
   99359933.9259731        101615386.207731        101660577.114986     
   100757296.133536        100544853.516973        99764861.3871687     
   101822254.052285        99758982.9473028        100345632.218897     
   100014182.583134        99468661.1798316        99099918.0868596     
   96981678.1985245        99859157.3445485        100908495.967626     
   99829723.4532743        97744617.4335405        99035577.6459917     
   102797120.187729        99956822.6628675        102466678.219780     
   102218891.253605        100451598.477984        98997338.6294090     
   98921468.9020715        101631671.981820        100279691.507726     
   102026884.334998        100088147.727700        99971805.5567244     
   99370020.1002933        102196162.286744        102506227.480017     
   99270469.9077093        99301508.8741110        99630028.3475858     
   100963965.100128        99238322.9392004        98854817.0047629     
   102405626.108028        99972285.0198390        101201291.585028     
   101111150.575065        100658449.234020        101824216.153833     
   100877207.294330        100196928.279821        102421681.852307     
   101298025.567447        102567523.913784        101877386.466713     
   102361816.829522        100324488.277195        100641987.046410     
   101681500.505790        100993628.567090        99211871.5956686     
   100037397.953107        97833855.8873312        102149740.806279     
   100389486.670764        100497618.965400        101380698.441093     
   101749577.301973        103042860.278043        99510034.1707777     
   98631431.9082416        98929581.9334269        101350422.842626     
   100987031.805693        103221586.026919        99751296.0508495     
   99122721.3074176        100030179.722604        100577992.732052     
   100345088.621664        101079370.012582        101843615.953891     
   100584278.812923        98396917.0152596        100887983.123367     
   100424517.173247        103934551.334558        101070001.946944     
   100265172.040192        101704267.746163        99895097.2725130     
   99806102.2796711        99573255.2398402        102997151.507767     
   100507535.311963        100088105.312869        99947998.8870609     
   102221042.846388        100773826.943478        100810125.547595     
   101686129.939454        100795936.929037        98396466.8942568     
   100755293.246851        100568356.592768        99549402.6362595     
   100332051.825106        104733145.869255        103307816.714643     
   97327515.6763569        98607747.4983183        100654543.948660     
   101614744.461968        101072412.850620        100542540.826314     
   100820282.657964        98059915.5547326        99722008.3013980     
   100937321.403938        99412955.8971114        100990904.861652     
   98758589.9151079        102202535.570803        100402612.502734     
   101783252.353461        100425625.461346        101256480.267665     
   101170336.702916        102694966.250631        104153755.860031     
   98611034.7883626        101697079.784484        100622422.194353     
   99468474.9898764        99567327.4184758        102003067.929674     
   99291944.9244824        102297213.130691        103468831.643295     
   99380773.0295350        99151964.2732860        100985967.696905     
   100983863.423433        98388777.6538618        100250810.090886     
   102499285.253315        100370187.435816        100435597.810671     
   100888610.012387        100772818.593346        100749592.254007     
   100230176.144755        98781974.1901112        101443676.552170     
   101074316.658656        100916423.438749        100721382.087743     
   102975836.297106        100572900.997532        100311793.079374     
   100637095.919214        102023791.367678        100076654.734367     
   98619775.1581959        97596100.1251971        102468065.721083     
   99532629.3842157        100100526.413674        99915078.7136580     
   101803349.606029        97784485.7942157        99936751.8260991     
   101663414.906945        98612494.2144706        100883144.013079     
   99196360.5838831        100790995.622098        100899893.117250     
   100947539.600702        102838756.939561        100743251.526889     
   100805688.018662        97433179.6840585        100388045.238131     
   97744682.3729573        99843982.2142519        99138249.8322540     
   97522562.7908318        100491971.544744        100634168.101310     
   99985868.7535411        100306330.593673        100192429.130931     
   100301916.286020        99972193.4142229        100347153.442210     
   102114102.364179        101782978.008839        99642580.8699217     
   100088635.667885        100526663.194454        102397478.553257     
   98151541.3779195        101473059.411808        101840600.759789     
   101612345.194720        98595190.7246247        99903631.6401708     
   101116737.367997        100448760.815257        100208575.007568     
   100285547.437724        100751515.294055        99862207.6781057     
   102255627.937509        100213605.425188        99252491.6061844     
   101948421.333342        100908603.254125        100756481.588549     
   100374529.569070        102751388.286255        99767516.8840759     
   101617208.886503        101161996.683228        101456473.459914     
   99906579.2643338        100405552.612931        98957850.4147020     
   98582460.7211783        100988353.080222        99448027.1981432     
   100149704.932330        98779649.4891697        101973420.248696     
   99939029.2981347        101335480.446941        99981242.8369907     
   98927185.7202471        100703186.519294        100905475.840481     
   101447387.619117        100543444.542131        100774868.828222     
   98593638.6981004        98130958.2655409        98689390.1507079     
   101266316.340602        102970099.738557        100997025.915389     
   99213937.8121808        99901213.5698548        99147010.0790605     
   101273053.116815        100888968.954471        99602675.8531633     
   100561820.018398        101545895.661385        100628353.740684     
   101449122.956443        100650561.150335        100755983.492685     
   101064316.348509        103067141.089729        97286345.8809873     
   99907062.3332045        101472865.484034        102851089.767988     
   99234482.6713841        99623787.3715748        99612076.7001693     
   101841198.848327        101220283.032370        99834975.5026027     
   98628814.3212743        102002706.637142        100415156.804522     
   102423179.717761        99316672.9391743        100157684.184573     
   100842019.513817        98363051.6715520        100099906.368185     
   98498349.6245379        102490548.946619        102203539.066603     
   101041875.616725        99604444.1214598        98962359.1048387     
   102668577.021039        102623864.726672        99733802.7565243     
   100977289.318096        98738469.3309102        99376390.0712789     
   101240930.033040        100255563.928668        99432897.3409325     
   98718674.9908564        103189812.305797        99326834.8098623     
   101297587.506104        102543427.902543        98820025.4011424     
   99542801.6191134        100716616.594608        101044860.174264     
   98840863.4577779        100039011.630803        101059456.352619     
   101710088.603841        100695497.921306        101756765.148528     
   101822079.918200        101111950.917618        101648649.394284     
   99692038.7749214        102860261.613105        98587910.2578463     
   100062083.336560        100979300.476664        100912725.046070     
   101083491.857239        101747636.371432        97791099.9126124     
   100893090.822194        99045993.7001368        101750068.900127     
   100417037.417018        101196682.780945        101728256.437617     
   100324006.589876        98997431.0541772        101437377.938471     
   99587503.0866113        100248758.833850        98863479.4009315     
   101313070.617604        100848785.489909        102228078.833600     
   100797815.612722        101763656.827856        101026343.621346     
   98488989.6837135        99843697.0878964        101005266.193847     
   99843779.9286046        101973426.536703        100821521.076662     
   99769958.8722089        100560550.960610        101294393.379312     
   100199577.466079        99049235.8390018        99641549.6375272     
   100746533.056657        100585291.424234        101368111.901480     
   101327709.912588        100399857.357926        101996709.982306     
   101450837.052371        99323021.4233104        100120061.376040     
   99794866.6872886        100103704.512867        101016804.423512     
   99857765.5579217        100629424.921593        99432361.5555017     
   100251170.116024        101953232.086151        98692236.1460849     
   99255185.0719831        101529184.029510        101188062.481093     
   101008611.176976        99196680.0355511        102421999.188076     
   100654616.224398        98133754.7051367        98490441.4085923     
   100941674.689587        98860738.4826408        100161117.992186     
   100892444.675200        98970504.6628427        103192473.352897     
   100097117.649373        100588545.995983        103288737.909770     
   161412.584366451     
   299623.298156819        297453.492303232        302334.643821952     
   303401.383997670        305504.958110977        302707.782655903     
   297578.064699612        310484.059513615        297540.404841369     
   284878.933422753        287943.678069012        285059.689456912     
   299597.187541680        287136.327413317        296763.252763286     
   285854.873920590        296299.003676885        285507.827044059     
   275200.461792921        296761.816600310        300023.654181222     
   295043.420899830        290749.945984201        299935.886082968     
   296740.702478262        291234.229273300        290207.953303158     
   286616.496116076        299204.449883058        289198.318258027     
   288835.221607242        289322.926049530        295312.162334649     
   300976.238302691        295615.063494724        300087.418493868     
   285081.842097145        300316.692284687        293370.874944605     
   299695.716794146        295783.328781384        292773.334665350     
   291116.714767693        294252.118757140        280820.317443456     
   295131.948197802        299100.698584515        298644.632114881     
   296831.715456211        287047.255855732        292466.121519600     
   296661.495364126        304772.717935932        289842.332831452     
   288624.996433138        294133.713216081        305330.258057328     
   290597.117241840        286555.814858903        295125.089621446     
   291469.892251836        290071.274158705        292486.007383063     
   292348.031815573        305505.458567152        285407.280405453     
   285280.883688450        285246.557943908        297728.048234681     
   289739.402081176        294480.607608175        300224.206447102     
   293202.705990077        301779.071348340        293493.691200919     
   293249.428975800        296520.620819550        282964.627442263     
   290228.707981165        292857.043520014        295898.065413712     
   307463.977639864        291356.840394445        291796.376232469     
   299466.011820281        294530.006588306        291870.751968156     
   295558.774755975        289261.612341702        290533.820326352     
   297858.525091481        290291.429818384        295772.225415822     
   308085.555076570        302297.740706408        284418.907207086     
   308912.608728254        305962.400078638        301851.586737121     
   284806.839520594        296351.405982151        288497.061688289     
   290641.520194488        277595.651906738        299372.445824434     
   289419.219125532        301394.257861865        289747.636218055     
   284699.309449610        291328.395545507        302837.083274644     
   292481.625696637        303239.368171441        280983.239777749     
   295763.688382310        286352.672308975        293114.816082273     
   283703.912691508        298872.010815774        295422.017581215     
   295973.678149955        292680.427011452        295741.986503349     
   295679.332563830        294992.089136060        296051.734185747     
   288749.449057546        287516.704995020        298649.107492734     
   291242.765435276        302135.935754212        300813.750340482     
   287709.198128299        291026.978795719        302955.404300318     
   309831.187950477        290640.058608838        290851.722384920     
   292855.893189667        293751.844290973        291955.021254688     
   301961.254756766        294752.613929674        293131.945950286     
   290646.791986299        286994.544827556        304168.833230977     
   277953.325624142        292178.953438950        304050.308613297     
   289895.868162641        301367.024756134        290363.699639603     
   289257.910755131        289384.504178058        299349.441028786     
   297219.998814287        295960.541946108        293417.346852089     
   299154.796597235        304602.696499282        303660.993965753     
   291702.273266663        302368.948914113        283748.791710436     
   295286.252293915        295814.013808085        297174.750225988     
   308035.357513740        283414.974498325        307884.562903770     
   299902.972360679        291893.990446064        297024.679144886     
   309162.947766865        292835.741945903        292352.217919631     
   290308.669401275        304799.676078424        287919.715365109     
   283560.601975812        293824.970369532        291972.085748992     
   287392.454359708        296430.612370879        290354.990925850     
   292894.034783868        297213.296946020        298256.293796127     
   289453.788306945        294761.968912768        300662.745648352     
   289042.309435019        297050.285568109        287981.016550919     
   299164.072488173        291171.967066484        299645.696748207     
   305898.358237615        289101.581055567        303670.689699181     
   288497.833642006        273980.515262361        296266.962170884     
   293973.415859169        296085.818504053        292366.726783143     
   302530.139875418        297782.539325485        304906.044308227     
   293094.668632558        309447.828312959        282571.510831561     
   297535.054176308        284059.067279745        294601.040659439     
   306677.858247533        293088.325682532        303620.430653648     
   302583.271803366        285942.869107740        291532.160928828     
   290824.891059669        286078.344163170        301170.229129032     
   286133.311735551        298625.670729717        303405.326244057     
   289047.323656740        291577.880808807        290055.837229760     
   292297.941239105        287235.788442972        292864.865223972     
   297363.031570832        291958.060639564        276703.084995636     
   300454.173583239        297660.837282196        305235.049369892     
   295209.465390500        296741.007558545        294077.038641459     
   298747.176404739        288658.951552231        302798.639859197     
   288919.769348778        297706.363102445        291718.297309310     
   303800.968067785        286245.004413038        294155.233473829     
   293531.609447397        293924.529346669        296375.511154269     
   293922.157434806        296514.453025632        297813.067965576     
   292565.499118261        290785.274754918        291208.515592314     
   302929.371890604        295993.839280893        283706.832533902     
   301269.033958436        298415.553553171        301924.679389428     
   299677.100034638        294899.413004787        291052.354353645     
   294979.826834421        285233.159780999        301910.032114053     
   295643.388870817        286994.145133782        297452.658579834     
   297722.458220412        307514.132059634        279448.733471991     
   285893.259284616        288183.069451435        292584.032169234     
   297671.395610068        288891.857018345        301301.320284553     
   307171.779879506        291745.823426706        284060.909032283     
   291864.571704721        290528.629964556        282078.175284984     
   298923.673493162        298320.314830540        295616.091013678     
   288314.452221718        308575.765593865        292792.634193421     
   293549.415275344        303100.341615986        291857.075028115     
   295108.032263688        288571.514359654        310047.173247605     
   285880.844279971        291328.665266488        288380.399010357     
   297436.215331970        289145.897626720        286186.979216908     
   310294.065187520        292549.975029801        279428.353344974     
   295311.906621191        285005.194625991        300670.672522584     
   299926.897968003        286004.939737939        298143.633810293     
   288903.342252836        297158.450575350        303701.557529070     
   290508.620273654        290399.508946120        298100.517984766     
   284888.054268448        292650.667402513        296348.864787980     
   283298.398865479        301532.491162981        288305.163150221     
   305657.413324446        281130.717578620        282965.071313302     
   297862.564893063        290230.927258821        303804.862826029     
   283080.178329962        289592.402900624        290868.981703304     
   296908.899823683        293702.618873734        299084.591475283     
   290780.948699193        292141.767350078        273129.694347597     
   298449.559253806        292147.910555594        293150.306906135     
   303493.311878428        291271.750955410        293595.994886297     
   304021.234228715        286664.915251184        290533.513895817     
   300726.946274274        288810.059191955        308726.059732188     
   283282.846166704        279481.996048076        296707.064520518     
   292190.931270494        316560.545114920        298086.197178898     
   296522.267382420        289126.188643928        297589.451645029     
   282273.301054428        289586.458621327        300000.362942955     
   288265.035320503        296190.476912408        298045.941863836     
   296871.553544110        295701.839276740        298806.645933576     
   290978.684334092        296818.684049378        293788.479070848     
   291428.948028127        288156.304514926        298243.324493105     
   290749.861056518        295006.069629424        294517.342963483     
   305747.330007237        295017.944145948        288311.992538585     
   292017.659521039        293492.799670657        286292.295521438     
   287872.373779483        285139.643874606        300816.517592991     
   290735.734482921        285864.613008305        293427.720807392     
   289451.829692492        292618.945711396        288920.691543086     
   291029.334285695        295742.690181237        291001.931099701     
   301974.445996035        295999.602188299        293545.285933317     
   290577.611874335        294300.731557027        285477.922886985     
   302134.336111134        293235.669823127        300376.776247536     
   294063.158336338        289701.477241874        302528.538861206     
   297784.404741969        299037.891454851        297109.540887140     
   291756.857281508        295105.528156077        288302.258806112     
   295189.840204060        288949.608258431        271088.254657963     
   304916.004841957        286860.508823227        282211.549186279     
   284948.626970225        295814.827616762        287511.479614707     
   301398.108934634        295721.484031498        293157.984447293     
   299494.068394262        285945.279782799        295306.430995864     
   300237.363363048        285509.013403502        292902.529164616     
   291427.304923381        291930.335636754        280086.720165732     
   288399.275135792        291243.588232736        294800.779534567     
   290381.220739946        292066.911249437        308569.491891901     
   290687.018797297        290879.418821798        294270.724133211     
   291811.271146179        290664.235134796        293224.620178758     
   284295.852861286        302234.035715277        298351.000319037     
   297269.014332903        295798.120847517        294193.612129940     
   286647.891952250        300074.887662931        292715.053876853     
   302533.510142749        279937.812726439        289291.755165413     
   286115.758589806        295121.407858348        294106.393514111     
   296361.927031929        296805.639461063        296787.903353069     
   283838.393804790        297381.197294704        285937.883117884     
   291892.483273122        305353.415648575        304956.853267340     
   299549.441227381        293633.399379070        297483.105783673     
   292384.949497960        286116.948435382        289812.045431704     
   285554.211446293        287357.072043160        280830.228642915     
   296196.160254326        289659.309083179        292911.077016524     
   296480.760993212        292407.678184944        301342.155340243     
   300826.235697821        307352.866418230        298529.267664071     
   303694.544890743        302188.223168941        303593.576163766     
   295921.178960947        280492.442245185        292014.745089473     
   288012.115679878        306388.234078801        302458.244335481     
   297720.649173197        289300.519275067        302895.246269181     
   295798.312948743        294133.958737528        297784.117290015     
   294389.846338217        296135.712321970        294439.807141260     
   290729.333683372        288542.590830270        292903.551247428     
   290790.020529931        296858.496885195        300816.649743790     
   293312.546980918        296365.117651867        292943.912423577     
   298185.412761381        288598.646393095        288801.885018707     
   296306.488001109        287409.606499467        286831.021775737     
   295248.008991523        297515.109759234        288341.254176464     
   301515.046002892        286931.846534941        298804.950335029     
   308749.569927527        291375.460587689        299927.691586135     
   304397.158919123        278003.067789093        301442.911477424     
   303515.279300164        294601.756169866        296202.795760787     
   290653.343358816        297655.851057562        306289.739444156     
   298086.384642085        294643.652533635        290488.622058016     
   289634.585480821        292990.027315132        292094.710884015     
   294873.089124590        298179.588025463        298788.725786251     
   292949.218525434        290382.744407155        295227.457295952     
   300341.965671974        289905.803474339        291310.385216244     
   291364.187998392        292110.315736017        285392.155708565     
   276445.672838828        289344.426460590        291878.348102526     
   290351.127147540        278454.283908905        287229.696206177     
   306026.747182556        296364.614161132        304306.841163222     
   301823.793273889        296818.698483637        294434.699321805     
   286626.366727685        298474.708729424        293865.906505378     
   300413.630064712        288126.112930445        287299.895595371     
   291736.785675989        306060.636666090        302151.618496492     
   287247.616971473        289507.578928515        291634.412761964     
   297668.176702033        286015.928996006        287739.009286172     
   304264.609549025        291113.983552276        293780.303977401     
   299522.736413880        299567.500064715        304459.285386348     
   297351.701679445        286766.296031850        302463.862689636     
   296434.453582256        306376.586974388        301515.780965997     
   306558.737836688        296840.556230642        291434.481930025     
   302843.839307862        296609.669174757        290339.600543624     
   292011.441158695        283376.970428297        306688.478015921     
   296254.717102333        290867.268517126        300975.220343463     
   300274.880045779        303918.474955679        285977.837640301     
   282188.102119420        290724.661230202        304749.037485649     
   296835.496586914        313757.119222691        289977.813641505     
   286563.718809595        290218.554953778        297871.919595712     
   296464.977771981        300539.939202198        296799.779763188     
   291233.221049869        286505.848383622        296124.390988679     
   292185.551723738        316970.443901729        297991.758024988     
   289288.578886379        303278.139616200        289462.103419830     
   288404.429581372        289472.328863873        306180.431536240     
   291878.358397900        287318.733178167        289898.513601961     
   298659.087641710        293012.851584892        301854.015699114     
   303171.912794326        295077.626616328        284477.732196900     
   295993.090158668        294540.097698056        294188.933336658     
   294775.747139762        311983.151641680        303710.513376428     
   280430.527684147        292192.350930283        297676.894261673     
   298401.046210551        296838.092720834        296394.634315590     
   289556.433395931        284662.363363263        297995.592832718     
   295244.800918070        289359.444077143        300044.625902234     
   286735.903781363        298874.111622509        295503.981653854     
   306309.856215853        295035.151351813        295204.821578264     
   295482.688165864        301716.854809003        303974.611464365     
   288842.668020278        294761.385824630        298029.170367208     
   286555.380063705        289403.627086533        301222.353093490     
   287236.522228251        304171.080039095        311752.393173285     
   286416.163145860        286449.396603039        293595.796277394     
   296710.520271843        287028.531718448        296693.371958015     
   298131.198942267        297385.828188392        294689.881010603     
   296510.858721564        299306.811880485        295466.100981603     
   292130.013910848        284644.213519345        297752.275701386     
   297839.919338037        294272.421259807        296054.103104061     
   304841.216089179        295743.178690142        294717.929643029     
   297255.572085586        303987.703526954        297325.132544257     
   286969.974090577        282327.932071054        303721.673044725     
   292322.528196621        292220.396082283        287758.514116220     
   298192.094957019        278289.605674870        291170.976499570     
   296632.166387421        284847.277052808        291377.346906834     
   282511.272462883        292354.714433148        295555.800664640     
   295648.444617774        308567.665421324        291034.503763282     
   299244.809908212        279129.136688744        296902.131448714     
   280239.002832362        289618.780690275        291562.420159655     
   287832.809900134        294059.785932126        297801.155343434     
   288767.292910184        286384.947436183        297325.870451227     
   288612.866272521        291589.355917046        293508.859990276     
   298242.438063776        297231.511611380        291869.952717808     
   289072.001237278        292468.167700604        298133.835842341     
   285338.461971193        293666.776461568        302019.022747103     
   303567.076488460        279769.485365527        293489.675394398     
   291883.810435819        296674.323419843        293129.306330788     
   293246.653167755        296367.284933191        288736.093550412     
   300008.415092122        291464.828002567        288517.591240454     
   304122.087195401        299110.704471569        291887.863489316     
   289516.148862094        302689.905682972        293071.120121843     
   299405.819846683        296634.098536920        295494.082813623     
   295987.625225533        296160.141892342        289348.502783006     
   286590.109564151        302563.300686041        292120.008747390     
   285967.269630770        286598.516266688        305397.761779925     
   290716.635951981        296079.405902697        286057.465415281     
   288271.319585413        299075.853518242        292460.387055484     
   300665.856331103        298639.328142976        299442.159309092     
   285826.153835825        283006.618418675        286365.373341062     
   294124.718192652        302279.511698798        298029.425842055     
   285953.460821425        288989.787704803        284095.815475259     
   296250.002805018        294437.628210124        290067.301438496     
   296846.566146660        296117.836895411        294732.026726299     
   297814.961936483        295020.362427146        299087.427889713     
   295324.796262751        302771.207896248        278047.951415024     
   289270.333118030        295321.204392261        307144.688021497     
   294456.382407557        289678.679044288        294052.636112455     
   292116.154226096        295792.364712528        287746.734499365     
   280493.298542289        302393.765546831        294965.035213625     
   304842.919081779        287286.489779315        294195.316705531     
   296565.135063869        280839.376747407        293608.436822792     
   284908.375287475        300264.773360437        303489.989989100     
   298983.540042283        288613.675749152        289432.285550728     
   303953.621886150        300990.905988597        294769.054712365     
   298770.188246898        286191.274539389        293526.891050501     
   298270.542122395        294525.847032780        289951.079584845     
   285529.095922124        304173.387226420        291407.259820501     
   291370.511690798        305579.436460358        286907.476156135     
   290296.970602096        293973.969565581        293450.261773189     
   287620.737601651        293034.263411959        296123.929272970     
   300210.042510731        295406.926971770        308324.211020865     
   296449.310915202        298138.537368965        294699.627834109     
   294206.363006352        311326.901130576        284250.910360859     
   300676.288161166        299308.774612341        294995.223384990     
   297674.588398560        303877.186197281        284340.306738171     
   294713.852692474        291682.146634051        297834.923805465     
   296434.394664659        296741.652778024        302530.464359525     
   299235.469000456        291372.679673338        293615.482686082     
   289254.768743566        294150.521975554        290141.491556704     
   296635.903064349        293734.741570989        302032.382076877     
   295824.709357364        299252.116594467        308636.129163893     
   287437.417693897        286273.842847400        297882.693494252     
   289274.901300632        298720.230255830        290874.580562243     
   290042.639186904        293483.011861568        293629.067250653     
   294614.106638743        288404.565803109        291549.442421474     
   298204.523675483        291876.961458666        298225.070636450     
   299667.993218600        289239.981267031        304556.881793927     
   305305.803033621        288123.701170452        295854.874678396     
   288789.610562075        290491.905817795        296708.777642486     
   292207.162653339        295716.957590214        292598.332279437     
   296174.377077028        302724.283634585        285487.545148646     
   287912.112870051        301504.183405629        290793.602516897     
   296834.236292682        286865.073360854        306242.884033580     
   294377.531915402        284179.342846808        282422.155070722     
   303110.013449685        286397.277755281        294010.200598064     
   293966.666164290        283727.790576947        309124.153032517     
   293262.191520032        298099.518642514        300699.544835719     
   6497834.00000000     
   192934.509756460        194572.370401292        193578.643161541     
   196478.559256047        184943.657604223        196582.631589239     
   204196.266136082        185267.991596880        187859.139946279     
   183072.793872850        177083.356760238        159757.469067726     
   188791.583449256        171796.511969010        187988.338314200     
   160651.272000135        177547.326089087        181182.810567121     
   169724.268272908        177486.845196026        197834.205468213     
   197456.408031248        180045.567579897        186324.816405498     
   184689.111544711        173363.276342795        175779.241220479     
   183474.721223639        188124.122974063        185455.678616054     
   175523.015136159        174666.960725745        191846.790332360     
   175348.307423681        179721.664744050        189086.123019667     
   168558.316189200        191716.239024109        183486.050240481     
   182141.643840300        182173.296697067        184068.052462646     
   193267.243873153        180125.569469170        158761.511706549     
   174873.767319275        184970.998892901        186954.141804313     
   172354.131530255        177898.421538850        189925.362314531     
   183110.022033180        188495.244914228        175303.972609741     
   167334.306611047        179821.960738295        204046.966940379     
   161006.411403417        175788.280645990        194248.408095540     
   180852.410644187        175799.104168642        187345.587584402     
   177993.216566912        193215.549658509        177378.476162220     
   157412.659930993        169454.958809559        176049.502202304     
   176305.772889052        169680.587627920        195667.820913001     
   189467.057494104        178115.888112794        174908.244996514     
   181190.943076586        192772.216386585        187379.901719404     
   181420.184691657        182072.301931441        172760.712401086     
   183714.087589982        187165.200496027        176262.419328539     
   182250.191283820        190455.685189528        197734.489305538     
   172322.850360393        190295.755748364        184801.509664559     
   182999.883769710        209746.696412335        179681.240076343     
   182058.742793174        200443.313728826        194700.661853166     
   180186.124699612        191740.086455886        203315.070823464     
   174916.764060360        178343.836257438        175857.905036896     
   178425.845255993        176257.646868689        193477.410516297     
   177638.508320440        193349.832703279        178759.188939209     
   172878.403342451        170921.100104623        199518.735120743     
   186046.363444303        185450.103312491        189145.295574825     
   198589.458390191        175311.436082778        195674.213927754     
   182467.895737382        182458.380552633        178749.673754460     
   183308.755587149        180543.137404891        173270.993918205     
   192610.800197803        173823.424730268        179889.875369441     
   173675.329800135        176185.450404405        190991.836115184     
   176389.357840082        171642.707928027        181076.299967836     
   171773.630923184        187211.259937203        195561.235976335     
   178903.596735252        178127.083322350        188785.443181597     
   196744.939826591        181587.845220430        185568.983651949     
   188041.474674032        194425.791953729        180031.577284821     
   188217.862411318        181936.993030815        177987.314178872     
   147404.707551771        195827.423269689        181023.029800718     
   170278.170965111        188981.812806855        172456.895525545     
   180554.897578542        188704.712785992        190996.236888130     
   202630.795232723        188340.727234389        178045.475745651     
   163216.655013332        167760.601755279        166031.231794619     
   188209.492022234        194117.068811051        172623.366656224     
   196397.442306061        176422.720456608        172989.240377301     
   198573.208238737        172086.918381045        177511.421134135     
   196039.953841545        183729.074005962        193997.341025451     
   182873.316945072        182637.697182724        180119.830623368     
   160849.381120106        196882.478848643        190220.793933513     
   164443.638086719        186952.060357649        195175.722319238     
   157568.173731735        172993.522210438        169304.589155572     
   187719.564079992        181067.528156896        177400.777376476     
   198903.831173813        187428.265619386        190794.291959308     
   191630.572626415        186413.084611521        203260.670728157     
   196531.874025594        170736.683930205        186025.801724759     
   178195.890002067        181248.227462270        178925.303250461     
   180855.116524850        174525.660232222        189143.898032065     
   189780.389554394        178145.162173373        175095.411654023     
   191021.154778192        178018.699421068        200427.554204085     
   190972.002901973        197695.536517972        190685.164684218     
   194675.476348534        180450.468425921        183557.354656194     
   176711.194096742        188481.879053151        178717.901957884     
   177907.252819695        171098.037938526        190251.807488804     
   172681.632295336        175697.574173875        177675.468866199     
   169369.887110912        186645.180782017        174931.691006435     
   168298.417838266        180253.667643854        179125.196467571     
   188796.816800868        172225.364319144        182049.391150663     
   208182.548714356        180469.573132800        173948.980566526     
   195089.178740450        183626.458685434        180103.625074343     
   188041.430071604        186263.220451724        166888.416133221     
   175412.014559071        177167.566145267        206470.097941577     
   180186.288241850        178191.072939787        188740.008174421     
   199523.284568451        182452.924188879        180849.689896048     
   180372.994007597        185176.006521814        183847.002826945     
   190548.859662688        171802.235947335        174226.630684008     
   189965.117945811        188727.906048818        192011.477365900     
   193372.728616582        176816.574767837        165875.123294830     
   181393.631379217        178606.931115749        186184.512032878     
   190377.601204681        181560.355256991        190158.989835072     
   182257.833166571        184187.304489009        199623.907647172     
   180627.911754014        200347.924001717        178414.516239152     
   173034.065817955        197497.977494620        167338.112684946     
   180816.015062522        169388.976950314        178463.489705657     
   187690.423826698        186723.353971720        176647.561298733     
   193125.333813107        183530.117439850        171280.803823088     
   187345.037487784        169430.650486020        168439.302042456     
   202598.339532244        188347.402731190        179225.477594340     
   171152.824588214        192027.995131925        194730.025118603     
   181347.497600660        193004.743713889        175845.133874866     
   168684.853278886        182463.108410055        187888.042319954     
   187447.370326265        178941.776414057        181511.619670105     
   185372.509954357        183680.650636075        193188.803068878     
   194838.646899503        179549.127683093        184835.303437894     
   176817.095129503        161281.563784902        198261.868420253     
   194450.858518552        175326.258956520        188996.962765073     
   153834.593645929        181421.983656273        188563.947521611     
   190788.121956697        185903.263986163        211083.356857431     
   176800.517893573        179402.816850100        178831.415138445     
   171791.159677588        194438.325236140        191494.728496646     
   210195.545517918        183949.068050855        175966.065926036     
   170388.651180533        174291.928639348        188795.344920727     
   169918.021222361        180962.370497943        191129.687354235     
   180592.081136444        176445.958321863        208116.760132302     
   175611.298209658        174429.482528876        153676.329362096     
   186951.287248888        194239.160525362        171389.440471465     
   189187.459737244        185458.741316146        177373.495557703     
   174188.599679964        168014.984272554        177700.951720355     
   180532.209809906        177592.761096263        192012.458619327     
   164162.211630290        161974.269234631        186777.218837886     
   174334.360416338        185350.134402721        200382.817968289     
   171927.613373880        189169.261946411        190996.013875988     
   175725.302016933        172198.379849895        187772.209813111     
   162373.802921757        185490.869932150        172408.174806135     
   175263.027580368        182085.236635709        190918.926012044     
   182668.472858397        185276.480925773        196597.484197933     
   199334.066199231        170671.162962723        190110.165043329     
   160568.147940867        161644.151793745        187653.284871224     
   195745.949500276        174046.808559727        193683.176386495     
   180716.373237228        176299.588018965        166038.665532704     
   164777.888685981        180430.382465615        180752.545806751     
   182635.586001108        166408.969761679        182946.345988021     
   179717.457248294        164756.583592629        176925.612838071     
   181395.861500642        190554.078146824        167247.123730784     
   185439.502801981        179473.496831814        162604.293404827     
   177606.766258816        180614.545892937        169144.005545455     
   185958.526395088        166008.380483745        180981.133252870     
   182863.088121467        190353.441555905        187345.542981974     
   185219.047865327        187708.681087435        199462.283313724     
   184309.604347986        178271.119431489        184666.661655693     
   173359.886558228        175535.593020999        171442.606566250     
   195136.353242339        182928.757763711        160542.947568758     
   151866.110066021        172469.726157480        179289.348271968     
   193269.340187293        186908.245905375        189812.547905351     
   196305.174748948        183338.193189967        192974.949291644     
   188867.972541819        187146.021451768        194056.558183038     
   167040.168462492        164646.014172350        170205.900163447     
   194660.147980602        181642.111508452        184738.040408787     
   167037.953208543        179850.907714399        199241.694569785     
   181413.509194856        191489.361337749        185671.197550620     
   185445.107840497        181344.241623379        175747.276146713     
   177702.051913592        189122.236119285        191557.811198037     
   163212.848939432        180902.870858309        168062.114172014     
   174096.228050518        178557.407552625        185230.718834121     
   191317.597385553        161535.470542939        193565.976071844     
   175986.493838294        190443.538461497        183864.115292017     
   186498.067105311        187334.392374846        195634.651573665     
   185566.233168857        204096.787853026        195941.456811916     
   175157.409029653        188556.632723335        176303.304888008     
   196370.993065954        162334.136495335        184084.867578195     
   155753.955084570        189829.972587422        190969.326756262     
   181415.486569187        188741.584126895        166419.971694045     
   174672.372487071        164297.669205679        182318.537071775     
   195720.347706311        178381.109020197        191832.279675618     
   191912.950601319        199559.695017593        179027.621221465     
   215298.449893967        180004.131923811        199090.076047799     
   190804.223433390        174490.141831651        171763.729184054     
   187074.791373435        203485.541305234        174379.661616229     
   182238.401375217        168757.466032502        196144.397861642     
   183602.745060942        182968.974286752        166034.681049091     
   179031.694909936        179313.017294031        187231.033680510     
   196145.052030593        183280.239767855        192027.103083355     
   188268.887589534        194885.657859154        193682.314072877     
   185045.812032990        188276.187520334        184401.411013338     
   189040.093313443        174551.291761140        172638.665289204     
   186034.172113843        179864.570924999        179778.458503021     
   194847.626855110        208587.271150665        183096.685907055     
   188488.227465476        181002.393743793        180435.541479846     
   180017.750531983        156159.034340308        171391.150231225     
   191764.246104663        185224.846181033        184759.791526424     
   194175.170907925        181003.256057411        180092.935358976     
   188738.759306422        176089.465978250        200517.160482964     
   200010.343087792        194871.786503887        183063.144880815     
   184750.499353818        163896.098674317        169235.262114189     
   194790.000517474        176479.811565102        202378.122475208     
   174418.138644558        179802.365404703        177240.149163931     
   181435.319782398        173004.107853471        178184.129828416     
   174293.593796679        181664.026168327        184512.783277330     
   157609.252568394        175761.727333550        194343.768087697     
   183745.086277797        186793.602796625        194392.265794964     
   203390.538132505        193718.219027829        190650.910019121     
   203494.848345316        198425.618802793        193250.161143033     
   168897.517658027        167193.318334523        182520.972627310     
   192530.932115816        164602.184852600        185267.263090547     
   180868.259373784        203194.837543675        175950.559148390     
   178070.884262426        177301.269358467        172955.238459299     
   187947.378417350        173636.614892187        171095.807817101     
   195320.159850233        197259.562646752        180591.635112159     
   204342.889186074        177689.429426323        189069.144361880     
   191030.714565369        181542.781900158        203832.191379622     
   201195.801300236        186880.874881745        195332.410650597     
   187890.763068093        175196.897046362        171955.579096556     
   191135.455934989        197406.720925886        190153.563206270     
   187468.333467665        191218.059632592        180132.081423733     
   170909.696750400        177900.250238419        181107.700077508     
   168494.609053810        200198.550468633        180303.087134644     
   177857.625184238        190620.268150734        181593.286716708     
   176403.154857968        187860.329344373        182880.854755490     
   172298.155482474        184825.803120621        180686.296332935     
   179781.060311351        193284.623952796        193563.255323705     
   172377.711347462        173136.814945768        176327.375331928     
   184422.359287262        196891.072249870        183261.105326023     
   190608.166025131        178864.480405448        177566.371326061     
   168914.526050766        177490.710739830        194011.078573432     
   179608.805732441        183688.188446493        163344.024681683     
   195245.316975191        185059.267098924        181360.209292786     
   193849.275830270        184888.172183156        161280.939350903     
   172610.431951956        176351.579583133        183992.495948748     
   181681.108898447        189780.315217013        199300.138618610     
   156532.817558707        180385.066398248        198159.565316725     
   186433.512523779        183815.201295417        171175.750236469     
   181720.150890870        163723.591348312        171989.268797558     
   197290.650539424        177953.193321061        184255.486734726     
   171067.128455568        179294.522153675        179604.910453684     
   180349.756142343        172619.084823087        165389.373113392     
   185718.015233080        198917.940408699        188845.121230945     
   171237.123178100        196156.098565388        209893.601944374     
   202703.943215482        158331.053668989        189911.892381121     
   174072.321148836        192350.872111917        213953.894819024     
   167509.133263334        174435.191639726        186170.120315945     
   183171.826131620        163304.060905737        198186.549785974     
   194737.027699879        162501.975433822        192750.554473804     
   190938.536213113        182520.690145263        195260.199318838     
   195185.742998177        179388.157518596        173809.241158001     
   181436.241565921        169556.756418897        192005.916929812     
   176812.590284224        166379.770038481        187805.557562161     
   189975.644118939        207120.445951697        180357.546699856     
   181830.289154340        178778.011164041        185626.758664347     
   177681.906483381        188047.020242644        179684.971812861     
   185077.033732948        166075.685548368        173526.000869479     
   180037.851359765        174273.760583468        183765.618262389     
   164049.471558491        183903.380296583        172396.251090246     
   188554.179589767        180609.238203944        189022.490221658     
   180575.801250037        181376.162094716        181147.916600549     
   173728.986521633        183295.687075596        184198.886252945     
   168148.241461469        201078.021154015        203754.166864680     
   175430.435362046        186292.598584636        165040.150965626     
   182078.293524338        169463.225126309        181232.096250626     
   186954.454021313        192823.940336181        181053.746006486     
   188644.707652169        171339.560088914        180732.861268301     
   172612.543133572        177064.549402883        200462.879327466     
   185603.818148616        166603.599892226        188741.896343894     
   202791.824867125        166560.692355998        187762.545953600     
   186632.171740368        175652.555456031        184342.402000418     
   192464.310955096        193362.574130357        185855.108230847     
   187351.400767585        182277.740717163        177176.665040683     
   198192.481908966        203751.208236922        181840.993737183     
   193293.128149166        192250.873467195        197727.471856786     
   176061.544858002        199612.608365283        178359.699854512     
   161701.123962429        189955.870375633        170044.989468856     
   171170.606089714        183351.202231616        180172.238476869     
   160110.378349582        199888.132433672        175102.087150823     
   184018.305887380        201417.178020413        188088.961392920     
   177257.737388240        189924.187783914        183500.471692366     
   178171.596546004        169383.000224894        166302.920054156     
   184248.677430640        188514.379356059        178109.584302898     
   154149.709803360        170731.227566451        171373.041645249     
   188493.698696706        173897.167412073        177784.685346147     
   171651.955498205        179090.912067522        192698.384499923     
   178247.167927378        191045.388764349        182573.544023049     
   176201.581616050        195767.507340723        166763.053574153     
   165335.002753037        194211.953043970        199124.984881847     
   183891.486315647        177170.108483692        182014.526919043     
   192774.461375486        174482.410744043        192427.469349146     
   157255.971599634        182105.307728539        176691.896112673     
   178324.478803464        185146.018822378        200169.558890101     
   191208.782327462        182711.335792196        183722.918870827     
   175836.436401306        199993.557707196        174047.864150535     
   184688.962869949        160123.744210659        172351.901408830     
   212044.137769988        198071.966147129        172048.039930860     
   188097.168239767        166406.234146064        157281.067899409     
   192107.030635246        184046.806839199        174241.215678131     
   173747.511396942        186603.536981263        177401.074725999     
   185228.087290839        184275.394285318        191315.307794222     
   179317.760018930        194863.089030327        186988.366734457     
   179451.492967082        174810.387268361        178140.478918380     
   179384.173034983        204433.179368856        200810.971547043     
   185178.638065096        164306.842438476        174543.322793913     
   185511.788471121        188165.305883055        188030.026717381     
   184560.046984076        172344.750152792        203712.865015879     
   173640.688580658        189066.646625884        163611.847397416     
   185751.244042321        189996.101766150        195629.418222053     
   201408.317004615        191324.376954686        177639.995068057     
   182271.332834934        180436.269986178        189275.341388887     
   174266.758002192        171576.428719260        176792.608396251     
   195023.241483635        191417.655500179        193938.034663007     
   179228.005065289        191246.486247030        177485.551725599     
   194436.615476381        178660.216150343        186605.098066261     
   168055.171060643        190122.222566503        188950.041010279     
   172258.845875479        181551.806458193        194567.835821060     
   159501.019971263        178098.567503055        178684.286594263     
   184876.055190077        175511.641516888        188239.762203717     
   189191.682100476        184114.572795583        182685.213636564     
   182278.944982733        165313.459780066        182358.961739482     
   187581.980455511        183546.977157827        184309.381335843     
   175125.027666554        187369.970245322        185138.421542055     
   194240.885152598        193365.934179972        172047.222219671     
   179160.194506476        192482.865565357        172715.188189053     
   184552.315896467        191020.366801955        193151.678980881     
   184736.033299504        183596.753468046        167115.368156962     
   189013.777880622        157421.491211838        194711.559713199     
   184356.139548399        181347.215118613        197700.814472012     
   174345.585360847        168323.796620089        178958.100902892     
 ------
  0.000000000000000E+000  0.000000000000000E+000  0.000000000000000E+000
  0.000000000000000E+000
  0.000000000000000E+000  0.000000000000000E+000  0.000000000000000E+000
  0.000000000000000E+000
