           3           6           6           6
   5.00000000000000        7.91500000000000       -5.20000000000000     
   100000000.000000        4715793.00000000     
        8544         551        8049
   2474948.99999993     
   1181044.20000000        1940130.60000000        2129668.40000000     
   2177818.00000001        2282853.80000000        2409654.80000002     
   2722382.20000000        2697360.20000001        2637205.20000001     
   2651171.79999998        2579406.20000000        2546380.60000001     
   2556857.59999999        2566614.59999998        2521671.00000001     
   2630167.39999999        2733692.40000000        2749657.79999999     
   2656403.79999999        2537506.20000000        2609806.60000000     
   2884221.20000000        2811005.79999999        2868169.59999998     
   2950585.59999999        2925972.79999998        2712779.80000000     
   2904045.00000001        2856845.59999999        2800512.99999998     
   2803554.99999999        2638820.79999999        2627328.20000001     
   2677417.60000001        2562030.19999999        2342523.59999999     
   2372315.99999997        2433081.40000001        2477833.39999999     
   2464585.00000002        2564522.59999999        2433445.40000000     
   2400815.20000001        2482577.79999999        2433379.00000001     
   2385400.60000001        2401592.59999999        2685069.59999999     
   2485595.60000001        2517902.00000000        2574435.80000002     
   2495365.40000001        2599136.40000000        2725309.80000002     
   2771425.00000002        2932801.60000000        3011193.59999999     
   2953157.99999997        3020076.20000000        2980929.40000003     
   2988187.99999999        2977299.80000001        2798999.00000001     
   2797540.40000001        2745014.19999999        2787315.19999999     
   2800918.19999999        3040754.00000001        2962563.40000002     
   2850275.40000000        2813748.60000000        2940394.80000002     
   3032120.79999996        2667119.60000000        2654486.40000000     
   2734194.19999998        2640389.39999999        2660103.60000001     
   2763781.60000000        2709494.20000000        2643892.00000000     
   2696459.00000001        2820279.79999998        2735070.20000001     
   2736195.39999999        2607009.99999999        2527272.40000000     
   2506746.60000001        2462153.40000002        2442287.60000001     
   2551317.60000000        2664926.00000003        2706135.40000001     
   2697377.20000002        2650984.80000000        2652565.59999998     
   2704333.20000000        2697425.20000002        2664349.99999998     
   2685508.00000002        2627934.40000000        2691927.20000001     
   2617091.80000001        2545436.99999998        2517519.80000000     
   2685985.39999999        2686056.60000001        2676371.59999999     
   2694916.60000001        2674929.99999998        2661453.00000001     
   2637225.39999999        2747917.40000000        2705042.60000000     
   2615859.59999999        2620724.00000000        2808537.59999999     
   2731978.20000000        2647442.79999999        2720527.00000000     
   2768065.20000000        2689351.80000000        2656396.79999998     
   2724713.40000002        2741486.59999999        2684778.00000002     
   2696695.40000008        2653667.60000002        2650879.99999999     
   2514001.60000002        2491905.00000000        2480085.80000002     
   2518846.19999998        2576685.59999998        2574202.80000003     
   2839211.19999999        2763872.00000000        2756138.19999995     
   2675397.79999997        2859647.80000010        2931838.40000006     
   2915532.39999999        2862351.20000005        2785448.79999994     
   3086246.00000000        3087731.59999998        3016722.19999995     
   2927089.60000002        2987574.40000001        2991186.80000004     
   2974532.20000001        2923705.00000005        2521648.19999999     
   2415756.59999994        2466663.19999999        2474787.20000001     
   2551787.39999996        2563380.79999999        2502499.80000003     
   2544798.20000002        2653044.40000002        2813958.40000005     
   2689501.39999997        2741348.79999996        2833740.00000003     
   2742737.20000000        2800347.00000001        2962757.20000000     
   2993621.79999996        2891773.60000003        2757615.79999998     
   2868670.59999998        2857612.80000000        2870153.39999995     
   2829465.59999995        2606208.20000000        2679031.20000004     
   2784307.99999999        2734631.59999997        2782410.39999998     
   2787913.99999998        2945957.99999997        2851382.60000005     
   2905836.40000005        2862932.39999997        2798808.00000007     
   2795445.80000003        2783227.60000000        2837378.80000002     
   2765763.80000006        2682634.60000000        2753829.00000001     
   2689425.80000000        2732050.20000001        2769806.80000000     
   2695344.99999997        2546521.20000001        2541506.20000002     
   2644568.19999999        2600958.19999995        2611106.20000001     
   2697918.59999996        2769149.80000002        2699223.39999995     
   2617073.39999994        2667882.19999999        2713946.20000002     
   2607610.00000003        2641561.79999994        2703078.60000002     
   2660741.60000000        2633215.80000005        2741268.20000006     
   2937711.99999992        2872657.59999996        2933423.59999999     
   2786254.20000006        2909639.79999996        2994711.20000001     
   2938408.40000004        2876591.40000007        2947136.59999998     
   2839290.40000000        2732534.59999997        2789336.60000004     
   2683362.19999996        2631262.80000002        2551974.40000004     
   2746442.99999996        2772588.20000002        2679475.39999998     
   2482000.00000003        2305631.60000004        2254486.19999998     
   2265481.20000003        2240579.39999999        2307894.59999998     
   2394759.00000004        2518376.60000003        2660629.00000003     
   2688144.60000002        2606841.99999996        2606810.20000002     
   2618355.59999997        2548736.60000001        2557476.59999998     
   2536763.80000002        2572268.39999999        2661532.60000001     
   2812871.59999999        2904306.59999995        2861431.19999996     
   2861918.79999997        2920868.00000003        2709710.39999993     
   2474714.39999993        2547853.60000003        2616765.59999990     
   2334065.79999998        2323868.40000005        2252820.40000011     
   2339007.39999999        2343824.60000004        2597649.19999992     
   2606488.80000002        2715568.19999995        2734179.59999995     
   2700124.60000012        2638046.80000030        2672560.00000010     
   2482580.80000006        2572835.79999995        2507860.20000001     
   2369012.80000003        2292212.59999989        2291096.59999997     
   2410421.39999990        2538721.80000002        2559283.79999995     
   2509189.40000005        2517853.60000005        2607000.60000005     
   2577767.80000019        2644127.80000015        2479788.60000002     
   2529471.59999997        2592182.99999984        2601654.20000000     
   2602564.99999996        2613797.80000005        2694562.00000006     
   2632709.59999987        2584413.40000001        2723624.79999997     
   2894018.20000012        2669816.20000001        2771915.59999997     
   2734305.40000012        2768912.19999997        2768067.80000007     
   2780206.20000000        2769773.79999992        2707320.59999980     
   2649846.80000003        2744450.00000002        3027532.40000008     
   2917220.00000015        2913932.00000022        3011807.40000002     
   3044203.39999998        2971204.60000005        2941339.00000005     
   2895806.59999986        2963682.20000001        3097206.59999999     
   2639429.99999997        2424247.59999997        2467555.80000000     
   2457578.60000013        2451548.99999998        2551287.99999989     
   2712842.80000008        2673258.99999999        2674867.00000010     
   2619711.79999988        2682282.20000015        2775830.99999990     
   3027341.99999992        3019005.19999992        3011933.40000021     
   2995512.59999986        2900687.79999979        2894212.39999996     
   2944102.19999998        2958260.60000012        2867500.60000005     
   2777753.99999989        2660786.80000000        2662796.00000007     
   2560150.19999996        2537372.79999988        2779927.99999996     
   2680465.79999990        2871691.80000006        2760518.80000023     
   2739206.19999994        2819027.39999975        2875560.39999995     
   2910985.79999998        2987320.40000003        2927758.39999993     
   2814964.99999990        2876595.60000000        2816379.39999985     
   2733095.59999992        2521107.80000010        2566031.60000001     
   2684470.99999996        2711143.00000006        2828356.00000006     
   2731152.40000007        2741706.79999995        2577966.39999996     
   2582883.60000009        2793283.39999996        2870846.19999997     
   2759392.79999984        2715613.20000014        2688733.40000004     
   2453861.99999990        2422917.40000003        2366732.20000013     
   2410430.59999985        2518675.99999997        2578903.60000003     
   2636355.19999987        2818690.79999999        2954768.80000020     
   2900191.19999996        2709848.20000003        2740393.59999995     
   2785797.80000014        2753804.39999991        2619661.79999990     
   2490001.80000007        2501144.99999993        2497404.20000010     
   2464744.40000002        2540006.39999998        2691736.19999995     
   2746021.20000007        2753993.79999999        2744910.20000009     
   2695808.00000005        2584154.80000006        2658657.40000013     
   2811104.20000000        2904939.79999999        2909492.40000004     
   2993930.00000003        2974406.40000019        2888724.20000001     
   2728340.59999986        2933060.00000004        2803125.60000002     
   2861263.60000010        2967558.79999999        2834122.19999991     
   2693650.59999990        2735609.59999993        2738850.19999995     
   2757108.59999999        2826799.19999999        2960295.39999988     
   2678573.80000011        2694746.39999989        2651861.59999990     
   2660003.39999993        2643332.20000015        2669929.00000017     
   2697714.60000011        2746621.40000008        2769337.79999990     
   2751805.59999984        2776587.60000004        2813593.19999986     
   2743984.00000004        2777810.99999993        2825496.40000006     
   2735664.99999996        2643482.20000015        2645846.80000002     
   2633659.19999999        2636785.60000007        2715908.19999994     
   2763968.00000005        2819923.00000011        2765807.60000009     
   2687685.99999983        2692876.60000005        2716417.80000012     
   2692346.79999989        2527071.79999992        2474332.00000000     
   2484993.40000000        2361031.19999999        2666154.79999993     
   2659156.79999994        2714703.20000004        2732556.79999995     
   2539192.60000000        2588709.79999987        2588601.20000011     
   2603637.40000002        2540277.80000011        2477944.99999995     
   2702990.39999997        2668621.00000011        2700029.40000016     
   2810675.60000003        2657463.20000000        2595472.00000003     
   2557680.20000004        2576243.79999993        2716015.39999986     
   2801282.80000005        2825241.00000005        3065842.80000001     
   3138467.80000006        3071605.99999989        3097536.99999996     
   3222154.79999989        3218390.20000002        3195621.80000002     
   3071708.00000002        3018816.80000029        3034555.19999986     
   2918576.59999978        2869007.40000016        2835770.40000010     
   2751803.99999990        2750153.80000023        2663291.40000004     
   2574986.79999993        2576282.00000014        2645056.79999990     
   2558082.60000008        2538194.80000001        2392517.60000011     
   2513985.59999991        2718236.99999995        2647730.79999988     
   2593678.99999995        3043879.19999993        3092589.79999987     
   3243252.40000000        3221094.99999994        3031269.60000005     
   2926937.60000002        2949948.59999986        2859192.60000000     
   2817057.79999990        2790719.80000015        2744806.99999995     
   2788073.19999972        2691640.99999997        2699023.80000015     
   2701991.99999977        2683070.20000019        2657255.20000037     
   2596519.19999977        2626410.60000012        2639029.39999962     
   2481964.39999984        2432563.99999996        2702974.60000004     
   2600302.60000019        2585944.80000005        2605917.60000027     
   2511561.00000004        2431334.39999988        2555413.20000009     
   2624146.00000021        2596806.40000019        2635692.59999973     
   2518734.00000035        2428730.00000018        2245407.99999994     
   2335551.60000007        2595889.39999995        2610136.59999980     
   2404828.20000000        2491018.00000008        2688455.20000021     
   2670477.00000009        2607018.40000007        2680045.99999967     
   2710418.60000019        2631766.39999968        2641961.60000016     
   2545349.40000008        2553952.39999995        2674652.99999973     
   2745222.00000006        2916495.20000007        2868626.00000020     
   2769166.20000011        2739258.00000006        2768837.40000009     
   2771356.59999991        2654093.19999993     
   660809.803071152     
   488411.088836549        617443.588195176        700934.139028727     
   639639.989107107        679326.410777132        772601.388943466     
   790130.136612821        699428.398535570        697670.586939842     
   707999.071469086        741604.515317376        687025.135909235     
   665770.151494117        649987.963131408        666586.629176707     
   682477.151274842        691402.717554037        783086.125810815     
   807611.209397769        739894.998888473        686909.815058246     
   731740.738249745        805584.981330780        827847.088966965     
   718422.071204903        773983.491254105        833836.076286055     
   757093.890454671        752839.165385488        674815.253092772     
   824500.501534706        734008.832170363        804018.118942319     
   730533.644995104        730965.598516947        691052.676743611     
   703692.200549076        657163.521073189        725462.194013868     
   690671.718349118        762401.589647966        693676.779052005     
   729695.060759617        751449.212836653        789869.320395368     
   800828.659609059        723153.569309490        741442.523786625     
   807413.671836722        717704.390600454        768021.066497505     
   731449.182353663        771503.661045169        748929.549019928     
   747630.261941697        811913.071953570        793194.716036894     
   818144.018537355        691965.073185007        716415.997185422     
   725245.327710325        646125.748589011        743341.610135635     
   691499.559831256        773649.232381472        771427.072192898     
   723610.188201489        823618.873403922        754661.282324549     
   774882.406855349        753667.659796756        757610.038902583     
   793231.021650529        858007.765146312        777330.705805496     
   780202.330538296        771643.404704799        725432.626245780     
   688346.150133686        779153.102639941        762257.402917341     
   693239.073547880        762721.150417840        793903.851533486     
   791555.866055668        721833.719518089        783386.698003439     
   732331.119653308        730065.402586745        791764.455530057     
   723128.472705819        705724.969745544        757348.158213569     
   794277.788812192        795424.941942864        705427.293613062     
   649844.152016637        748618.540386181        691142.334168499     
   756689.236237228        810436.831462046        770620.164636319     
   808933.997825507        726863.342984703        704641.119732690     
   775764.200450035        746264.438552723        754461.003128398     
   707139.641474611        698709.333099726        657151.515504314     
   702696.120522817        817371.017934765        795460.101319716     
   753722.005447492        734453.621684118        707167.988810856     
   726569.365798836        666224.907751889        761061.996711296     
   785937.355817931        641897.235995837        660596.016198748     
   702244.128003013        733735.432309239        723407.337822187     
   717298.953036854        673264.290156561        741128.096002248     
   705290.950604862        782137.194049263        745842.208020929     
   700518.233913668        743989.191857016        777424.343005416     
   711829.582903014        772331.762682695        757828.841306470     
   788452.749892045        719184.702049123        701189.544747927     
   724646.035062133        829715.395366987        727531.208350919     
   767704.455526837        721970.345711894        760399.327828456     
   750368.729373780        746057.087111509        776189.299256098     
   696401.006109791        725118.560752428        655219.981635488     
   670862.815724677        673950.993184440        751276.912970387     
   709538.857171668        758730.947681927        759836.044548142     
   725180.815479235        765095.269639131        790184.948240369     
   758036.084977716        815688.676545239        722722.470717721     
   692715.914884887        650184.856673053        750198.124844585     
   783192.418032354        639066.041416012        680323.375589890     
   718406.714147592        720517.524868950        694406.232077658     
   716426.115525602        638040.158202513        683567.376934197     
   656596.577935133        683204.287031266        787968.809969555     
   763538.702617334        750391.546833458        667921.858043543     
   710063.638724242        715752.828955056        774452.479826569     
   784698.062650616        742837.708099640        759987.198921260     
   742468.076893441        769814.039293207        832993.667244243     
   764782.635983967        725806.612756174        737785.797910760     
   779402.274663848        729409.819761070        750283.931651401     
   848799.958691541        736066.574218750        691122.322039497     
   715261.690911945        818102.710272417        702484.664269751     
   696466.992689464        715904.100555941        759748.903016698     
   747909.772719212        769565.637354127        804701.772327858     
   769013.897518926        759239.726338795        807195.337444428     
   801722.085297092        717535.652321811        709066.009892512     
   748250.934447343        776813.158041877        799665.040475925     
   826018.486985104        765392.423891330        824664.112458205     
   800455.589351539        712681.236071635        751384.449140643     
   732343.906268928        707396.269821972        722238.421048922     
   694827.205038521        687747.587158558        681458.548696305     
   697813.601323225        749758.844205981        728562.513292918     
   673806.762955226        733465.195976398        779280.142164394     
   755289.232884633        752830.204119287        698960.824280977     
   737157.551222998        674882.849443047        718510.019232451     
   768450.563324749        749725.569735672        691739.293655447     
   711906.924394090        700517.275705153        721294.849981785     
   710302.068526974        715122.078237271        744955.593077678     
   713703.686951736        728553.403660739        827716.607054228     
   773807.731010979        736988.411780959        750046.090847985     
   811815.966882796        697701.970040590        681360.887632516     
   731423.005433993        675397.540609122        701331.355215041     
   713699.106522138        718247.559860429        741247.619717070     
   754002.527801215        766743.112384802        743229.504166252     
   736637.669004933        726365.326629410        764939.180173783     
   754057.258144000        715923.092249524        674178.174597886     
   718099.902030471        834201.995180372        740479.974294512     
   774226.291305053        727095.692085895        676071.938225792     
   736080.272889406        728369.364287782        730864.102090753     
   735113.410435749        793404.606070664        771044.920971765     
   726905.442786226        734530.876213210        766048.969476023     
   819978.605440457        702170.369017075        832121.954343774     
   763298.801492710        770686.298219441        752435.364538737     
   682344.046150564        700092.410288184        728970.739793779     
   670063.389072681        739247.095045844        718453.176423906     
   751275.662388951        760180.968557767        732930.516340285     
   681123.231050121        678288.320462457        699801.770799426     
   760752.448396627        739801.690206173        658377.307565750     
   669498.919418728        700833.715394958        832273.802719038     
   686109.518026480        740726.027572236        725188.603890194     
   683358.402797926        711799.489597667        683193.956455058     
   720074.653908625        718898.678385889        749149.112482074     
   743553.918367616        737485.895935402        732624.682818301     
   826152.925848750        776377.106856780        769277.326984356     
   830746.682391783        764170.216560064        790649.374758600     
   825153.882125694        727886.783883487        761581.965095013     
   721867.914972734        782023.249458568        768200.661422253     
   793962.692137521        759287.146982062        813534.335688398     
   727483.617678993        767075.188707988        782014.984106133     
   767586.260424087        741492.645656498        733812.833414152     
   760296.373594699        738502.646311433        781924.998722112     
   792139.888222697        745290.016889745        765207.528573364     
   839164.742262112        726316.210683612        685100.484209999     
   834398.544498681        711129.513913552        755120.999391023     
   678227.442390371        735670.755138369        740722.990139494     
   725793.948857237        729423.748698600        689071.198686917     
   717323.436389851        690542.402888080        722544.556816417     
   668829.448658002        648028.463863325        674883.415869436     
   667794.383789442        670056.338958388        721663.191675585     
   810903.306943745        680832.047153519        782779.049760902     
   772618.243979004        712055.463726822        751166.417222396     
   759644.482275330        737094.601945436        674438.884375784     
   674485.871206230        714713.162462886        677160.251137571     
   670807.561201001        676495.321090378        745798.503322444     
   720299.826627493        691302.965055613        747328.019734749     
   758974.587276192        709887.011616215        756835.653463085     
   736066.814956855        743956.903430315        711317.991512034     
   726020.025719021        762834.722131605        777957.928688776     
   691375.901782167        797287.003349086        730901.818640423     
   725814.816571488        742644.862156080        712691.641690991     
   676014.247239955        667005.849289205        669586.556951343     
   727077.821428881        791603.904748610        690801.254470032     
   606405.728833146        654293.923623516        713892.097686897     
   708910.915079366        675327.362834804        691477.328422803     
   664155.868770819        697829.608114456        714133.958589302     
   710155.617470693        723181.321469149        709165.786510664     
   705231.825295414        732020.459917437        728147.667602028     
   736730.840217575        692112.856027408        702236.909900409     
   651475.484528965        701710.154473058        724980.672319161     
   737572.630100528        755771.952755241        696656.021227622     
   696014.346586144        751920.474166996        689046.265068172     
   738154.591251822        734658.156637718        735224.951830186     
   779940.545091373        698581.067641716        701128.969556193     
   698152.210106004        827951.515734427        795227.835713940     
   749563.546041867        703888.649993280        699430.016289048     
   712957.805715342        729508.741478157        728425.595170592     
   700564.079125242        741640.711413720        759500.746140367     
   755608.873253716        709340.673517500        719340.202511793     
   719150.565126522        734321.921711474        691624.169479530     
   670055.230104716        672439.301877359        735183.145084646     
   686957.108807301        708959.991152770        790682.208543390     
   734037.446014548        688344.501250167        707698.128804915     
   680243.742210530        613860.280573196        716249.932864593     
   738748.325109628        710947.623664165        683915.227703154     
   724080.430208327        789761.708541091        717869.410863628     
   670716.976977532        698402.814286195        731389.974233533     
   698644.363986604        779371.694641202        700699.150400620     
   717316.491024053        822855.088441056        732095.283773961     
   733586.138177594        735570.330393183        779394.291673820     
   827033.624854529        708591.531868953        806827.868413501     
   747783.626471463        760549.968371628        820369.665826456     
   761286.901985144        724428.261396427        771430.394745947     
   775869.453994556        757782.834475525        713001.915907566     
   723984.456623882        726997.012465708        722122.266160024     
   748768.770234138        710889.386357762        769179.800336055     
   754580.046976698        711808.368196210        815750.613931469     
   758683.801019320        739292.067696887        728366.215644240     
   715193.591263457        779452.944686536        698786.026814695     
   796670.517657921        822106.130812449        806391.510175633     
   727805.342784192        684882.350623538        629470.698947144     
   774977.827603467        750649.606011509        765280.250622120     
   739045.992685270        670627.463596680        726205.480992201     
   782422.413836333        754265.798708881        765779.784866098     
   784532.130201763        748116.295331288        777494.055341589     
   705825.029253785        628401.235835019        713878.496467051     
   708428.271672784        756279.003797311        767099.765714397     
   735503.465795548        703919.509398932        709636.956530278     
   749980.221590020        762090.396591504     
   3444.80170735968     
   1957.41630663405        2777.61314985347        2962.15494354812     
   3314.25931651038        3421.81605962247        3589.30689154285     
   3852.75820800352        3751.31230289559        3614.68619107799     
   3653.43638250282        3684.45037332680        3660.09501147079     
   3524.25313937751        3527.80891331465        3467.80429431840     
   3719.21670345240        3780.80989116747        3852.37238951445     
   3707.47001707514        3700.96511545755        3812.91694796349     
   3967.32273352817        3886.22057779288        3979.61072904938     
   4121.17793320734        3890.61962046873        3925.71420623570     
   4079.79623792127        4013.71395429098        3889.81153288959     
   3845.00486979356        3646.60339198200        3779.17984858621     
   3739.39803836064        3678.33951245282        3283.40461007193     
   3393.68533310141        3502.54468114858        3448.64279387396     
   3467.30835295566        3587.30189042216        3421.08721604207     
   3681.01240708802        3675.16094071123        3476.84462079650     
   3339.61777230137        3489.95182931080        3896.25752779659     
   3803.25891351387        3840.39308663273        3693.54049608675     
   3514.21637101126        3725.53676599094        3799.91273274057     
   3964.34013957369        4061.38083401094        4075.65126808543     
   4136.40133015984        4186.04722822666        3958.56906423590     
   3957.76219762232        3879.31978447832        3964.27874933000     
   3868.04354926437        4104.98110742300        3922.98934365985     
   4069.29658714596        4418.05387595943        4151.07925037692     
   4016.04835367061        3983.63661352447        4128.25396534301     
   4264.40545771424        3920.03522517231        3971.97572419702     
   3957.46219279316        3660.23646477835        3799.89593291832     
   3905.91128599106        3817.82400563825        3737.50472707671     
   3825.10722412821        4020.27776937400        3812.10150452636     
   3868.31097629077        3749.34792379106        3770.24651034005     
   3699.54934664596        3490.87046847509        3730.88925543408     
   3745.00020218044        3764.91352859817        3721.26320622822     
   3764.90760665680        3584.36253172858        3610.35315698194     
   3795.24295299977        3738.56140144938        3836.47338569917     
   3904.80599030389        3526.05137951931        3768.70382802665     
   3692.46644090003        3692.02270008086        3783.41537760123     
   3986.97799837839        3803.57234089360        3932.13647541638     
   3847.80416438641        3709.55538862011        3893.25753341719     
   3571.11591122417        4000.94653763297        3798.94493097527     
   3909.97977786270        3827.68073756380        3853.93784055120     
   3827.50058651585        3820.50649392437        3865.52340597179     
   3873.61639429391        3796.68995070611        3820.35648511561     
   3903.12049778528        3721.27863554007        3715.17861930211     
   3763.45745876943        3661.64862268191        3748.88292692092     
   3627.25588986627        3560.98062803986        3677.94330656353     
   3709.72825238075        3682.12364214769        3775.68265120179     
   4117.27046140573        3931.22092218964        3882.05237372915     
   3818.70394615741        3981.21395742383        4050.14990917185     
   4148.51613548094        3934.25994291204        3809.72473744445     
   4107.79946086788        4223.90587083404        3968.79949813832     
   4063.47331977948        4077.16066138674        4123.16727288049     
   4050.94651539076        3878.78057386564        3676.74469544782     
   3481.20950492331        3495.64990784193        3567.18300680356     
   3609.06214285368        3714.46874840209        3633.90194129879     
   3632.38166861207        3765.34315912177        4036.29732955882     
   3818.32155412922        3928.58944751979        4114.87048864009     
   3731.38396828665        3808.05697005229        4168.62030236230     
   3988.63154196589        3911.46911496914        3804.79276973273     
   3967.77216712365        4102.32367069759        4030.67198658220     
   3821.40731678040        3573.81096436357        3660.95233973780     
   3757.80353339788        3832.27528671033        3813.83756069132     
   3808.50322968380        4073.21712526366        4097.20279727879     
   4110.85875740214        4022.89314624834        3911.97538489942     
   4061.66180620453        3947.67309278829        3954.18312622199     
   3953.47771489916        3998.91770606937        3943.68453810463     
   3850.04047070612        3856.89524093504        3896.98742774630     
   3819.96893390398        3753.98461459698        3725.71935165260     
   3873.02965498833        3816.83403357767        3607.22366692280     
   4017.39091984446        4191.20213395532        3837.70919299217     
   3731.54700681197        3593.22149102500        3719.63635641841     
   3772.64519077358        3896.22952040065        4053.63855165857     
   3874.53647824863        3792.17370741926        4125.48755599485     
   4062.36989188639        3925.68180382566        3833.21505461830     
   3872.05083818883        4169.62915135796        4270.53658910687     
   4131.25530721550        4116.74758918875        4038.94399602935     
   4074.04141182747        4119.91621801666        3972.48748821409     
   3754.38628019808        3623.43068049740        3577.29031611149     
   3657.93103526205        3668.88023691419        3641.14569113478     
   3663.79733441164        3457.77969429217        3486.14847562826     
   3361.76558153907        3507.90222610702        3517.44625167014     
   3641.40958461216        3827.98189956700        3795.96575768982     
   3888.32572789109        3769.30398039712        3853.07719117532     
   3815.77834472028        3675.51999285154        3651.54851963977     
   3669.65519015974        3568.62361480274        3663.36683046268     
   3896.93051480656        4131.71284617577        4038.04967729849     
   3969.56043356400        4034.36507766137        3819.36307950600     
   3559.06300211026        3680.60920062048        3896.84730744410     
   3444.99245670364        3473.23388401415        3443.22366684207     
   3590.87715285599        3599.58370058600        3719.36898537092     
   3825.46908758879        3913.80015888574        3784.89651223787     
   3752.17367692776        3738.81783496856        3820.56668098604     
   3599.29177338925        3711.20094189132        3629.33277405799     
   3577.69197335306        3273.87624903696        3299.09490224708     
   3444.97943803813        3692.44335647335        3780.92604380112     
   3923.60107365481        3779.61063841606        3818.58990651936     
   3590.73440452856        3764.40076389079        3603.87288344318     
   3659.69662809807        3768.95003439944        3648.00844437701     
   3708.70397955726        3680.82900782265        3876.07375504915     
   3800.59720830898        3688.90409849712        3803.98096769446     
   4105.08201982034        3858.08247306614        3805.43031115775     
   3842.75153040636        3823.79502332135        3778.06024174648     
   3872.48860827767        3825.38044567886        3763.23213476315     
   3846.94195883700        3881.76153046976        3960.19651252576     
   3783.18840209539        3990.82633012356        4213.44084149684     
   4192.47780381778        4073.39094722357        3936.54377781852     
   3826.01173642113        3958.93969227526        4285.23190957144     
   3648.96125328859        3462.19329327645        3539.85627150360     
   3439.25026246015        3552.99883775110        3628.87187219386     
   3835.10614831302        3813.37705907244        3829.07985346712     
   3964.32769353159        3820.30547881743        3836.84889161378     
   4287.89491832223        4079.88322834874        4263.80520009411     
   4291.51462703675        4279.78998779282        4138.01798962949     
   4001.36602850021        4074.21891447167        3957.24275659658     
   4046.54680449933        3906.35511648812        3920.50214495878     
   3854.95001923513        3843.35033436945        3998.11804539924     
   3791.00622788698        4259.14211158338        4086.41277773476     
   4061.56068930481        4014.91029549890        3976.05102373361     
   4119.32542343033        4133.36801867397        4000.37293689262     
   4023.11119560627        4183.18163436809        4010.05230661578     
   3953.61592323476        3603.43229589404        3665.00492167058     
   3773.71103084063        3781.82609750074        3803.57602474554     
   3718.09860315263        3602.50638836857        3744.76538703054     
   3592.53002857303        3905.55687063717        3837.10257999787     
   3763.36789050515        3798.71573961685        3716.57461382834     
   3570.86008530248        3575.53181403731        3353.73906795272     
   3565.26241215411        3576.48861642109        3723.08013361111     
   3821.04101730350        3911.64256081207        4096.89527930976     
   3990.59921277447        3825.50926679432        3854.58730956193     
   3847.00556731042        3898.93859866046        3748.12095943657     
   3748.77678068941        3599.45954975086        3635.54507872881     
   3549.95879550573        3621.02580224210        3850.89947362577     
   3846.07519204523        3954.20802530131        3790.21214982057     
   3732.80347698058        3653.79459757987        3737.82502739124     
   3974.78708031188        4241.77712354160        4140.77012731201     
   4154.59802608530        4282.39611198004        4147.29618415689     
   3948.02096192565        4144.30271003849        3835.31992601380     
   3864.70486441950        4015.01894815318        3689.88867463615     
   3771.35611330074        3609.92304559941        3670.53672257050     
   3680.05880699288        3897.88306949111        3890.92920882117     
   3546.64044217923        3762.66352017517        3838.49228715387     
   3839.31511094796        3810.72017738395        3761.53884842490     
   3714.07556117265        3784.63959941772        3749.07322360960     
   3647.46978866842        3725.57855950227        3861.34601047801     
   3878.20976314772        3788.32135520050        3942.01528809385     
   3700.00307828217        3686.46398408139        3613.39372568736     
   3622.04103444919        3667.92447372950        3592.87327126793     
   3908.35308425169        3992.47571679748        3803.07332777007     
   3680.61433001393        3751.01930766957        3836.92336969411     
   3703.31098835211        3787.44613173975        3841.33818704170     
   3780.32734044213        3530.77508313815        3751.33424084623     
   3770.37430173766        3832.07128881097        3998.93465206619     
   3752.09087253176        3722.82678795429        3828.25833207192     
   3722.02272436325        3628.21374523159        3586.80785274914     
   3762.56669987265        3791.78214270443        3636.79506101288     
   3846.18643456803        3817.28066899445        3772.05313893886     
   3661.03680611664        3694.48498858289        3630.16334949941     
   3825.84544980770        3882.03177873350        4223.09356023601     
   4126.70470091698        4297.49939603689        4118.15423693437     
   4124.17880531289        3984.97578929911        4078.19170094294     
   3995.09092942210        4026.58465760432        4032.16005086149     
   3865.21913492642        4083.20800318739        3987.28604640811     
   3864.79438923319        4136.80388474498        3922.51234466386     
   3758.12535881379        3952.34957926685        3958.01830446476     
   3757.37583542158        3825.37643715574        3546.68960974788     
   3759.31303599446        3997.40222089123        3740.68219728744     
   3744.59960406982        4149.44732481291        4051.91927550060     
   4186.66472543523        4269.66057642981        4160.78733876664     
   3983.07502309464        4100.56550342958        3986.95440394867     
   3912.56844454163        3770.98217626620        4047.32911335277     
   3928.52110900286        3710.51226938942        3809.27274401461     
   3844.25037164593        4043.42566724158        3852.71388573868     
   3698.85882039354        3893.04208201130        3823.06142879429     
   3726.64028236728        3502.00015208782        3991.36015263728     
   3747.29614631499        3813.79934243687        3907.60098933542     
   3688.01789755691        3529.98595600036        3879.90837279089     
   3837.11068200079        3993.61323661523        3956.49930360125     
   3755.02251906324        3561.98054888559        3315.75900294202     
   3505.11786166850        3630.81508570013        3651.22210435436     
   3531.81682145951        3703.88611885651        3849.27225142194     
   3704.11267428803        3491.72672585345        3551.41836017517     
   3912.48938425809        3707.38662989486        3743.03456732760     
   3474.99801360126        3454.04034909938        3813.55367689961     
   3770.06639066875        4229.08399354009        3924.85142780919     
   3873.86341333420        3998.84340707524        3908.06749749204     
   3775.06110162962        3720.51424857549     
   164538.000000000     
   221.540262414570        2930.79584251120        4382.03992645261     
   166.679275345933        2154.56491165658        2092.38912631212     
   6787.10694410362        1575.71459443969        18.5397427844419     
   73.0141754726497        3989.93997741164        1357.35597192557     
   92.5054367319948        28.9172411513548        1023.47705956775     
   1549.63704123687        506.564648076587        3988.09641036652     
   2469.57699675422        4077.31613486486        7091.50365121562     
   2846.03636086396        769.718976292001        3393.27842374266     
   3259.81309016132        9724.19172903488        8628.38439789832     
   2576.96477713274        3729.17931285966        13.5740057435409     
   2523.78381487136        1397.29001291917        963.843612648423     
   7328.16413689545        4869.61880745964        363.524659841531     
   30.2850489590282        7464.40968852065        2627.05330435069     
   333.864044881658        10774.4748481378        4754.79728899594     
   451.986143055187        955.042066755569        3931.25804896722     
   1588.42628656535        2189.05745637182        3280.99924370408     
   3496.22082874625        984.271524906501        4145.70652524853     
   564.295058046104        1993.44607239836        350.054726431183     
   4961.72282233504        10926.8367439317        3073.36007150880     
   6479.57319951968        5420.57773938093        990.932154230824     
   130.313428633226        2686.32993184193        3934.32074905832     
   786.965248649622        3579.73144239517        2740.29887034034     
   4577.04174390308        2066.60892263271        3245.89713246586     
   63.2016412002105        89.9630983068628        6044.01561763274     
   1207.55128203300        5506.54148659797        955.919247849620     
   5480.07737901473        9596.56931358849        6768.49286393833     
   2383.00368301419        1801.92324437175        2209.30695891585     
   2932.57993965164        1509.28671091051        1206.92684803385     
   1386.28808055310        548.089509020409        198.570011731360     
   743.002121613860        857.511423077991        1132.99088903864     
   1941.09768880251        1847.01629959646        1104.47506974388     
   1547.22851009727        5940.73126067723        2875.86051806171     
   326.251897082432        4033.17459811506        1532.10828683201     
   3378.38121261996        1102.11114103279        1079.70585444406     
   9683.82653123235        729.651128012875        2751.03318813534     
   5770.12697162232        4601.54334463184        4714.38748876489     
   6314.70775626653        30.1809766258356        2545.99582426988     
   1122.16736638661        3849.63560479193        581.942752260325     
   4495.33009487077        6508.59451300422        281.976553047093     
   891.870160507699        3839.91227537652        1824.23932610346     
   1015.96898410171        3637.03069555575        501.584043559516     
   473.737260692427        222.625588175006        525.178728241881     
   1172.91006255606        9135.17205811747        183.583595751635     
   5641.07727846358        888.049219131916        56.3626021618438     
   1350.04117364976        43.7401148932061        943.579242628219     
   5133.73952162613        719.452039360006        1619.91560109417     
   4622.22400398481        4048.45836361819        2127.62504483588     
   4254.96760762452        869.821693347052        6919.54642182921     
   7989.43974200083        1756.53283962363        3990.71308617250     
   8131.69175399886        781.657559656803        22.6580336836323     
   4073.74794058398        406.878220354307        7761.72947697556     
   243.544127146706        1287.93972568615        1123.92172857471     
   3045.03752940426        6850.72487463660        2893.56768218061     
   1162.63663652234        3422.01725517997        3287.88288517096     
   192.102659597252        3599.25243860686        265.042497689050     
   1582.77664562061        3986.08930108352        1256.00438687221     
   4749.51933495546        3067.51715337385        737.620095240189     
   1124.54616257387        19.0749719265749        4752.56716757038     
   1264.89513762209        1203.52219599084        695.619475058915     
   1457.22080936190        3509.83943691830        2446.16072178589     
   819.629093795908        32.4259655275604        2786.01635956421     
   884.332350089325        1476.38498614550        659.907797297705     
   2162.78662597879        670.582645188025        918.289665662433     
   3941.78422209584        432.257002177116        4684.39978932927     
   4794.61239018017        5309.65149967386        5798.06295934643     
   1546.72301590748        798.100988301223        1149.79113711115     
   968.467397737406        3140.42725651331        190.898394027453     
   4161.97154417891        2529.67133543482        2209.50023610607     
   716.344736840401        222.655323127347        2794.25294136259     
   3858.68989777968        3762.22971238637        3502.31649397610     
   642.438512797529        1233.10847356986        4919.35051524951     
   906.336214821462        1988.51007030980        614.814742072996     
   130.625645632804        3141.60178713076        1262.50147395866     
   3147.90559702700        1942.91152089530        11329.9088903864     
   2111.40462833401        1577.06753477119        385.647464383030     
   9662.13488349979        7651.38306883913        2060.64706468840     
   2162.78662597879        563.477346856734        5006.63746784571     
   9518.09877436132        1378.85434246792        72.5235487590277     
   921.917329848001        2950.33170619905        2008.31354856872     
   1723.73518719182        1461.44317259428        1742.18572511924     
   171.734217243856        164.107201968460        1188.69932224898     
   3758.39390353442        1565.72365045320        563.774696380142     
   30.8351455773316        1346.72572646377        650.838636833784     
   1898.65104433613        742.675037138112        2128.51709340610     
   2111.88038757147        2268.06322474112        12152.1397925121     
   1066.75628269967        1883.09966426193        6456.49887650327     
   202.732905059062        48.1557553158038        1497.45219987890     
   2750.51282646938        10399.0710748361        859.013038171198     
   2456.06246091536        11059.4546313713        1106.63085378858     
   2007.02007814190        1248.80852840576        2696.73716516118     
   1100.35677884469        1725.95044114120        3007.72016421665     
   4498.86855419932        16.2501514542061        1828.16433981244     
   5169.59987414905        1133.25850360970        6304.24105304259     
   1531.06756350009        2470.61772008614        555.746259248146     
   2432.61645099469        7398.36835937190        1572.50321958689     
   3832.12171786325        4819.58975014638        908.268986723609     
   154.636619647939        1121.06717315001        1398.53888091748     
   2492.01201829529        2097.35486335302        5538.81877736383     
   7225.75696103399        5209.54878261881        157.178958073071     
   2851.12103771422        52.3335161196756        259.794278600912     
   38.5959681382608        2723.64729702954        64.5248465793728     
   7053.76999669524        5556.05018224528        503.977707222944     
   1651.40491562300        1990.32390240258        1378.82460751558     
   65.6250398159796        2223.46079623004        42.3425721331921     
   769.971723386898        1698.32667041667        3624.20006362073     
   3216.48926460088        191.671502788312        537.563335891793     
   849.230238851100        2843.22640786776        1147.38260597155     
   3326.95461254667        604.987340324386        124.336703212741     
   7778.06883328679        4501.97585671892        5083.47258469414     
   1950.50880121835        45.1822600817313        10.9275949852164     
   5872.01378581782        132.781429677506        1351.55765621913     
   1023.96768628137        2067.69424839315        3410.40575629092     
   2952.93351452887        6193.76083762063        1727.03576690164     
   307.816226631183        1615.82704514733        6571.06764787209     
   7403.24489155578        3141.14089536948        5532.39602765823     
   39.7110288510379        1287.18148440146        3501.79613231013     
   5011.23151798235        1211.62497050368        4446.46070069879     
   2937.32266454999        4204.31411631210        86.6327836447016     
   3176.80797070218        4882.79139134659        9216.98777948297     
   1132.48539484884        1969.44996585939        1451.02107179886     
   2470.02302103933        2368.77550831916        474.421164596264     
   3690.16705538863        1914.61871374310        1116.04196620442     
   3909.84888328190        608.154112748673        1114.76336325377     
   770.298807862646        54.0284084030969        218.849249227734     
   1295.10584920027        782.891560178943        3529.43477051084     
   5003.32202065971        2333.64366212859        23.0743230164024     
   1288.92097911340        5037.01172166175        2117.27728142131     
   944.932182959722        9797.47351907860        4069.31743268521     
   225.167926600138        18.4208029750790        870.594802107910     
   16.3690912635690        782.044114037232        1918.63293230910     
   589.108875774439        1208.66634274578        51.1738529783873     
   2505.86850608607        362.364996700243        2260.61461917977     
   5598.25894709293        3528.66166174998        53.6715889750082     
   3499.28352883734        627.035807485034        6991.17792201802     
   243.752271813091        2613.58337094035        3172.31799289873     
   2747.46499385446        2832.23934297786        2357.84791333394     
   5293.63922783838        2029.27668996893        2422.87825410311     
   1852.20504877992        2659.70228202081        338.889251827240     
   2471.80711817977        1142.92236312044        270.097439586974     
   1100.57979098725        583.949861543324        21.1712860665960     
   863.369208689114        671.905850567187        818.870852511219     
   4260.34963399819        1703.35187736225        379.581534105522     
   2051.14674741554        4919.12750310695        2323.35536861870     
   8173.33555475204        718.262641266377        1465.93315039773     
   519.573689725654        2694.28403159307        629.191591529736     
   5218.87069017763        208.382546003799        1189.69544315240     
   1603.15995545018        1318.07609988348        22.7621060168248     
   10612.5382976902        5263.74073325978        744.236122136000     
   561.276960383521        2787.84505913316        22.8215759215063     
   2481.17362816710        2518.05983654577        2513.24277426657     
   4380.56804631174        425.388228186409        1879.30845783849     
   3261.49311496857        1849.90058997351        2861.60260841433     
   4177.03229753948        1887.73831682708        2472.19367256020     
   2792.09715731789        3290.32115126290        4838.67958954912     
   3521.48067075969        406.952557735159        2205.06972820730     
   912.461615003651        4227.92366847063        1453.14712089122     
   38.1202089008092        4635.36685291941        633.488292142971     
   1254.07161497007        147.990857799787        376.236351967191     
   1740.32729059794        22.0484671606474        65.0600757215058     
   1112.53324182822        16.3542237873986        406.670075687922     
   1971.39760523771        22.5688288266101        7442.49502864554     
   49.1667436953884        172.760073099611        4627.27894588274     
   1705.03190216950        1723.61624738245        4737.11985982938     
   9196.17331284446        1487.22337627369        1533.08954025926     
   6421.18862059866        12.3846076499119        2280.26942267699     
   2089.98059517252        489.526520385352        4739.60272834983     
   4500.47424162572        2664.60854915703        686.817929166061     
   3756.50573406078        5887.56516589202        1535.94409568397     
   293.365039793591        1512.69136295352        169.831180294050     
   790.473973025827        1711.70739896999        306.240274157124     
   370.988132879053        3825.11913658700        254.992083797885     
   1674.12241921132        12352.4046965269        1309.55703603786     
   8302.92047705292        32.8273873841602        106.689008998520     
   999.317410790908        887.380182704250        1142.25332669277     
   3439.76902172738        1667.32798260146        3153.85258749514     
   3391.28618193583        3290.99018769057        2911.98848515569     
   7248.10277771805        1577.49869158013        6425.93134549701     
   6164.20429499395        4527.71145796982        3732.07847071288     
   5315.65796004669        6545.49558885906        1383.01723579562     
   5204.71685286344        2102.69228729818        6134.61801741493     
   1123.83252371769        2757.96143203073        790.949732263279     
   1809.14883779055        6607.71597663203        4125.23401056194     
   2534.88981957062        90.9443517341067        6117.60962467603     
   1831.86634137886        3125.21782839103     
 ------
  0.000000000000000E+000  0.000000000000000E+000  0.000000000000000E+000
  0.000000000000000E+000
  0.000000000000000E+000  0.000000000000000E+000  0.000000000000000E+000
  0.000000000000000E+000
