           3           6           6           6
   5.00000000000000        7.91500000000000       -5.20000000000000     
   4100000000.00000        1012398169.00000     
     1093632         925      788569
   23872127.8000127     
   40038036.6000000        40250787.4000000        41794639.5999999     
   35112694.0000002        35204288.7999999        35345870.4000000     
   44651425.1999995        38385401.4000001        39775027.1999992     
   38022747.6000002        31549298.0000004        37181490.2000002     
   38929202.3999991        34299157.7999999        36442351.4000005     
   35001900.8000004        37220466.9999998        40081218.3999998     
   37113405.9999989        34736393.0000017        41209163.7999995     
   43356562.5999964        32912209.1999994        42238901.1999992     
   41962395.7999974        35977500.6000009        37484780.6000014     
   39301358.9999988        44695413.9999988        44758314.2000031     
   33858418.8000006        43792784.2000029        37493110.6000017     
   35723683.5999994        37280813.7999996        36926504.4000035     
   38036785.1999995        31705946.3999946        36532135.3999991     
   37845984.6000001        36526091.1999982        38652098.0000011     
   42921191.8000022        36755698.6000042        37835756.9999982     
   39714888.4000025        38522919.2000017        33701466.9999972     
   37012634.0000030        38688067.7999957        39839325.6000012     
   37637095.3999957        39004494.6000008        38701861.5999974     
   34811471.2000042        37638214.7999989        40449831.0000023     
   38996056.8000021        35961310.4000022        43834336.7999999     
   35347948.1999962        38418514.9999956        37203474.5999908     
   38768021.3999942        44259834.4000007        37258934.7999974     
   37413342.9999908        42405690.4000009        40469195.6000031     
   34786327.7999982        33750963.0000011        35716593.7999966     
   35467338.8000030        36717338.9999908        37490993.6000057     
   33924157.7999963        38280402.3999929        39303860.6000091     
   37627480.4000078        40803358.0000093        42558061.0000085     
   36801970.3999867        35880015.7999928        35509515.1999930     
   36237801.0000027        34109150.0000012        42112858.7999891     
   38662428.3999947        38246782.5999990        37099615.0000029     
   39963486.7999974        39215982.6000033        41980404.5999920     
   38477640.7999930        39086813.1999981        36031553.0000014     
   33832258.2000078        37456005.2000054        41884033.5999952     
   39470475.7999893        40168266.4000016        38442884.7999995     
   37023211.0000079        36550786.3999930        37412934.4000021     
   37428906.8000062        40084730.0000070        36894137.0000038     
   35708050.7999997        34118713.7999954        40928293.6000015     
   39492625.9999962        38467868.7999991        35138871.9999968     
   41756973.5999979        37685023.9999967        37987566.2000016     
   37561219.9999952        39243417.4000051        38124597.3999902     
   39481175.2000091        41395336.0000047        38109062.3999936     
   37651357.4000044        33023563.4000049        37937808.2000028     
   39958253.2000033        39061490.9999837        39163804.9999905     
   38053565.6000002        38746801.5999978        36041614.6000074     
   37001758.7999941        34315605.3999954        35381620.1999916     
   38030395.1999970        33983417.1999951        32858559.9999924     
   39963843.8000065        33233237.7999941        39191217.5999780     
   39317874.1999881        40964175.1999749        37098092.0000006     
   35324924.1999821        34786690.5999945        35521414.0000077     
   39412657.3999843        41722744.6000159        37175360.8000137     
   36811585.0000059        41787227.9999793        35883994.7999849     
   34270600.9999923        33434507.2000030        38693232.7999995     
   34345957.9999937        40307096.3999793        35241761.8000081     
   43991516.3999811        42922273.4000000        38326979.6000077     
   37469247.8000162        44400858.3999953        34246930.6000204     
   41912569.8000147        40196696.2000150        37852625.5999902     
   37026369.4000169        38246124.9999919        42288239.0000247     
   35129257.5999843        35751383.2000130        37031557.2000099     
   38375376.1999699        41507201.1999858        41655107.5999831     
   36945917.2000044        36430767.8000008        38188912.2000079     
   39107298.8000202        40422504.7999986        36989787.6000072     
   38501010.3999933        38113199.0000011        39123504.2000056     
   39371279.5999955        39003905.2000115        36560370.8000133     
   37623886.7999921        38120643.0000003        40828952.4000187     
   43108250.0000064        36791018.9999874        34590880.0000058     
   37448700.0000029        37246690.7999815        33608939.7999930     
   34654044.4000145        35201333.4000046        33907838.4000190     
   39104418.2000130        36166629.6000043        39402516.4000136     
   38886516.8000098        36165043.0000115        38261316.2000133     
   37167135.2000041        36790041.8000065        38264916.4000197     
   35002673.0000078        37562007.7999751        40133480.1999766     
   38350998.0000005        33074540.0000018        41815246.9999873     
   36235887.3999967        37629777.6000030        38289491.5999854     
   41819984.6000000        41415062.2000130        40672158.0000043     
   41725624.2000121        36142527.2000104        38454390.4000131     
   36638466.9999968        41946071.7999824        37499522.9999823     
   38610223.0000041        34009454.1999782        33901986.4000075     
   35920537.8000077        36427523.6000042        34139972.0000006     
   34359717.2000063        35972416.7999821        37072961.3999887     
   39942677.8000301        38135491.7999866        39383610.3999944     
   42294482.2000201        35495128.8000063        35822710.0000141     
   36388257.7999936        41126602.9999838        34632206.8000032     
   35391472.7999982        39342267.9999980        35057509.8000033     
   34546889.0000122        39216340.5999447        36789314.4000212     
   38410052.0000089        40326033.4000063        38787475.4000164     
   36217426.7999962        41300022.5999721        39871680.3999678     
   37163957.1999797        36325404.0000261        39197234.0000334     
   36292824.4000050        38329694.9999525        41122774.8000424     
   33069919.5999762        41635950.5999990        41984717.9999978     
   33908364.7999633        38371789.5999758        37898265.2000162     
   37146178.4000181        35302772.4000082        37238665.1999587     
   37668192.1999954        41848494.1999812        40125307.0000128     
   34481073.3999527        36609632.4000407        32625818.6000047     
   40295616.3999781        33836858.8000038        37612426.1999904     
   38270948.6000357        40877999.8000022        40298841.8000128     
   38972640.7999844        38678358.6000315        39823847.2000459     
   36768714.1999800        36392454.0000160        38422661.9999629     
   42652069.5999858        36775065.3999974        37856696.4000021     
   37226860.6000009        40970641.7999893        42257737.9999805     
   38383108.8000469        37083778.3999922        34890348.9999608     
   41175702.1999831        35364770.1999896        37034185.2000414     
   37935593.7999579        39715467.2000107        38665694.6000055     
   35316337.4000046        36365359.7999894        39993417.0000208     
   35998103.4000037        37826005.9999820        42900550.7999628     
   41405282.0000053        38022865.6000176        40181885.2000056     
   33995675.6000152        40470522.7999845        36512139.4000239     
   40380307.9999960        37333388.6000215        35700986.0000079     
   38955301.9999916        36908522.3999992        36824295.8000269     
   40585994.1999931        37076955.3999950        38358880.0000047     
   39116251.2000179        37409866.6000171        38753583.5999543     
   43441241.4000411        39800104.9999913        37375994.8000032     
   36690569.6000136        40809701.1999987        38779386.3999888     
   39756768.6000031        36781420.7999980        35623696.4000162     
   38123752.7999940        36200878.8000092        35980534.9999965     
   35607479.2000107        37807588.2000056        38494880.8000013     
   38856263.3999572        38106412.7999967        33433201.8000270     
   35257825.2000387        37869601.6000003        38397689.6000206     
   39969617.4000274        35973365.2000148        38637088.3999897     
   39049572.9999988        36763165.5999876        37056134.0000235     
   36305825.0000136        39244998.7999997        37138513.4000061     
   39942432.0000132        41498521.5999795        40093828.8000164     
   32209200.2000155        40475497.4000066        37013626.0000428     
   36692803.5999939        39115290.3999986        38184600.8000312     
   38875571.9999819        45358557.3999884        39403662.6000184     
   40231883.4000277        37424573.5999952        34321681.4000241     
   34726440.4000062        37087351.4000215        42651397.7999701     
   35642648.1999696        39780832.3999823        43984204.6000130     
   37008475.4000339        36712189.2000336        39475708.3999883     
   37284520.2000557        38116646.1999737        38959308.2000048     
   42753096.4000315        30818030.3999796        41276580.5999688     
   37278376.5999968        41493786.3999824        38143645.2000114     
   36341217.2000171        35678425.0000210        36431868.3999729     
   36990294.2000217        35971483.7999670        38280377.0000429     
   37336641.5999987        40460138.7999875        40104969.9999642     
   34882021.7999834        32721168.9999968        34349552.6000141     
   36565169.1999909        36251899.8000041        40913434.2000131     
   38711738.2000155        42800825.9999950        37099105.4000341     
   38942636.1999774        38617823.4000327        41897584.5999944     
   41566672.7999855        39714209.0000274        34206142.2000199     
   34007581.6000371        38951228.2000096        33077411.0000329     
   35499754.0000182        36363102.6000045        39643278.2000069     
   39277010.5999978        39544522.7999643        37669336.9999683     
   39072774.4000019        36825252.2000062        37410290.5999693     
   40701102.2000219        37699630.4000414        40642525.9999970     
   37695358.9999943        35359198.2000226        42164651.1999831     
   39803257.2000410        39463278.7999558        36247975.2000016     
   40587616.4000152        41667239.2000099        38350771.6000305     
   34359106.2000157        38162768.1999926        39245370.8000010     
   39158949.2000241        40439846.9999855        35372086.7999842     
   40696645.9999953        36249546.3999872        35775406.4000534     
   40176777.8000055        42384987.3999984        35038595.1999674     
   36151512.5999655        38797352.7999944        38104001.9999664     
   41344264.0000195        38460884.2000100        31970426.9999835     
   34780641.7999837        40093565.8000313        37583957.4000208     
   34574069.3999984        34333387.4000099        39255709.4000128     
   39337201.6000388        41269456.3999991        32219113.2000048     
   36512913.9999968        39003322.2000246        35461746.7999950     
   35352162.6000067        38795032.8000093        38199884.0000256     
   38925669.6000022        34530800.8000063        35298985.9999932     
   41410531.7999770        44741515.2000045        37739597.8000334     
   41900819.3999865        37066957.7999831        38809592.3999888     
   42614592.0000001        37026490.8000016        41491855.3999803     
   32883417.0000007        36769917.2000186        37289929.9999944     
   33486696.3999871        39603395.6000018        38824408.6000085     
   37329400.8000300        38685542.3999961        40165470.9999883     
   38344945.7999707        37448797.5999981        37639610.8000219     
   41009995.1999984        40014681.2000012        42372528.9999702     
   37987696.3999686        41645577.0000502        35028401.9999749     
   32124446.5999321        43165082.3999610        44710275.8000117     
   38419208.3999996        43017525.1999478        40165853.3999651     
   36956872.9999907        39459504.8000445        41073345.9999897     
   36400725.9999942        39638845.4000566        41958365.4000415     
   37846797.5999522        42053819.0000568        35411149.0000002     
   37540275.5999668        39719974.2000714        36566146.7999773     
   38573286.1999845        35817220.6000313        37649082.6000061     
   38816977.5998953        36289844.9999306        37226986.4000338     
   38195134.7999631        38383802.2000239        39411004.4000405     
   40418071.6000126        36921429.5999776        39831612.5999486     
   34693743.6000429        37209209.5999781        40847497.6000235     
   40825639.6000794        40640813.5999618        44333892.4000483     
   37528631.9999524        38379336.7999633        33634835.9999999     
   34819982.1999555        40108601.5999932        39666990.5999701     
   42007367.3999800        36613250.8000039        39936569.9999188     
   37700027.2000096        36913515.8000291        34072914.6000015     
   41884831.2000584        38028169.5999955        36904631.8000464     
   36344421.3999140        38963366.4000292        44304837.9999804     
   34965597.2000453        42028588.0000304        40259918.9999503     
   45467748.0000206        44345288.6000777        40218868.2000299     
   39746681.8000493        35091702.1999738        38897314.7999996     
   38324025.4000989        40653924.2000234        35436217.4000135     
   38511593.2000397        36629665.8000370        34623735.4000111     
   37151191.7999793        37513391.1999583        35723964.4000195     
   33640603.8000598        36738164.5999637        39336771.2000379     
   37853513.0000490        42731115.1999783        39276021.6000780     
   38381034.5998956        40130304.1999756        37224881.2000201     
   34136436.1999630        38463832.1999943        41111298.9999089     
   38718566.1999080        37155896.8000354        35506845.9999885     
   39680574.6000468        39003792.6000649        41926672.0000358     
   39171988.7999886        38998197.0000402        36179387.3999651     
   36799607.4000018        36662635.2000238        38947817.3999752     
   38804768.0000157        38335514.2000631        37985249.3999865     
   34552720.2000573        37480598.4000499        36365553.6000457     
   40261671.3999037        38291405.4000109        41894293.5999805     
   42304380.5999302        36943694.6000540        36524756.1999698     
   38067876.0001082        38364549.5999754        44168426.4000835     
   34220970.5999458        36174432.2000247        40727224.9999775     
   39987071.1999533        36862025.7999871        35169253.0000334     
   35634109.6000148        36171240.1999450        41863715.9999411     
   36210954.8000524        38429598.2001831        34400261.0000711     
   37631137.4000363        40137232.7999135        38297016.1999935     
   36599814.0000326        34174530.2000069        43761584.8000565     
   36958614.0000236        35318727.5999869        37435460.1999395     
   36594185.4000438        42889461.3999565        40501512.6000109     
   37736500.4000333        41637402.6000387        40133309.5999190     
   36495399.6000360        35459527.4000356        36338133.3999532     
   32507551.3999969        38303374.8000196        36267563.1999903     
   38644663.7999940        40505838.8000530        34412446.8000418     
   39116431.1999433        37033023.9999354        41468552.7999776     
   36691367.3999053        33246535.6000254        36274064.5999572     
   36866467.0000782        37050561.7999466        38406397.1999887     
   37154237.5999615        38905384.5999921        34883542.6000373     
   38788636.4000876        34796499.5999471        38053671.3999294     
   43271970.7999763        38903937.7999673        43604599.7999672     
   34033921.8000151        38226942.4000404        35390386.1999541     
   36557139.9999890        36394193.8000221        39801188.1999650     
   36782061.8000735        40523975.3999686        39779333.2000265     
   40288293.5999439        37527315.5999446        37932194.4000327     
   40888352.7999172        39792703.1999660        33918310.2000019     
   36254043.2000014        35313711.4000158        38960074.6001370     
   44132764.7999952        38763224.0000183        32525941.6000299     
   42312785.3999686        36379639.1999738        39324286.6000566     
   36562733.2000602        34775051.3999992        38707661.4000085     
   37330512.5999570        36908960.5999550        37450292.0000424     
   34283701.1999645        39750782.4000233        36685151.1999939     
   40000175.5999741        34929490.4000625        35467708.4000290     
   35910545.3999931        34468637.3999361        34821588.9999893     
   35033847.3999772        33387323.8000124        38687993.0000454     
   35404202.5999905        37738055.1999606        37571591.2000018     
   36349776.4000186        37882500.9999489        36600313.5999630     
   41231516.2000467        37625530.4000443        42635882.0000002     
   38926352.0000043        39180526.4000423        36962629.0000457     
   39948873.4000076        44388390.3999833        41338319.2000562     
   32185811.1999630        40010293.0000450        39536929.9998872     
   39486392.6000619        40087050.7999942        40185800.0000552     
   37679632.9999542        37403713.1999553        41106327.3999757     
   36462088.0000118        40018385.6000056        38121376.3999896     
   36005804.1999357        38240341.6000405        37768977.4000210     
   37346745.8000015        36004226.3999542        38300454.3999793     
   41434685.1999582        40414342.6000235        33297757.9999362     
   35388619.6000025        37341122.6000280        37253482.9999544     
   36691646.2000297        40729516.7999266        31044170.8000342     
   32666731.3999631        38475252.3999950        35280760.5999189     
   37237985.3999751        40935056.0000607        41097327.3999457     
   36670267.9999560        36390035.7999926        46211832.9999991     
   37792388.4000782        40746840.6000103        39496292.5999327     
   38292462.6000362        36091670.2000066        37598953.9999325     
   39120103.8000977        39996226.3999799        39135837.9999600     
   37601117.5998887        37655660.1999995        38346372.9999165     
   36912359.4000240        38261032.2000048        36052168.5999363     
   38937235.1999906        35472174.1999724        40762284.7999817     
   33054210.0000022        36859658.1999420        35916386.5999210     
   43232904.3999725        37302455.4000710        40612763.6001283     
   35854201.1999136        36593952.6000382        34007659.7999446     
   43736406.2000568        39403490.6000298        41157391.0000572     
   36888521.2000212        43211589.3999788        38098481.7999878     
   41126317.0000559        36208239.5999464        38491853.4000489     
   36024885.3999661        37973758.9999610        37080527.1999678     
   41525758.6000201        41028448.6000588        38445333.2000047     
   33898771.4000036        36683783.7999791        38073563.7999875     
   39133736.8000302        38545389.6000247        34903264.7999268     
   37406876.1999555        36085046.2000161        38982681.6000263     
   43925452.7999096        38989164.5999852        35848836.5999722     
   40066661.9999626        34689706.8000950        38271959.7999580     
   40591721.1999414        37000049.6000303        41952844.8001179     
   38472295.1999740        39626792.2000081        41800337.9999734     
   38015704.8000723        38450488.0000358        38795862.9999611     
   36809683.6000162        39442224.4000375        42615811.3999673     
   37709870.9999576        40568171.1999568        36819304.5999457     
   36778682.2000306        32866961.1999811        40204020.9999728     
   36675958.8000258        37845507.9999601        39534797.2000292     
   34265893.1999848        37181622.8000461        37653456.2000212     
   41895407.5999529        37575837.6000524        36673625.0000216     
   34459541.3999799        40759183.3999266        38190230.0000123     
   38050144.1999811        37056509.8000601        37938725.6000224     
   34286222.9999868        39246246.0000669        37524447.1999862     
   38297149.6000447        41514417.6000217        35735800.3999844     
   38710043.8000112        35888053.8000457        43691264.1999770     
   34490986.3999571        37003986.1999935        40436083.6000007     
   37718576.0000324        41819100.4000185        39584141.5999940     
   38077939.0000036        37611522.5999511        37560125.6000120     
   34251502.9999715        37544999.4000062        39556262.3999729     
   34113261.6000060        34259328.7999561        38576422.3999796     
   37703579.6000418        34356592.2000096        39307161.6000682     
   39263278.0000462        38319017.1999255        33350037.8000088     
   35733293.8000346        39773423.6000125        37990007.2000570     
   44262675.3999469        37967883.6000696        39509248.3999819     
   35115173.6000234        38886735.7999677        36921821.6000150     
   42603907.9999261        35403105.5999320        35833664.8000222     
   39404959.0000192        36019195.1999541        39643974.8000000     
   37227032.6000728        35580224.9999994        37521107.9999942     
   36093278.9999593        36074319.3999991        36566532.1999248     
   34577974.2000517        33690124.3999761        35404888.9999762     
   37485982.3999667        44009111.1999560        38434561.6000351     
   42101932.0000085        32644974.8000530        35355149.5999695     
   40237763.4000507        38673305.1999638        40092383.1999490     
   41525179.8000366        41900408.5998596        41490493.9999457     
   38163354.1999976        39634849.8000129        43314938.7999867     
   36281646.0000576        41019976.9999940        40696368.3999248     
   40056853.6000216     
   29448037.7550620     
   43730235.8739674        41963239.9538505        42986804.8164919     
   41740943.1962899        41430488.6773826        41472903.1759939     
   43484766.5080804        41937224.3159142        42694166.8807425     
   42093520.4256169        40241633.4747188        41639165.7640131     
   42460420.5620552        42012182.0570658        41625936.3996507     
   41486866.6128321        41634800.1252863        42471252.0572755     
   42403768.6641064        41178754.5860138        43261560.4630970     
   43931067.6783974        40785552.0762986        42844776.5777402     
   42995874.2268294        40731853.7683054        42290440.2449912     
   43347644.7559608        43267011.0637442        43119819.1414811     
   41661166.4080551        43161738.1438887        42728252.3997973     
   41747896.8144242        42520328.1190862        42006229.1001023     
   41458765.8570548        40075853.6241892        41639746.9081345     
   42863699.1700598        41997214.2872321        43559412.5877812     
   43794457.4196291        42340230.7584467        42256716.0196121     
   43379864.3007423        42570340.5785614        41474942.7161523     
   42424366.1573854        42685919.0311826        43558968.0866155     
   42227123.8536433        43045810.1842627        41800283.3001521     
   41393651.6727241        43431449.8503734        43118069.5399470     
   42709755.4395339        42505233.3709290        43248463.1994760     
   40789424.8610001        42259902.3254804        41986492.7287600     
   42294283.8327653        43309665.7280410        42404361.9819939     
   42379312.4020020        43057193.3368616        43288628.8251750     
   41616865.7715937        40976532.0045601        41456856.1356172     
   41355249.1822789        41682180.0751357        42899917.2326105     
   40316338.1647990        42976910.1285285        42747572.9502926     
   41973064.9862669        42577585.0005686        43737067.4293795     
   42257819.2612630        41594204.6087765        41586088.8730141     
   41099619.9669884        40745646.0474189        43216531.3659466     
   41992474.9791038        42765713.4203568        42165765.7005347     
   43463346.0455365        41953515.0187104        43691153.0831745     
   42314512.0330016        42692860.4045689        41273848.4930716     
   41404357.9090198        42537393.2048201        43532259.0302683     
   42542728.1524229        42077968.4086294        42791589.0608325     
   40691398.4483874        42258141.8819771        42622244.9249661     
   42346771.4370658        43431301.4808778        42121125.1878645     
   41344837.1326187        40806048.8021410        43064682.8375925     
   43223467.4746668        42173888.1579473        41378268.3070700     
   42053613.7899397        42018107.5499113        42104527.9255901     
   42174492.9356116        43272203.1668295        42997734.9687704     
   42415004.7500617        43582069.3643002        42931752.0369587     
   42781140.9153801        41571286.5908099        42158504.3312097     
   43183180.1704189        42806704.8661259        42192153.7936936     
   42405698.1404457        43219705.7845765        40788557.0663664     
   42083770.0845186        40764796.8751369        41524927.5181554     
   42701938.3329436        41439854.6562211        41354154.9120839     
   42419848.8293588        41886977.7081974        42723153.3983700     
   42087262.7885057        42817938.5482806        41776757.7775020     
   40800179.5004187        42315313.4583218        41393583.8810423     
   42336952.0914872        42992895.1402868        41659850.6912482     
   42188896.5371044        42799295.7491627        41981183.6186405     
   40526689.6076993        41304164.3882381        42070043.9940699     
   41010697.0363330        42729957.6231980        42038569.0235076     
   43771927.8852383        44079560.3426050        42458357.9895119     
   42180087.2202050        43281648.7625919        41584805.0042124     
   43821101.7761830        43059379.2920253        43328194.0994361     
   42731475.2789138        42457539.4230592        43257754.5839896     
   41271496.6941954        41985442.7690225        42114920.7334469     
   42363578.4673651        43459768.2147458        43427178.4607639     
   41856419.2868838        41900479.8870817        42317598.3775863     
   42560249.7405521        43682022.8715498        41567553.8083521     
   42654809.4033357        42688623.9787625        42203281.7894307     
   42606618.4640329        42277222.2341764        41864798.9510904     
   42671828.7899078        41377810.6327976        43072435.7112636     
   43031833.2323140        42131015.0444203        41072123.7952331     
   41991459.0731314        41998451.7997577        40147560.9156069     
   41099856.5487135        40480121.1419509        40765994.4556417     
   42719829.7887392        40663829.2901858        42905896.4684197     
   42349800.4680120        42762090.1440288        43195906.3108078     
   41243758.9081808        41859946.2207211        43222698.2267883     
   41816733.9399236        42141162.6555440        42160067.8533831     
   42138541.5744053        40703857.1180207        43720266.3329045     
   42575709.9410229        41709718.3831705        42029394.3529838     
   42863948.9015305        42661185.6084085        43153894.3795167     
   43078391.6655216        42025112.6613339        42769744.7450267     
   41463026.9744807        43275491.1531907        42057442.6066759     
   42634535.9176603        40528409.5284024        41537512.7441674     
   41558865.3655125        41350075.7024931        41300207.8932852     
   41992426.2168078        41884714.0305402        41804592.8282807     
   43046810.1920629        42451193.1152626        43077777.6809279     
   43535159.8367394        41789070.4869218        40734643.6224552     
   41591880.4052594        43666794.2709052        41057739.3140296     
   40258023.5245300        42700681.9355516        41121151.6002512     
   41431807.1676906        42519731.6016838        42038498.3937531     
   42728280.3375170        42270835.3869743        42464737.5830878     
   41230120.7945926        42903782.2354803        41785058.5164474     
   41745109.5544575        42176061.5840844        42216961.2432163     
   40813470.7507323        43388003.9908108        43260073.0824783     
   40572539.6637406        42583327.0304455        42975887.3919799     
   41085573.3034777        41367201.1833860        42659196.5114591     
   41345366.2415163        41534634.8511184        41851226.7965727     
   41992126.0782955        42496631.9806727        42909068.1484560     
   41166039.6368259        41610801.4111964        40955433.8441203     
   43577910.4377427        41384509.1878610        42082861.2651316     
   43056885.2315252        43092484.0337384        42356246.5089776     
   42478478.8260779        42048601.3820647        43162113.3774979     
   42126607.8105513        41486300.8219057        42298450.6679599     
   43648185.1658235        41316879.8373636        42370964.6930389     
   42435127.0389300        43651609.0952310        43568764.4869454     
   42565955.7728604        41448597.8719271        41531433.4195292     
   42964372.1747763        40917520.9238512        41534695.3879203     
   41668284.6541201        42226545.0613048        42169625.4847866     
   41882127.7334916        42214890.9715858        43072639.6451126     
   41458759.7325558        43325896.2592073        43321662.0708287     
   42991412.3962834        41549448.0338966        43041116.8589549     
   40867132.6469561        42964478.4712830        41735690.6665376     
   42738253.9725607        42482764.9019844        41395641.0180169     
   42089545.1188268        42340189.5639268        41912756.4974105     
   42895652.9480388        42147636.7071346        41361319.5520303     
   42383905.9634848        41714590.1129631        41515944.5730455     
   42941605.4101437        42608823.2553021        42350402.4222670     
   41344799.3748371        43596552.3161717        42344976.6555901     
   43051190.6618655        41511050.0629521        41298432.2799954     
   42428224.8456880        40097527.8809238        41774710.6671030     
   40298866.7649079        43045023.8690126        42488407.4697932     
   40933874.5495170        42225668.3577908        40697079.1844469     
   41517164.9422910        42289569.8915281        42456989.2131267     
   42480039.0138552        41628064.2333943        42483437.6000633     
   42578558.8387064        41165346.1963681        42355995.8793026     
   42194813.0549343        42602025.7704510        41548850.3008044     
   42936487.0251167        43823315.6437571        42745372.1791799     
   41516523.5007451        43260835.5912073        42058125.0686321     
   41314705.0457012        43265477.1942498        41869674.1402559     
   42037238.7311791        43443285.6214464        42493298.8354114     
   42223186.5156799        41611009.4433156        41949672.0797735     
   41717496.4325506        42334676.2476809        43831016.5063311     
   41569206.3981328        43246537.3061703        43485723.7536292     
   42369054.8090517        40851994.4188336        42586912.0324348     
   41622087.7028462        42187002.9619593        42576149.3278152     
   42742904.8695812        40067324.8066210        43719315.7795003     
   41734713.1872421        43185930.5458782        41576103.6778893     
   40885004.6907591        41690296.7835798        41914997.4422221     
   42595548.6897542        42378890.3650986        42053374.2466566     
   42262711.6953807        42586316.2835493        43535944.9307170     
   41729900.0758539        40734258.2693287        42290068.3697398     
   42552729.2555635        42374700.0939971        42566665.6349305     
   42499967.3078583        44147963.4194905        42797736.5148245     
   42718619.7236305        42690416.1947051        44185835.0987496     
   43398514.4957936        42674640.8696480        41006732.8137976     
   40527402.7409696        42890295.4179132        41229711.6061348     
   41409235.4148268        41282951.3779952        42397346.8218748     
   42606851.1234315        43890660.7973559        41809017.0254216     
   42384195.4065957        42546023.2091178        41696535.5760740     
   43299472.8616485        42130877.3127861        43422203.8380988     
   42344254.1574346        41023581.2110158        43358481.1303558     
   42888161.3057274        42661346.8813902        42371499.8388058     
   42510763.9017658        43627788.4228517        42041105.4807224     
   41467052.7327235        41961194.2310383        42597633.6777713     
   42600033.7970444        43000202.2995567        42096377.3346710     
   43174281.4352560        42612879.7309810        42061861.9921761     
   42671035.4342360        42845594.7175084        41537757.1942620     
   41484591.4656486        42024302.7072928        41875349.6625976     
   42829545.6522942        42570407.8001947        39872240.0533536     
   42085633.7176015        42155541.9564108        42545600.4494697     
   41825820.7758128        40955761.1160928        42707719.3944812     
   41841137.5864987        43674907.5706764        41182276.0775759     
   41646964.5771493        42087719.9855452        42044016.7548742     
   41487388.3664035        42516469.5368854        42246978.4206580     
   42420697.4199527        41398421.4149385        41287226.6754523     
   42704508.5052556        43638099.6542116        42410426.6299521     
   42785732.9824941        41518435.5686114        42884561.6391641     
   42209204.7925958        41790925.0123750        43445205.9027877     
   41068001.7580239        41798407.6256430        42180150.5229707     
   41301409.4438803        43140879.6108440        43215634.7484393     
   41652465.9017475        42028473.0856767        42866422.7503488     
   42011173.1530435        42046319.2862218        42115727.6838163     
   42536146.5714250        41952516.9219198        42341782.8640129     
   41125458.0953915        42198933.5096666        41680058.9459033     
   40206553.0708698        43202352.4663827        43556457.2404480     
   43151811.6055344        43542625.6498935        42957187.1770902     
   42417915.6572613        41801400.2085058        42842477.0972376     
   42134473.6937488        42192665.5917910        43319806.3187469     
   42926213.7610374        43240704.2954598        42094732.0975637     
   42356137.9539287        42710205.1077997        42059969.0935939     
   43184316.7945052        41911246.0943373        41746186.5043875     
   42466551.5041619        41777001.4307096        41608260.2922799     
   41983023.1561412        42907212.0597283        42560862.4538839     
   42864856.0925612        42465852.0107192        42775871.0477648     
   42134594.9686871        42230970.9124132        43029065.2104876     
   42155092.0494084        43558081.8615270        44482573.1934593     
   41730223.8597634        42161926.3214385        40093678.8719934     
   40975053.2301257        43451711.4733192        43407353.4947502     
   43089556.1578210        41653036.3953877        43045885.9242637     
   42468501.0038947        42188779.8110280        41055977.9870823     
   43110030.1623033        42400501.6747452        42173157.3332043     
   42546061.9420424        41899543.3727232        44436051.0341612     
   41935605.4162403        43882779.5592825        42623835.8283290     
   44765765.3226973        43218912.3514052        42840389.7371506     
   42511826.9212337        41885935.1734788        42905517.7117210     
   42505423.2695683        42666723.7416939        42144680.9128693     
   42500850.2349285        41974228.0829629        41836292.5644993     
   41503185.1394368        42509614.6449497        41162615.6994961     
   41519623.0096916        42089023.5600492        43257994.6555277     
   43396296.8594293        44273432.4421948        42461445.4157229     
   42587619.9664443        42514394.8182521        41505260.2370583     
   40520683.1611718        42856588.8729476        43294592.2800221     
   41380035.1554843        41478598.5733462        41187137.4593346     
   42393269.7525964        42709795.0515560        43540132.6925528     
   42278864.9732258        42785799.4639653        41275893.1643527     
   41473672.8134754        41626830.4960053        42778220.9537683     
   42949153.2841730        43578380.3001967        42033486.1451564     
   40847770.0208864        42779716.1138256        40804487.0057696     
   43077652.3356582        42785194.8877880        42869347.9905581     
   43687062.9465873        42311025.3496921        41336147.8540034     
   42662216.6547449        41681900.9906320        43352206.2377969     
   41828674.6400237        41627751.2417555        43377562.9420084     
   42718513.9811888        42653117.6517460        41668518.5465290     
   41533855.8335024        42224742.7470114        43606428.2602713     
   42094901.3442753        42737220.6532472        41486074.3512965     
   42683756.5298220        42449014.6388535        42654363.9918685     
   41336894.2633811        41376759.6967394        43280877.2051402     
   41877513.3778526        41369993.0870219        42352292.5700515     
   41721973.5684752        43478898.6502378        43267040.8972995     
   42241204.7212933        43142088.8698437        43132781.7266094     
   42003882.3110344        41707210.9265574        41729622.8582988     
   40828301.8369795        43019245.5306673        42465601.1925896     
   42331623.2924312        42164684.3296382        41135634.6529143     
   43009652.2635231        42613799.8931080        42285210.9741138     
   42260762.7678059        40533834.2491282        42284857.2526776     
   42057146.5850694        41690841.9662553        42278439.4467977     
   42309950.0479018        42183734.2794276        40560583.3759834     
   41898992.4689035        41604164.0054292        42192400.5722232     
   42369591.1982521        42512918.7197830        43250884.0170214     
   41429494.5512374        42451243.5953448        41233377.6242540     
   41592796.7009948        41693727.7740401        43010022.3400881     
   42366750.7982888        42918750.0341158        42984658.0929635     
   42462661.2482866        42319460.3854885        42695045.8825193     
   43593730.6113231        43122432.3350204        40817097.6499636     
   42311872.1430507        41081806.0081326        42708386.1136164     
   43222401.5716374        43145257.0403076        41005971.9215311     
   43880198.3379463        42896355.3022303        43455956.5217137     
   42906627.2034792        41156798.2575779        42573950.4221783     
   42699720.6591089        41690439.1515563        42266787.5225832     
   41799289.1292337        42595036.4716244        41953978.6736589     
   42360621.8468199        41311929.6611245        41478724.9637340     
   41555730.0780606        41104434.0336679        41574141.9614638     
   41727654.0393925        41297606.0555905        42750372.8401686     
   41574450.9029970        42194804.0552275        42170611.1986812     
   42319940.3278274        42655772.9050264        41137368.4487287     
   43240044.2082805        43121297.5259462        43311173.4907065     
   41961104.3059208        43024445.0086699        41906481.5666870     
   41921981.9718855        44244403.4015590        42992656.2842061     
   40254676.2941151        43067990.0008568        43197824.8864858     
   43428088.8580240        43660750.5229234        43214883.2038838     
   41698190.8092097        42229172.5788418        43120276.2656177     
   42050807.1524541        42876970.4443387        42401729.8187070     
   42439958.7017653        42396197.0433317        42104572.0826469     
   41928490.0659294        41775163.5489897        42558906.4812218     
   43466694.9161429        43678750.8422466        41003410.6140434     
   41841989.6453460        41944510.8897668        42358599.5825877     
   41482905.7651946        43372185.1910252        40711389.9676837     
   40458110.7321989        41958005.4447174        42025605.0963199     
   42215485.5358331        43255290.0190735        43097194.9753855     
   42571762.2254860        41962581.6936537        44975854.0654753     
   42537974.8046228        42953234.7019498        42432596.5056514     
   42419768.7008924        41624576.0502200        41954681.1585069     
   43416019.0822250        42871744.6941575        42706754.4799888     
   43327662.7752997        41769184.5691240        42257342.1081883     
   41814998.4938471        43168214.1346276        42086656.6782734     
   42167233.5482489        41936359.5619625        43068311.0257202     
   41183558.4563673        42238836.5997869        41397206.1089369     
   44293290.6283765        41572894.6060258        42781376.3702287     
   41775054.9039489        42676428.1512980        41007563.9937746     
   43173025.7137218        41767595.3692740        43844800.8888776     
   41281242.4261022        43735838.1357681        41744311.3806770     
   42894125.8260499        41900306.1099674        41226458.1559872     
   42022529.4490903        41997715.1176722        41364116.1543635     
   43426247.1551560        44116594.6044551        42604486.5287789     
   41363526.9342934        41479483.3377914        42233453.9321449     
   42193462.3231618        42739759.7753614        41098000.5645379     
   41543727.8097104        41013904.8769947        42862269.7875950     
   43604853.3639262        42029635.5088234        41115825.8035447     
   42219182.3282026        41330174.7537579        42102263.1944752     
   42295256.5147842        41401918.6376001        43000417.6071475     
   42652282.2297675        42001037.3402652        43444255.4725999     
   41404072.0073445        42820468.2091261        42417117.2027646     
   42122893.6854787        42774513.2049065        42851600.8092330     
   42376851.8557284        43487730.4258426        42698074.8512484     
   42082139.5540467        40823515.0800347        42154872.3112789     
   41709048.0014809        42317751.6594157        43000357.9795912     
   40974269.9178075        42745623.2109450        42234913.3498967     
   42433212.6569797        42230018.5113398        42272984.2518570     
   41617063.7969365        42609449.4236353        42353947.8647460     
   42881680.3344163        41478529.6129454        41714594.6827453     
   40831211.5722131        42761729.9057910        42427430.6088244     
   43197479.0022007        43028861.2096599        42025845.5373080     
   41965364.0188548        41455522.8959181        42921566.9739149     
   42027859.7530373        41856943.6396275        42039088.6203180     
   42464955.7880370        42334175.1373962        41473112.2648964     
   42010751.0259288        42802024.3924321        43128215.7400367     
   41447478.5620812        42397909.6168574        43350138.3353139     
   41071610.7774796        41890679.0771061        42174307.6257617     
   42527888.7968050        40566202.1197687        42987360.5967390     
   42627952.5378852        42135156.4315052        40774822.6991089     
   42089967.2705357        43086882.8713354        42999706.0303584     
   43572093.9373387        41936743.1558652        42556365.5449741     
   40039216.9903706        42744072.0083189        41818615.7041974     
   43468875.8939268        41476590.7593717        41849182.0483641     
   42541697.0577200        41933708.7820436        42706051.2331214     
   42297257.3556742        41428572.6029741        41199730.1905110     
   41884908.0662005        41876425.2980375        41906922.7561279     
   41079922.5887435        41390133.4399278        42429789.7724269     
   40924942.0604269        42485412.1201778        42217313.1817021     
   44041195.0613161        40586139.6159633        41720920.0973261     
   42448831.6186913        42741147.1623367        42532839.0708609     
   43726637.7322410        43455760.7641517        43557364.9317936     
   43065057.0094067        42592454.9136632        44082008.0525242     
   42207058.1223516        43591331.1641728        43166394.9356296     
   42982463.5242081     
   72208.5571530430     
   111429.014614861        109032.692026378        112568.990218414     
   104162.824309159        103049.350727706        104302.456159502     
   116038.235391776        107873.673531787        109993.136955618     
   107671.849417896        97543.9104403668        105314.145753878     
   108430.601064980        103355.859279907        104794.554621464     
   103733.530023713        104924.065141250        109212.554824143     
   106836.842218983        102642.361055290        110746.979606778     
   116082.897240178        99824.3275921193        113050.603243381     
   112565.626031552        102950.238869571        105905.078184690     
   110022.321660746        115622.220957562        114713.794036130     
   101521.962622093        114020.906731236        106924.823800385     
   104289.720617619        106380.620693838        106042.503596282     
   105573.308118698        97381.5216964228        104924.189187631     
   108702.343226654        104909.388370347        110431.304073362     
   114385.209036323        106536.202839352        106360.639649838     
   110805.212862485        108450.891732350        101687.436725304     
   106759.870263994        108115.604986630        111292.127204581     
   106359.581776362        109681.549499029        107152.236667879     
   103114.428120884        108795.634231451        111366.209298923     
   109067.713542633        107319.312072623        113684.280132047     
   102698.864480191        107895.437211515        105539.378151222     
   108414.187356889        114633.514223279        106999.202505461     
   106928.649427760        112309.074288901        110213.159380593     
   103919.882015413        101279.561177176        103632.667202088     
   102583.514963725        104640.219206265        107106.940848635     
   100517.601763311        108518.800931667        109742.071287536     
   107115.095731906        110030.422616086        114789.372686754     
   106058.514552396        103483.658568087        104703.187326602     
   103291.066263266        101126.213780051        113027.867318727     
   106535.163007208        107823.085221377        105780.251515595     
   110996.173381244        107713.952628708        113077.243469148     
   107520.454534692        108823.496844862        104211.587410390     
   102091.487132381        107987.810213375        112725.913191072     
   108434.717973295        109505.906791291        109493.090436679     
   104347.066580705        105767.690504789        107268.535033374     
   105932.518599540        110970.242611103        106071.486581601     
   104544.622274108        101204.468954903        111478.771315011     
   111237.979704266        107640.609765659        102965.085838291     
   110619.702850021        106221.075483601        106958.779501043     
   106223.590258868        108792.965076114        108939.387056628     
   109274.064410207        112874.554011119        108393.596224938     
   107489.350049045        101291.992067894        106169.835548682     
   110707.493003166        109736.928904755        108368.275838924     
   107633.019456040        110190.486404040        102967.139655041     
   106156.369932074        101568.946415890        103459.026090849     
   107792.889255074        101674.963140330        100141.178834441     
   109444.304175136        102649.497505524        108597.142601555     
   108559.449315423        109671.788258456        105476.653201438     
   102755.406121537        104119.335789006        103533.207887688     
   108744.171251310        112494.196173003        105195.823961098     
   105128.029013643        110868.819945808        104277.319479751     
   101349.192821415        101149.337925127        108175.685615654     
   101449.380717161        109849.083381561        104556.514446565     
   114743.718079970        114100.107004445        107806.762802223     
   107321.466154403        115296.796000269        103259.880409000     
   113748.429453709        110593.388058280        108425.095941346     
   107392.236788811        107608.451292718        112676.605226641     
   102261.150488483        104663.846495821        105500.563137559     
   108614.126194560        111931.747598565        112552.506005951     
   105872.162489678        104876.660810454        107024.428934278     
   108572.105762542        112132.968728476        104275.964912603     
   107282.050251651        107504.481153168        107959.373881291     
   109000.788806845        106985.322870577        105543.225158303     
   107599.586483928        105429.508883412        111123.200926431     
   113171.637585431        104742.959386428        101875.752308794     
   107246.357704508        105907.742948631        99636.3451777818     
   101340.203602393        102157.390883081        101638.047519381     
   108454.047376420        102643.733697740        109001.442236989     
   108406.209029026        106250.965016418        109356.753186239     
   104382.731967266        105536.509734354        108661.867108396     
   103776.447662468        106821.133177204        109663.587294156     
   107492.224641424        100202.652639358        113120.798492860     
   105803.838738671        105637.779226292        107371.140753810     
   111657.875627807        111161.436380873        112040.582293532     
   111034.180313987        104775.648653274        108379.037040311     
   103620.189488761        113014.071731894        106907.211292888     
   108365.851532673        100849.241027957        102258.986452145     
   105085.981012688        104064.527988737        101626.498582224     
   103113.497225032        104922.635713703        105743.737926471     
   110122.593320803        107818.209807391        111726.449002674     
   113218.036760415        103448.922827736        102540.220926002     
   104325.765247146        112528.142921671        102511.645238290     
   101149.790381330        109519.786829118        102777.923211575     
   103206.292956068        108956.672576105        105688.451326225     
   108540.218709143        110060.582828227        108304.814273613     
   104201.992558920        110856.531673097        107608.796821857     
   105386.875539783        105247.700660134        107889.316021194     
   103123.846530576        109692.932428559        111867.223474080     
   100014.913323258        112065.790367229        112657.006706404     
   101709.859684424        105558.868902583        107974.130319525     
   105309.465559490        103299.433101919        105666.242689988     
   106217.681878965        111840.165058026        111427.313950065     
   102083.105644181        105264.527324636        100686.022393984     
   111096.116529710        101066.087486691        107111.150499891     
   109025.644032723        111333.002737142        110231.909177812     
   109350.859113000        107959.828954129        110921.480508736     
   105943.529680556        104299.023906018        108505.194029654     
   113823.973966661        103969.784963071        107416.158187696     
   106562.244052085        112618.136384296        113181.788730414     
   108332.230095575        105507.338564827        102873.428890969     
   111364.522438751        102422.883315701        105589.867947544     
   106300.598271688        109458.260455741        108291.228501509     
   104309.438999605        106497.345648670        110080.402457969     
   104155.549964879        109555.141294015        112745.960661623     
   111071.546904680        105388.862243778        111527.346953599     
   101407.658812157        110611.514654483        104676.664714495     
   110947.771514315        107032.483278543        103676.500076541     
   107486.138896349        106346.769131459        105802.442894663     
   111292.534362393        106305.112289168        106639.944834345     
   108471.065294499        105946.405421254        107173.661117764     
   113033.282834548        110044.448430875        107126.547775450     
   103802.359718125        112065.180547310        108163.878198404     
   110576.377723636        104539.736061916        103815.804079074     
   107153.141781745        102797.028652332        105138.671722094     
   102076.018912627        109201.138992122        108618.243088833     
   106182.522950822        107589.070273499        101185.250040976     
   104470.426712957        107343.805703862        107991.681344496     
   109333.334080942        104074.579312373        108587.119928026     
   109087.618506305        103434.403807597        106450.595344681     
   105569.814614809        109177.390631026        106214.600687783     
   110623.665693462        113834.981581452        110435.762301457     
   100251.658910573        111171.317270385        105975.429956187     
   104322.992981422        109903.937629037        106265.913967370     
   107426.965047547        117394.774845097        108825.486598384     
   107255.945084896        106611.765298507        103095.117165799     
   103458.233786860        105081.491223259        114156.924318214     
   103400.705217310        110413.286963817        116204.608756490     
   106411.860329472        103279.120722696        108704.295725912     
   105499.378068280        107154.359542347        109071.905784312     
   112689.068885383        96883.5681001940        112132.704390796     
   105920.814708999        111586.345486532        105852.271314525     
   103476.151565812        104605.711578946        105286.522838563     
   107030.009338879        104909.772557573        107692.691301756     
   106786.804508789        109931.831905750        112162.143412156     
   102691.065115349        99637.7024127698        103871.671903805     
   106228.542601532        105232.638659096        109856.915641043     
   107488.458769033        115420.080503669        107046.360758755     
   108935.567994219        108730.578886946        114338.392618678     
   112542.028286898        109237.929441749        102204.529863168     
   100473.620909829        109132.039772774        100327.894116709     
   103651.760443511        104445.937163794        109925.121660276     
   108744.199348971        110846.664491098        105981.377802165     
   108410.987913466        106797.635979568        106415.049968641     
   111283.843543605        106674.452471770        111758.326292797     
   106351.598349274        102889.372561939        113135.323839843     
   110124.286343404        109587.430926328        106155.556162263     
   109324.172110094        112381.047745655        106598.742487408     
   102722.818422443        106646.320766953        109723.207635008     
   109314.487350712        111605.322746000        104385.726872404     
   111646.088001883        106332.167340713        105243.529029189     
   109791.945860807        113694.608105544        103231.053421709     
   104852.226165335        107609.918632066        107091.647287782     
   111914.453653553        108071.871833928        97529.5160978783     
   104712.523612116        109275.855861556        106402.398032234     
   104003.392744783        101860.218053936        109576.050052011     
   108078.588980660        113049.028469544        99532.4860550921     
   104653.782653712        107479.209784191        104078.484851982     
   103582.831475299        108359.025733118        107121.844181882     
   108523.582651338        102973.995742409        102866.684407564     
   111655.201077403        116146.352227058        106765.839618015     
   111814.605677716        105259.631362590        110082.785108867     
   110498.193662849        105551.680467998        112588.009191176     
   100982.473347640        105574.357054860        106571.349404982     
   102703.456972991        110151.213712098        108235.410950370     
   105593.134706532        106313.156354281        110331.675978733     
   107786.639485682        106577.879338678        105900.715748118     
   111199.084772228        107591.323298401        110826.947010421     
   105680.257607299        110328.116200626        102726.369866515     
   97635.9515294888        114230.518817783        115620.163055869     
   109253.476297967        114211.817127425        109999.386634009     
   106351.820298732        108190.846900451        110990.952375058     
   106294.350819884        109015.354565572        112142.277558003     
   109016.554273448        111676.996747189        104023.974423888     
   107194.714607741        109355.333036769        105129.848995302     
   109438.013530606        105122.237391880        106133.983195277     
   108658.007724546        105435.570907887        105114.126073919     
   106153.977803801        108969.989644917        109178.643335071     
   110385.172518481        105898.962275726        109744.155562094     
   104154.476803628        106307.449879228        110772.645626994     
   110522.980466232        111303.046226438        116988.716603969     
   105923.325813473        107240.557678104        98635.7278483834     
   102620.478113542        108870.099978024        110762.289490719     
   113065.924600025        105370.120957110        110562.175979787     
   107188.881986888        106377.032010717        101972.680803953     
   112124.173374242        108332.551155246        106568.596875461     
   105529.420768567        107635.454393073        116803.826055740     
   104330.638772154        114368.270636400        110170.439347527     
   118764.976241299        114506.292012655        110303.558221819     
   110809.482761821        103218.357602656        109722.933747915     
   108460.552436661        110476.205549877        104692.753357128     
   108588.027938733        105597.871002764        103988.261253380     
   105413.265145583        107018.509603000        103440.889105256     
   102303.697576263        105170.496615102        109576.920758933     
   110040.623547456        114445.447414819        108041.342841543     
   108876.069088094        109956.813424198        104424.616419478     
   100458.475998417        108588.433871275        112169.480561756     
   106530.858271760        104834.442762137        103503.386152592     
   109852.794342833        109118.253861564        113536.879447913     
   108091.217613479        109201.893839277        103619.153117420     
   105499.093575931        105187.721713145        108643.283146801     
   108625.380830721        108837.733463956        106775.330236136     
   101417.010190039        107813.903887004        103094.317696899     
   110520.188813596        107558.333936453        111289.581202518     
   114107.408099221        106308.433429643        104517.832045847     
   108616.304941572        105850.705916893        115212.047222013     
   103776.751878641        104408.169911147        111227.085459997     
   109647.852692345        107576.029554379        103819.496099081     
   103987.374090425        105483.616474820        111856.435062804     
   105898.523428629        108746.477868015        103102.744286703     
   108208.740776085        109618.200637612        107851.964472421     
   104897.261923706        102290.162613400        115262.578931655     
   105933.659890245        102941.339437615        106611.891617239     
   105150.612420407        113425.966122488        111312.628758071     
   106905.711873516        113732.918611378        111276.560172912     
   105256.228666225        105159.517035124        104967.800510082     
   100310.912211703        108677.127165459        105564.739609783     
   107884.521125027        109511.887828988        100977.456799093     
   109000.532318483        106962.794140134        111070.339925121     
   106371.870986032        99578.4581436274        104706.587641653     
   105668.568855699        105435.056609204        107428.446998314     
   106160.969359925        107628.683295455        101899.694135577     
   107800.524326476        103001.866689373        106294.496427751     
   112483.537341265        107425.588456253        113719.377321996     
   101826.722852462        107303.506021539        103788.005721379     
   105650.320262759        104450.020249347        110128.738492748     
   105856.878980579        111789.046150928        110155.307846854     
   110097.090837657        106885.405091149        108659.430326687     
   111312.901746406        110678.873662221        101209.231183388     
   105540.868452181        102320.173827610        108856.662093589     
   115354.024921212        108901.721227771        100425.710322944     
   115197.570186512        106937.990410604        111146.390566601     
   106354.898075879        101831.890301062        108469.934731552     
   106988.903877179        105070.592364971        106664.085036520     
   102901.225883718        109633.413474931        105470.725489777     
   109790.242708239        102646.476697901        103549.737369705     
   104161.389723175        101985.079769835        103198.970627664     
   103316.270597293        100910.762338438        107701.071316653     
   103910.548116995        107624.702661634        106910.704683828     
   105718.593559046        107994.093998261        104070.889598734     
   111725.762165308        108402.540364231        112797.894444556     
   108600.450757080        109169.973021397        106092.701358342     
   108971.702911838        115812.525726963        111566.876251722     
   97274.9519762016        111812.247457939        110489.803719194     
   111260.906260152        111102.661012122        109871.644917560     
   105867.784712707        106307.486220012        111410.678088801     
   105324.758038114        109967.729242347        107904.150589617     
   104939.909527764        107851.584679930        106848.132092955     
   106113.176378494        104193.916812471        108165.548213431     
   112467.121209895        112691.283401515        100333.731247669     
   103283.245937001        106289.289837534        107294.225446113     
   104041.392719579        111605.749510777        97695.2632599080     
   99533.4290077122        107262.260392408        105335.975884008     
   106354.697648796        111440.398600457        111783.866816870     
   106098.975926744        105119.453242662        118982.179342928     
   106457.423183127        110910.381837641        109786.405647492     
   108187.722986970        104383.881752969        106764.276409460     
   110947.312307933        110399.027427275        109125.278392111     
   108080.526946732        105915.384535305        107814.285071322     
   106392.700537263        108978.393614601        105215.026030835     
   108000.748609851        104443.235268102        111275.843084989     
   101167.226839763        107394.499069545        104566.204770363     
   115102.003235994        105534.862337529        109798.390807043     
   103855.089753418        107223.838213380        101411.948980510     
   114134.508533333        106726.023168824        112041.766798270     
   104565.994937374        114417.502477339        106144.295937405     
   111224.785477769        103948.854821971        106807.065248282     
   104206.685227309        106747.883396241        105462.892334702     
   112105.091441023        114211.750710298        108640.875264077     
   102278.223012316        105507.835051460        106621.661905502     
   108845.848863437        108489.853372003        103081.751484607     
   105514.438278144        103593.135464310        108824.033207310     
   114826.716837551        108010.403929520        103109.510914904     
   109738.770794909        103111.227791445        107706.737235483     
   109579.260297320        104411.407547031        111601.838887570     
   107299.174879892        109015.198803027        113221.784633594     
   106417.514459678        108930.715002264        109156.124564965     
   106421.905029033        109866.388396614        112402.630078004     
   106974.524580704        111685.189189277        107121.032880187     
   106682.090148551        100498.180300197        108967.407463509     
   104946.475639467        106968.339322290        109513.568195472     
   101219.383512468        107592.721435950        106266.742867527     
   111765.182662952        106132.207395604        106006.396244207     
   102849.672937636        110393.076989155        107982.804862231     
   108814.780679055        105572.968116269        106858.740852793     
   101225.573905267        109391.179469338        108121.395508061     
   109232.150021325        111226.352278166        104968.875419271     
   107517.763368800        103447.229866410        114113.702482974     
   103997.403212856        104745.459979267        109123.611052243     
   108353.647837518        110192.878799320        108096.256618748     
   106786.860011256        108155.558019869        108296.052999546     
   102905.052931093        107416.072101619        110178.932124747     
   101296.654070925        103174.302957163        107418.543281914     
   106980.531060554        101233.485268020        109535.537784269     
   109794.226973682        107090.303074812        100041.698302930     
   104942.573734236        110558.429087277        108591.744997004     
   115111.744917117        107085.129860719        109479.750985580     
   101234.722562509        108754.550897288        106483.932154832     
   114193.951121249        103743.655512040        104399.816185831     
   108772.187738528        104307.732188628        109336.566017054     
   106307.359562216        104207.487777406        104412.284932910     
   104887.179410288        104720.196042061        104286.480427694     
   100963.819648488        101748.163857555        105818.362290555     
   104622.346296612        113014.893716212        106864.653261778     
   113903.079783248        98589.7618976277        103497.903205973     
   109583.149038045        108838.545798482        109800.650284857     
   113055.226435851        113535.086883479        113094.102536319     
   108039.673787992        109883.613461858        114820.980229619     
   104734.067704917        112668.902219957        111175.566905319     
   111023.273114474     
   2120877.00000000     
   58187.4956568988        45584.0238902830        50761.7265389449     
   51328.9207548442        46726.9611208796        49927.6759932637     
   56858.0608052211        46474.7938575541        52771.2592205596     
   48265.0312656559        41920.7520992866        46088.9679834570     
   46925.7392772774        49500.6672101748        53221.0003747130     
   47574.9127567801        40599.7619740737        48109.6810071518     
   44382.0033093854        46006.0520688549        53872.2255659273     
   52092.9008853345        45851.1924370644        46694.6094927329     
   52369.7184241504        49151.7870143610        47587.8325935721     
   48035.2692889192        51003.3676291418        51456.9891945757     
   42626.4963256175        49800.5888069595        52216.3306725008     
   42577.2701120174        46949.7651187687        46484.2793073508     
   50106.5168641170        40638.0605926885        53898.4666613680     
   48697.4815450233        53189.7935422315        51883.3735436655     
   49909.8052869070        45100.6079026037        52321.4437290253     
   55808.1791079748        46181.2801429988        44563.6838681872     
   49778.5106048465        51642.1636102776        55706.1584864938     
   47491.2088659409        51126.4108619277        53920.6192008618     
   50647.4699845757        53227.0811724667        50826.2216505719     
   48074.1328716285        47563.4796676050        43413.9819359331     
   49019.2434643022        54587.2470973885        44973.1638968713     
   51572.5838218003        51139.9105302904        53548.0699829849     
   47845.0399313194        48999.5886608050        52995.7581107321     
   46835.7910464467        46792.4523534101        47320.6789142669     
   49913.5072884734        42358.7925496939        54600.2115366091     
   49406.2587364930        52544.9316308182        54429.7707897920     
   48543.1571423749        49045.9454515042        57387.6254389333     
   51927.3515381775        45476.2198205717        46366.3653538436     
   48082.5478631409        43619.0341672747        45550.5572014235     
   49818.3257060307        55146.9778402503        53515.3020655054     
   47324.0538313575        55629.8883337398        51816.9307926602     
   49384.3738115702        48913.7735883497        44724.1188035416     
   44644.6670108872        47298.0803504879        49034.7205069956     
   55490.3868048333        44722.9294054480        53285.4657513877     
   42318.3084120820        55452.0138488376        55872.0795205550     
   53388.7203733909        54331.0507480208        49232.6214822993     
   39952.9821582344        43197.8534348445        52387.7972751736     
   55877.6845590713        52472.6162267255        43668.1117061131     
   55318.4593103993        47365.9801141580        49902.7878381545     
   50304.2096947543        50821.7762751970        53862.1454170838     
   51533.4526245199        52831.4130291449        49074.1341863232     
   46729.0723024958        46910.4852467266        47465.6368069279     
   48309.7377665002        51024.5686501607        47890.4898059722     
   51177.4806425729        55189.9448463826        45441.6826734280     
   53024.0806528366        43080.1476260038        49080.3041889339     
   48559.7046433525        44446.1564690605        45885.2240900184     
   43406.7712099905        49090.8154945864        51158.3610682178     
   44610.1595986957        49228.8748783044        47780.3366750259     
   53339.5833646479        50101.0158979340        44682.2668581220     
   48144.9615281041        46084.1955236063        49312.9355885716     
   49169.2116964327        51526.4054408151        50322.0209312064     
   43333.4299500420        49730.5035242924        52581.5650921019     
   42225.5056258266        55105.7503288299        48955.4917264837     
   53470.8631792322        57113.6327205897        52132.0023476625     
   54371.9809099178        43051.4682644711        46736.2384260099     
   57115.3870827778        52380.3486696122        45910.3055223178     
   50709.2443480635        54013.1246375938        46091.0642975970     
   50117.7418086257        54758.6096277281        49726.0730163936     
   49499.4183421764        55398.8180191001        52478.1766628132     
   50910.1188186013        46099.4049517286        44667.0871649521     
   53854.3994619990        48415.1481725481        50200.6874581801     
   45883.6035351158        50746.3535685847        50890.0774607236     
   46813.8317841430        44824.5783400247        51933.5066733120     
   52601.5915825034        47675.3128233585        54027.6204268599     
   49868.9494623908        49034.4826273769        41588.9397661164     
   43914.7036658747        51438.6873314100        39550.6087831597     
   44382.6277433845        45924.4296246796        42036.9116906056     
   58605.5839542855        41948.6880870107        49117.7404939309     
   48105.8303308237        52832.3794150959        54660.3653451943     
   47369.0576817252        47005.8601063594        45175.7927295972     
   48443.0841602722        45688.1705608564        49141.3946485179     
   54376.3073454834        45623.8984613719        50508.4293474304     
   53750.8920929009        47188.1204967319        51995.7419285611     
   47499.2967729776        47537.6251265448        48201.9782992174     
   46258.1895972281        44994.7514722707        60956.1468042960     
   46847.1795331932        53778.1441767212        51087.7405564086     
   51923.3224521353        43122.4604631846        45523.1713103177     
   50236.5924131315        43972.8206302247        45070.6202031680     
   48337.6737542243        45181.7248525892        54949.4931542794     
   61033.7401624291        49944.6546510503        50352.6033296889     
   51011.1433191789        48514.6413230801        44688.9423549225     
   39697.3656404374        52066.4070427989        47835.4058067610     
   48415.5941968332        49765.3528884357        44480.9612307753     
   50856.5215670071        51620.3827576880        45844.3980004546     
   47456.7906586065        50753.4750896703        51079.7715891813     
   48159.8736067030        56536.7895126558        48274.7843300237     
   50082.4018177687        51180.7663548066        46666.7032399611     
   47692.4996258115        52483.5438217107        48062.6997824535     
   46921.4128417118        47109.9473070281        52379.9769827080     
   43353.6497176337        51011.3217288929        48656.1796962220     
   49345.5399638132        47798.4303935253        47490.3168173707     
   47546.4861423423        56669.2587253337        44859.0708847400     
   45570.6431617297        46060.8981884474        45667.8318534553     
   57353.6383884078        43993.4120847206        50691.9386058012     
   51704.0569135748        54661.4358034786        51449.4811191097     
   46064.8975395372        50635.7395458772        47688.4259373408     
   48115.9699495719        51462.8767151392        53189.7935422314     
   54875.8842797599        51767.9573261550        52728.4408891889     
   48414.0182443591        56817.2495831335        55115.9642849589     
   49414.7926678147        49465.6691712697        46848.5770759532     
   43969.1186286582        46862.1064792682        47835.7626261891     
   49301.0564751115        53058.9448844561        54937.4504985814     
   50279.1282624549        44916.2214631388        53031.1427040175     
   50041.6054631572        52078.7173130679        53914.1667162039     
   60704.3958303033        45407.7848277595        57633.4740248864     
   43646.0483714763        50324.2213176796        50100.7631508391     
   46991.4089195218        48656.3729734122        50255.1321559160     
   45777.1821406883        51928.0949119860        44418.0420716223     
   56064.7322767706        51806.0775350558        53650.8637132267     
   48890.6843978571        49278.2200317138        49731.0238859583     
   47157.6867730112        51526.1378262441        47644.6263525429     
   45650.6747859547        53685.1332457994        50479.2890941365     
   53758.7421203189        51308.0914207295        46718.3082497485     
   46695.9326981121        41488.5396995380        51049.2932630320     
   43914.9564129696        47371.5256827695        48776.7697954398     
   42890.5724373555        53021.8802663634        45743.7005843527     
   44743.9222818005        45432.7621877257        51215.3035019503     
   52795.9987009071        45826.8841135259        42931.4579968240     
   46000.5213677195        46919.7922868092        47158.5044842005     
   48169.1657793094        49065.3326404304        45653.2617268084     
   53502.8579879508        51621.0071916872        55697.8029648861     
   48964.5608869477        51625.4525670621        46957.4070015202     
   46780.9300593780        53468.6776602351        49023.9713217244     
   51156.6959108867        55002.9863335403        48285.5781177234     
   49138.7482377596        49075.4871266547        48212.0138456324     
   47545.8765758193        43750.0612347641        49782.2274738891     
   47700.9146173239        60912.6891714500        49162.3429224420     
   48047.1781373316        42044.7765854997        46116.7552964194     
   41927.4127286109        51946.2481003900        39772.8478169543     
   49890.2991581714        41432.6677240897        58093.9346293587     
   44812.5654192791        58229.6449518417        53282.3435813920     
   49704.8125254700        47938.3630792407        51403.0202560773     
   51667.1558377200        53841.8810470636        48881.6152373932     
   51324.3118372314        53190.2544339927        50765.5177453683     
   45580.3218887166        43628.0289903578        50895.8014390492     
   55491.6505403078        47922.4994821670        47431.0401898795     
   53719.5663206100        56370.5413941188        52293.2847291586     
   53320.6422000068        57792.4668150522        49735.4841288095     
   50576.1209664341        54047.6171823090        45466.6749008703     
   46495.3555770977        52198.2964239062        42158.8249952026     
   44437.6820076434        43060.1657380308        51261.2440033167     
   52466.2232119723        49466.3530751736        47700.3645207056     
   55725.3226632774        49626.2527813858        46356.5676870474     
   53021.8505314111        46840.0728795837        51100.7495980577     
   57448.7902358982        44480.5895438710        52562.9361444605     
   51552.9884882077        58670.8224397211        52954.1886473597     
   52091.4141377174        56960.6315233205        49317.4701688035     
   47535.5288124048        46325.3013846611        51969.2629535017     
   49160.1276684926        48720.6599403729        52686.1875219128     
   48776.3832410594        52092.1872464783        52103.2189137967     
   44059.5128837740        50585.3982715644        43051.4979994235     
   44092.4592109676        43328.1371285254        58848.6374547186     
   54790.9463883986        49152.9169425500        40786.8542942015     
   48162.0293907477        48201.7998895034        47693.6295540004     
   48965.7502850413        48899.5156787023        52440.8741651018     
   48312.5774544488        55205.0204672194        40548.5286511906     
   44782.5331174149        52625.6620264232        45332.7486755277     
   54511.5567762052        58158.6081506998        53980.8473468279     
   54225.9822939249        43793.0431083726        43049.9963843303     
   50568.5980234919        60096.8215491252        51198.4140490208     
   51782.3341756118        51936.6288433078        55142.9933566366     
   48272.5244736458        51988.8136846658        55317.5672618290     
   41957.4004280465        53050.4406880866        51842.2501045783     
   43094.7623550792        54342.3202949579        52429.7384254502     
   51201.8484360161        51647.4118293657        52009.8511634468     
   44062.1146921038        55780.5553372503        52762.7996266187     
   50559.7370076944        48649.3257897075        43004.4870397728     
   49195.4081894449        45438.0401417662        50219.9259723445     
   46237.4643354466        49531.4131508951        49311.8948652397     
   57377.8872420417        54365.1121359271        46309.6756672060     
   53744.6923553379        47937.6791753369        54461.5574538443     
   49575.9115070730        46669.3793856718        51116.7321349408     
   48182.0856161015        51911.7852906271        41742.9668192414     
   51959.7031663242        45758.4639881898        47900.8673043391     
   64587.9887506683        49773.3664580915        47880.9597537470     
   53178.0482360569        50995.8149512472        50842.2190549312     
   47995.5731275443        52558.7137812281        51206.2789439149     
   50824.1996738128        45545.9036813822        51817.3916844215     
   47183.4669766906        47034.7773475108        53876.0167723507     
   47430.5792981182        54713.2638254085        51918.4905223799     
   47834.3204810005        53416.4482164486        41600.2687829582     
   46050.3125454141        54821.0530276436        54528.6097713726     
   50317.4120135936        48636.1978082490        53105.9409766306     
   53842.5946859197        44785.6850223630        41517.8880974982     
   51749.1202338472        48125.3810619877        46905.2518951146     
   47289.6653589755        50013.4761982429        57597.9704917916     
   45573.7801992016        60195.3334462300        51097.3895484432     
   57892.9114840592        55114.8938266747        52315.3480637954     
   43739.0295674457        38771.6719716421        50941.9203501297     
   53478.3266522697        53875.5261456371        48520.6180485006     
   51628.8572191051        51112.7179163748        48795.3541406528     
   52174.5976668906        54093.8847681512        50777.5306661140     
   42616.5053816310        54704.3879421348        64477.0030410565     
   49526.4176789018        58212.2202697701        50970.4956393291     
   51120.5084738881        44686.4148839735        53472.0823122781     
   44149.8030665566        53361.7953740464        64246.0070637976     
   46659.0167547810        56076.4032455643        47137.3480656101     
   53212.1988288202        56216.2467264228        55343.1393208421     
   52522.1843922775        53728.3232640743        41290.5197844249     
   47511.3840311041        42157.2787776809        46196.1476191692     
   46314.0318377240        53875.8383626367        47160.9427502925     
   41711.0909503321        49139.7146237107        41692.4471352145     
   49547.4848926352        47586.9108100495        47923.8821574508     
   52236.7288498065        46980.3326497749        42321.9360762676     
   48343.9032267397        51917.4944014765        52978.2888262319     
   51561.5818894342        45638.6321302567        54370.4346923961     
   49946.4536156669        49629.5682285718        44306.4913979161     
   54109.5996904633        47293.2781556849        53238.6778038796     
   53059.3909087412        49929.9953195463        41489.2682058703     
   45736.0289666488        50517.8255923701        50415.7901034129     
   42502.3082971665        44996.0895451260        49801.6890001961     
   45656.1162822331        47423.1604275092        49334.7907785420     
   47216.2051592177        58185.1614631400        44211.1165382832     
   50431.4604232965        58162.8899838368        54872.8959170497     
   53378.6253570712        49772.5487469022        47913.5343940362     
   47000.9835741756        50073.4069946856        46411.8300959726     
   50015.1413555740        47837.8886752814        49040.5485576544     
   57370.4535039565        49879.5053704718        50405.3531351413     
   45212.0099015482        44720.2681272135        46253.7590893293     
   46163.8257259748        48857.3515162832        48187.9136667603     
   45698.1466373667        46591.7116901578        42990.6008170297     
   46533.6839306649        44846.6268071854        45015.5808063854     
   48317.4985890611        54264.0430329210        46587.5636643063     
   44412.6154428201        52464.2161026892        44912.4302567154     
   50333.4986228099        45928.9047350069        50309.6809259850     
   44113.1101353682        51227.1082780296        53873.1770844022     
   52333.8432041514        49353.9103528971        51894.9999100308     
   53232.5970061259        52917.4213787904        46580.9030349820     
   49755.3470769731        49019.1096570167        43211.7099226353     
   50116.4632056750        52676.8656143540        45659.2979221335     
   56193.8414398340        48695.2216886454        59880.6484456082     
   55978.5157824587        48927.8530882830        54274.7178808113     
   50598.5411204990        45161.6091573307        52243.6868286543     
   44458.7492213768        41455.5190349636        51417.5309128196     
   44594.6230860977        48777.3942294390        47581.3355064857     
   39794.5245972107        44603.9301261804        46668.1899875782     
   44903.1083491566        49652.2708646839        49370.8592757313     
   52251.8639405480        52881.5015563628        50066.7314978851     
   49622.6102497241        57977.5668933733        50282.5329144979     
   54047.2752303571        52685.1319311047        59103.6146710403     
   47739.6741277000        46300.6362416945        51080.7528426085     
   50440.5147162842        52253.6331702122        50589.7098396538     
   44492.8849466639        46846.0942074327        52673.4014924063     
   55708.4778127764        53992.1912311459        56337.2531149733     
   47444.8966776702        54482.1786432925        54541.4255358314     
   50210.0539681674        44989.7411328013        50806.8790640743     
   46159.6479651709        51093.8510891146        48896.1110266593     
   45306.0169533734        48352.5709653470        53225.6836297067     
   54806.1558165209        54859.2921763538        49724.7498110145     
   49889.7193266008        53571.0848360966        51846.2048532396     
   49895.3094976409        54238.0695520514        46616.0646161249     
   40797.2763949970        53650.2987491323        51089.0340268354     
   52484.4804727095        57044.2016068741        50873.5299597460     
   46774.5370446248        48430.4914079559        53269.2899373144     
   51504.3421061783        50981.2894270288        52647.2049993941     
   46681.2138967034        52208.4955125590        47701.9107382273     
   53429.8438124781        52407.1993315759        58027.8635652576     
   50397.1611557714        42455.0594578970        43665.5842351641     
   51584.9089595455        54476.8709542997        47196.7138979584     
   48054.9686948449        44917.4703311371        52421.6653858897     
   50318.5270743064        47882.7735858398        46112.9343550436     
   51948.2552096730        53134.6798080679        50280.0351785013     
   45300.1889027146        47706.5939932210        44643.2248656986     
   49912.8382520457        43200.7525926977        53618.9432418890     
   51759.6761419281        55438.5439154273        46565.0245704320     
   60439.4276699950        46571.7000672325        40731.5770178001     
   50948.2241600259        46810.4271321000        43680.0651569540     
   49895.8744617353        56302.2402085921        54543.2691028766     
   40388.8073546924        51456.7215800047        46301.8553747404     
   47312.2936577068        44898.1277446395        47805.4478422777     
   41932.4528030326        40928.1399202485        56933.6916564998     
   53937.2410392203        53766.7854249270        44279.2244466196     
   46739.6728130053        49258.4760233596        48196.6854777008     
   51249.1418777141        46640.2688673302        50554.7861381296     
   55180.3553242528        54620.3718342961        51533.2890822820     
   51067.2383067697        50259.9492181952        47609.5093738285     
   43561.3483597337        51877.6049629114        54570.8780061249     
   46432.3174781354        52781.3839718316        51948.8350412436     
   52758.1758415297        47776.7090108404        48303.9394507938     
   48007.7793254802        47612.7950860621        51333.8716244089     
   47565.5165118404        48646.2779570925        41063.4785558273     
   57877.7466583654        48124.9053027503        49781.8557869848     
   44363.6568437911        49771.5228910464        49319.8192300385     
   51386.4430201474        46912.9681152470        54669.5980478961     
   44232.0202097787        52657.2108108567        44301.9419502080     
   52894.7633451068        52869.7413827121        50314.8250727400     
   43525.3690674014        45240.0350941293        51507.9697703639     
   41098.9077515413        50040.6093422538        51935.0826257861     
   46320.7222020006        50337.6169137091        44693.1498506787     
   47383.1223141824        51710.4499283281        47306.8075589999     
   51191.5750099824        55712.9083206751        50871.8350674626     
   49959.0612354594        45479.4311954245        48733.1634878321     
   46212.4869754804        46331.2186401769        53465.2730081921     
   50372.1391933767        47776.3373239361        41078.0932849028     
   52034.8582583654        53061.5466927859        51149.1878354207     
   52438.2128868673        53323.4670204792        49064.9906884785     
   44953.2414788030        48247.0118845375        47379.3459752351     
   49685.0090472111        42910.4056505667        44264.5502476395     
   56273.6797868689        42194.9380948204        51162.7469736881     
   48537.4182965732        45896.3300947176        53960.0774826179     
   44684.6902567378        49528.8559449938        50896.5596803339     
   48506.6872233290        51557.2108514401        49865.1879909197     
   48455.5282378268        51781.0258377088        50188.9570194817     
   54086.0198732571        41046.4404281361        50473.9368027152     
   51676.1803957554        50913.7464827868        56424.7333447598     
   49294.6188579297        51086.5362908388        55671.7848815879     
   49887.9946993650        53016.2306254186        62198.7258601864     
   45884.7483307809        52934.3554341485        53000.8576550585     
   49514.4939630132     
 ------
  0.000000000000000E+000  0.000000000000000E+000  0.000000000000000E+000
  0.000000000000000E+000
  0.000000000000000E+000  0.000000000000000E+000  0.000000000000000E+000
  0.000000000000000E+000
