  -3.86666666666667       1.535808170754034E-003
  -3.60000000000000       4.588762458187492E-003
  -3.33333333333333       7.612335016907349E-003
  -3.06666666666667       1.065777128485040E-002
  -2.80000000000000       1.375800562946462E-002
  -2.53333333333333       1.691822392495077E-002
  -2.26666666666667       2.006096825191496E-002
  -2.00000000000000       2.341317762618578E-002
  -1.73333333333333       2.674998713702707E-002
  -1.46666666666667       3.026822336530812E-002
  -1.20000000000000       3.397604392778545E-002
 -0.933333333333333       3.793628895012072E-002
 -0.666666666666667       4.214456135397674E-002
 -0.400000000000000       4.699816599791166E-002
 -0.133333333333333       5.347224901665405E-002
  0.133333333333333       4.460625872086238E-002
  0.400000000000000       4.119251103983963E-002
  0.666666666666667       3.808854917616778E-002
  0.933333333333333       3.510871320793923E-002
   1.20000000000000       3.203775969954442E-002
   1.46666666666667       2.915331850176560E-002
   1.73333333333333       2.631751054352886E-002
   2.00000000000000       2.344409108640190E-002
   2.26666666666667       2.058419794966106E-002
   2.53333333333333       1.769152270141799E-002
   2.80000000000000       1.475103358297951E-002
   3.06666666666667       1.164431154525482E-002
   3.33333333333333       8.508600953808985E-003
   3.60000000000000       5.202119726717577E-003
   3.86666666666667       1.841816940004701E-003
   4.00000000000000       0.000000000000000E+000
