           3           6           6           6
   4.00000000000000        7.91500000000000       -5.20000000000000     
   1350000000.00000        201448246.000000     
      218880         920       78646
   7009084.75000000     
   18512991.0000000        16148788.5000000        16268824.5000000     
   16495565.7500000        16894808.2500000        16479537.5000000     
   19968837.5000000        16607663.5000000        18603332.2500000     
   17522364.2500000        18301565.0000000        17343777.2500000     
   15587944.7500000        16198576.2500000        17933105.5000000     
   15682487.7500000        19120688.7500000        17137456.0000000     
   17480959.2500000        21632747.5000000        19045257.0000000     
   20006150.5000000        18147836.0000000        19830856.7500000     
   16327795.2500000        16097005.7500000        18830907.7500000     
   19389153.5000000        17049162.7500000        16764068.5000000     
   17688705.2500000        16560677.2500000        15418362.5000000     
   17356319.0000000        17171802.2500000        16311651.5000000     
   18256849.2500000        17636676.0000000        16039783.7500000     
   17714627.5000000        19289154.0000000        20089342.5000000     
   19056867.7500000        15482356.0000000        16897805.7500000     
   17881380.2500000        15715209.5000000        17156570.2500000     
   15044501.7500000        16303253.2500000        18470264.0000000     
   16243636.0000000        19240201.5000000        15780452.0000000     
   16928967.7500000        18899911.5000000        18193164.5000000     
   19070913.2500000        16180383.7500000        19523842.0000000     
   19414536.0000000        15642392.2500000        18207401.5000000     
   18698293.7500000        18005955.2500000        17832440.0000000     
   16839758.0000000        18899099.5000000        17073633.0000000     
   16396923.0000000        17030126.2500000        16522812.2500000     
   16185126.7500000        17837163.5000000        16403629.5000000     
   17625932.5000000        16537344.7500000        15667897.5000000     
   18644558.7500000        14885744.2500000        17341508.0000000     
   18554842.2500000        17534495.0000000        18394543.7500000     
   18953632.0000000        16153112.2500000        16398137.7500000     
   16753098.2500000        18470993.5000000        19534163.5000000     
   16745985.7500000        18468509.2500000        18181705.5000000     
   20104093.0000000        19371225.7500000        16676324.2500000     
   17298325.2500000        16447452.2500000        17927544.7500000     
   15619560.0000000        18449900.0000000        19457159.0000000     
   20106671.7500000        16220211.0000000        17615461.7500000     
   16653362.7500000        17837003.7500000        17727681.0000000     
   16400734.5000000        20361484.5000000        18515939.5000000     
   18446741.5000000        19377765.5000000        17901855.7500000     
   16961191.5000000        18440692.0000000        16503583.7500000     
   18491861.5000000        18030413.2500000        18522316.2500000     
   19445545.5000000        17532391.5000000        16624135.5000000     
   17518670.7500000        18527346.7500000        17891900.5000000     
   18849203.5000000        18182437.7500000        17534471.0000000     
   16991473.5000000        16629862.5000000        17891566.2500000     
   18137618.5000000        16201277.7500000        17757844.2500000     
   19263298.5000000        18052127.5000000        17184805.7500000     
   16552439.5000000        15775167.7500000        17464439.2500000     
   15245758.2500000        15430957.5000000        16119655.5000000     
   14373980.7500000        18517247.2500000        16668899.0000000     
   16833476.5000000        17627895.0000000        17204722.2500000     
   16072924.7500000        17482516.0000000        15087781.2500000     
   16551047.2500000        17091036.2500000        16305754.7500000     
   15379061.5000000        17708093.5000000        16330843.7500000     
   17929705.7500000        17181882.2500000        19179115.0000000     
   14744497.7500000        17160066.2500000        14553430.7500000     
   19293686.7500000        19682646.0000000        18787634.5000000     
   19194052.5000000        18618826.7500000        17952198.5000000     
   17097933.2500000        16198791.7500000        18611254.5000000     
   19508538.5000000        17714363.0000000        19630638.7500000     
   17892576.7500000        15404425.0000000        15397200.5000000     
   17323144.7500000        19828745.0000000        18733674.2500000     
   17824095.7500000        16172736.7500000        17638812.7500000     
   17185126.0000000        18205381.2500000        16763418.7500000     
   18023176.0000000        17639907.5000000        17128322.2500000     
   17810795.0000000        18923035.2500000        16848854.7500000     
   16281248.5000000        16911222.2500000        14317477.0000000     
   17349649.2500000        16652570.2500000        17512245.7500000     
   17230397.0000000        17534562.5000000        15809879.5000000     
   18858088.0000000        20422787.7500000        16918928.5000000     
   17702928.0000000        17718662.5000000        18394336.2500000     
   16903493.2500000        19266880.5000000        17589415.2500000     
   18949523.5000000        19843272.5000000        17822460.0000000     
   17216322.5000000        19446334.5000000        19963232.7500000     
   16402721.5000000        17280052.2500000        19077254.2500000     
   19357074.5000000        18611329.5000000        16956301.5000000     
   16114623.7500000        18723823.2500000        16730140.0000000     
   16890417.2500000        17852134.7500000        18493297.0000000     
   18258242.5000000        17409439.7500000        16440273.0000000     
   18220980.5000000        17768360.0000000        16317114.0000000     
   16800436.5000000        14961952.7500000        14799880.5000000     
   16986253.0000000        16318860.5000000        16839440.2500000     
   18143246.7500000        17998192.0000000        18723776.7500000     
   15375696.5000000        15010884.0000000        17884541.5000000     
   17448809.2500000        17027696.7500000        17948076.5000000     
   19083351.2500000        18166322.0000000        16924139.7500000     
   19431830.7500000        17460863.7500000        16970647.2500000     
   15644656.7500000        19016779.2500000        19222850.0000000     
   18536188.0000000        16222652.2500000        17397152.7500000     
   15390333.7500000        17589641.5000000        15947391.2500000     
   16835819.2500000        17340263.5000000        16202659.7500000     
   19468392.0000000        18114484.0000000        17232504.7500000     
   15079568.5000000        16117367.7500000        16426125.0000000     
   18366849.2500000        16503108.0000000        18561934.7500000     
   17939104.7500000        19039980.2500000        17680766.7500000     
   17653317.0000000        18679952.5000000        16224186.0000000     
   17609367.2500000        15766263.5000000        16216727.0000000     
   18444700.7500000        19073084.0000000        17780840.0000000     
   19362642.2500000        17200472.0000000        17004755.0000000     
   19325895.2500000        18790768.7500000        15663579.2500000     
   17558205.2500000        16029043.0000000        15684560.0000000     
   15748500.7500000        15320892.0000000        17845019.0000000     
   18564070.7500000        17478540.2500000        16566161.5000000     
   16796861.0000000        18043572.0000000        16203244.7500000     
   18261742.2500000        18094077.2500000        17033864.0000000     
   16230772.0000000        16140779.5000000        19025908.5000000     
   17099294.0000000        17171965.2500000        16558781.5000000     
   15939936.0000000        15978982.7500000        19046257.7500000     
   21084727.7500000        16368750.7500000        15535386.5000000     
   20659026.7500000        18970799.7500000        15939866.0000000     
   19179952.7500000        17869628.0000000        16809627.0000000     
   17404346.5000000        16192300.0000000        16742704.7500000     
   16520244.0000000        17617372.7500000        18784333.0000000     
   17193836.7500000        22862703.5000000        17271708.0000000     
   16307680.7500000        16381039.7500000        18165126.0000000     
   19153934.7500000        18798791.5000000        18161981.5000000     
   19247203.0000000        19652235.0000000        16630073.0000000     
   16726360.0000000        16898805.0000000        16902964.5000000     
   16100787.7500000        16081190.7500000        16902350.0000000     
   16881864.2500000        16393198.7500000        18056489.5000000     
   19387993.2500000        17122839.0000000        17399855.2500000     
   18380331.2500000        18166029.0000000        18666912.5000000     
   19505593.7500000        18272777.2500000        16454811.7500000     
   15812831.5000000        18528638.0000000        19803229.2500000     
   18779761.5000000        19088155.0000000        19175917.2500000     
   19241923.7500000        17080642.2500000        15516321.7500000     
   15896570.2500000        15954002.2500000        16829897.7500000     
   15543888.0000000        17089956.2500000        18308573.5000000     
   15364167.7500000        15305702.0000000        18872382.7500000     
   18378071.5000000        17796304.2500000        20765371.2500000     
   17140576.7500000        17138186.0000000        16075744.5000000     
   18527982.0000000        17684202.5000000        16853643.5000000     
   17352535.5000000        16355408.5000000        16967096.7500000     
   16460717.0000000        14931826.7500000        16839861.2500000     
   18078225.5000000        17467973.5000000        17451105.5000000     
   16645390.5000000        17046225.5000000        17143453.0000000     
   19724278.7500000        17908572.2500000        16406714.0000000     
   16255076.0000000        16150478.5000000        17824347.0000000     
   16757562.2500000        19070033.0000000        18054029.2500000     
   18935624.2500000        17560258.7500000        19937893.7500000     
   18110757.2500000        16685169.7500000        17192550.2500000     
   19075605.0000000        18929885.5000000        20869025.0000000     
   19167195.0000000        16595412.2500000        15661338.5000000     
   17301070.7500000        17565924.7500000        15331252.0000000     
   15356324.0000000        16871288.5000000        18141080.2500000     
   17892429.0000000        16515794.7500000        18069892.5000000     
   18807877.0000000        17817063.5000000        18611404.5000000     
   17281646.7500000        19171226.2500000        17393890.2500000     
   16289850.5000000        19144129.5000000        18560796.7500000     
   17523090.5000000        16764344.7500000        16794700.0000000     
   17088999.2500000        16115049.2500000        17023871.7500000     
   18390788.7500000        19188935.2500000        15021905.2500000     
   19864945.2500000        18309050.7500000        17596425.7500000     
   16338826.5000000        15358624.0000000        17404183.0000000     
   17622285.7500000        16688399.5000000        16374080.5000000     
   19662604.2500000        17860769.0000000        18302594.7500000     
   16498705.0000000        17188085.7500000        15923972.5000000     
   16734711.5000000        16898224.5000000        15707609.2500000     
   18081993.0000000        16750230.5000000        19830595.5000000     
   17153798.2500000        19191041.0000000        18085547.2500000     
   18244961.0000000        16640602.7500000        19060131.0000000     
   18287235.7500000        16999497.5000000        17633546.5000000     
   16639874.0000000        15714866.7500000        15395031.5000000     
   17522162.7500000        18879059.2500000        18080768.0000000     
   16943077.0000000        18068049.7500000        18778971.5000000     
   16755955.2500000        16921974.5000000        18645667.5000000     
   17899898.2500000        15884374.2500000        17916862.2500000     
   18705031.0000000        17283198.2500000        16828625.5000000     
   15796024.0000000        18051895.0000000        17146800.2500000     
   16937296.5000000        17007048.0000000        16443397.7500000     
   18678774.0000000        19953602.5000000        17160413.2500000     
   19516041.7500000        17756516.0000000        15215583.0000000     
   17173985.5000000        17182112.7500000        18076835.0000000     
   19146789.5000000        19793381.5000000        20090846.5000000     
   19477425.7500000        16804184.5000000        14712851.2500000     
   14047760.5000000        21441340.0000000        17425975.5000000     
   16971370.0000000        17558330.2500000        17390883.0000000     
   16741798.5000000        18065984.2500000        17650116.2500000     
   16063907.0000000        17266976.2500000        18222062.0000000     
   17569123.2500000        16852980.7500000        18183096.2500000     
   18217289.7500000        16320139.2500000        17449619.2500000     
   19279720.7500000        17116544.0000000        18102659.5000000     
   18969953.0000000        17380593.5000000        16456226.7500000     
   17522813.7500000        15124859.2500000        16460363.2500000     
   19744908.2500000        18020578.7500000        18908742.2500000     
   17537090.2500000        17009847.7500000        16815570.5000000     
   19716345.2500000        16536929.2500000        18836709.7500000     
   19123110.7500000        19472340.5000000        15668583.0000000     
   15624095.2500000        16744526.7500000        15711922.0000000     
   15954854.0000000        16532742.0000000        18295469.0000000     
   22125157.0000000        16523568.5000000        15119502.0000000     
   17365732.5000000        16804583.0000000        17331456.2500000     
   16318214.7500000        18984919.5000000        16747652.0000000     
   18895503.7500000        18341984.5000000        17391435.2500000     
   15928595.2500000        17844579.0000000        15575756.5000000     
   14751577.7500000        18276794.0000000        21092004.7500000     
   17934461.0000000        18683372.7500000        17002753.0000000     
   19637393.2500000        19998226.0000000        16111535.2500000     
   19053441.7500000        19349895.0000000        18120565.0000000     
   16347543.0000000        14714532.7500000        17808099.5000000     
   18649504.5000000        18969591.2500000        16137507.5000000     
   17892946.7500000        18264608.0000000        20927016.0000000     
   17744715.5000000        17533471.5000000        17957408.0000000     
   17849722.2500000        19236023.5000000        18499299.2500000     
   18669824.5000000        17248248.0000000        17233787.5000000     
   18890434.2500000        19682833.7500000        18361460.0000000     
   16763685.7500000        17513205.5000000        16905501.2500000     
   19133639.2500000        16123016.5000000        16383676.7500000     
   16429271.0000000        17030025.2500000        17834067.0000000     
   17524936.0000000        19325079.0000000        17459530.7500000     
   16820467.2500000        17635858.7500000        17294628.5000000     
   16855306.0000000        20044489.2500000        16844742.0000000     
   18948791.2500000        18069281.7500000        16839634.2500000     
   16116562.7500000        19043507.7500000        17716635.5000000     
   18441701.7500000        17550588.2500000        19954129.2500000     
   18634405.2500000        17744272.5000000        17996254.5000000     
   16004667.2500000        16144037.5000000        17681251.5000000     
   19411957.0000000        17685802.7500000        16660616.0000000     
   17795599.2500000        19215566.2500000        19647142.5000000     
   15720863.0000000        17423752.0000000        16783035.7500000     
   16015707.7500000        16285913.5000000        16260860.5000000     
   16752799.2500000        17708118.5000000        17274359.5000000     
   19573114.0000000        17987515.0000000        16446083.7500000     
   16384388.0000000        17813059.2500000        18546025.7500000     
   18963195.0000000        18603796.2500000        18381244.0000000     
   17822547.5000000        17288158.2500000        17380890.0000000     
   17067635.5000000        18061139.0000000        19010811.0000000     
   19549639.2500000        17272447.5000000        15188673.0000000     
   18467661.5000000        16261173.2500000        17579668.2500000     
   19346821.5000000        16393049.7500000        16661907.7500000     
   15048199.0000000        16157649.7500000        18259968.5000000     
   16948828.7500000        17009932.5000000        17353123.7500000     
   16679306.5000000        16075448.0000000        19382910.5000000     
   16735764.2500000        18123066.0000000        15991935.0000000     
   16412212.5000000        16423629.7500000        17033763.0000000     
   18519917.7500000        18246928.2500000        19375189.5000000     
   14690826.7500000        17360103.7500000        17581995.5000000     
   18485529.5000000        16386618.0000000        16376487.0000000     
   14397676.2500000        19863269.0000000        19704130.7500000     
   17357910.5000000        17366318.0000000        16976770.7500000     
   17998951.5000000        17106712.5000000        19926577.7500000     
   18674617.5000000        18605472.2500000        17596384.5000000     
   19453573.5000000        19473070.7500000        17604297.0000000     
   17289187.7500000        16765173.7500000        17629574.7500000     
   20016530.2500000        17867063.7500000        16165452.7500000     
   17338750.5000000        20176114.7500000        19055804.2500000     
   19652068.2500000        17462790.7500000        17478011.5000000     
   18146872.5000000        15569775.7500000        16720208.2500000     
   18879692.5000000        18085188.7500000        17669407.0000000     
   17797164.0000000        19131165.7500000        16472274.0000000     
   19021402.2500000        18247615.0000000        20009034.0000000     
   17761120.2500000        20841929.0000000        20420011.5000000     
   18073719.0000000        16468733.7500000        17720177.7500000     
   17084019.7500000        17942782.2500000        16344737.0000000     
   15466045.2500000        16794129.0000000        17902272.2500000     
   20266653.7500000        17412884.5000000        18751237.7500000     
   19405618.7500000        17669035.7500000        16382131.7500000     
   16440542.0000000        17590191.2500000        18769252.2500000     
   17624387.5000000        15020946.0000000        16626639.0000000     
   16812866.5000000        17749345.5000000        19654393.2500000     
   18594472.7500000        18838226.2500000        16294895.7500000     
   19472037.2500000        19001723.7500000        18052861.0000000     
   18179358.5000000        17106697.7500000        17356475.5000000     
   19375142.0000000        17548876.2500000        18971400.7500000     
   19225772.2500000        21132816.7500000        18229819.2500000     
   18567647.2500000        16775867.0000000        17381891.7500000     
   17299399.7500000        17304201.7500000        18077159.0000000     
   16843061.7500000        16655593.0000000        13806550.2500000     
   17244649.0000000        20969695.7500000        17696317.7500000     
   18830451.2500000        17260542.0000000        17088856.5000000     
   18576886.2500000        16208335.7500000        16506949.7500000     
   15164016.0000000        18454966.7500000        16466177.2500000     
   16707174.5000000        18665985.7500000        17620224.2500000     
   17533777.2500000        19880240.5000000        19231512.5000000     
   16293403.2500000        17252895.2500000        16486654.0000000     
   16464706.0000000        19202970.2500000        19539441.5000000     
   17294990.0000000        18127936.7500000        17859620.7500000     
   18102097.2500000        18385569.7500000        17590447.0000000     
   18399663.5000000        17006412.2500000        18475571.7500000     
   16715598.7500000        17155459.7500000        15854861.5000000     
   15790197.2500000        17485311.0000000        18797901.0000000     
   17778662.5000000        17811022.0000000        16623297.2500000     
   15576967.7500000        16286957.7500000        16415160.5000000     
   15288387.0000000        17408579.7500000        18258354.0000000     
   18856822.2500000        15421953.5000000        15890496.2500000     
   14486681.7500000        20333908.5000000        17294103.2500000     
   16379805.2500000        17174139.0000000        17271073.0000000     
   18476129.0000000        15118441.5000000        17319459.7500000     
   18290513.2500000        19194434.7500000        18468160.0000000     
   17843837.2500000        15078486.2500000        19237802.2500000     
   16220578.5000000        18843691.0000000        17069587.0000000     
   17681289.7500000        16291012.5000000        17781378.7500000     
   19200469.7500000        18745721.0000000        17922046.7500000     
   16061575.0000000        16332380.5000000        16247219.5000000     
   16445007.0000000        16858305.0000000        18335728.7500000     
   17296114.5000000        17315813.0000000        16611317.0000000     
   18407354.5000000        15056214.7500000        18244072.7500000     
   16555920.7500000        20109941.2500000        16062671.0000000     
   17625896.5000000        15222086.2500000        19235320.0000000     
   18294476.2500000        19173306.7500000        17593096.2500000     
   15783558.7500000        18429607.5000000        17768301.2500000     
   19436654.5000000        18052923.2500000        17850359.2500000     
   20278107.0000000        17564502.5000000        17296664.7500000     
   16976492.0000000        19554866.0000000        18267783.5000000     
   16707601.5000000        17193670.0000000        17643105.2500000     
   17692959.5000000        16245176.7500000        15877778.5000000     
   16809279.2500000        16015366.0000000        17271242.2500000     
   17113405.5000000        19142200.0000000     
   4271370.32299025     
   11853601.1923927        11266600.5337378        11555695.9842780     
   11390880.2209179        11108780.5590209        10682652.4549744     
   12047836.8593339        11413706.3519784        11948171.7007095     
   11449984.7235529        12053379.2558891        11551512.9563339     
   10631231.6356787        11259769.6720253        11775718.5963150     
   11219251.9569253        12156577.9636966        11435806.8604266     
   11815005.7349353        12569603.4468422        11691476.6750857     
   11773969.4895057        11753995.3625246        12008978.1391522     
   11335959.9085359        11252782.2128992        11971953.9943261     
   11450400.4655986        11595583.8441876        11985289.4699739     
   11658973.0552363        10983431.5309659        11324612.6086210     
   10915482.3983274        11733671.4337975        11363496.1153662     
   11138236.1980525        12031294.6877495        10766081.0286636     
   11416990.2960951        11922679.9482650        11875112.7431367     
   11550311.0651486        11189835.3320282        11377101.1694051     
   11702718.2186206        10741149.7051920        11326017.6185538     
   10754560.9505995        11082871.7594740        11431148.5559896     
   11086069.4086044        12281139.3778520        10938303.9200539     
   11295665.6658933        11696010.5271174        11455655.2997743     
   12329074.7551194        11312771.3057480        11801604.6488786     
   11868796.4366600        11434832.0420952        11938529.2311003     
   12539717.2044169        11849460.4888231        11446186.2310993     
   11011704.6583940        11450096.4451765        11501807.4619344     
   11416883.1062073        11306905.9140247        11278845.5320300     
   11282035.1302721        11953141.3347801        11287680.5265103     
   11342714.0980972        10951088.1808601        11215090.3163530     
   11726498.5392299        10923855.9569727        11554452.5153883     
   11743092.1178211        11557743.3258640        11869430.4708338     
   11952729.2026837        11276426.5978469        11335091.4600972     
   11739564.4955089        11741565.4342951        12277916.5626109     
   11167226.7622704        11891075.6643838        11716897.6194478     
   11961870.7941193        12340832.1153732        11470217.3256132     
   11511210.9416356        11130147.5549849        11557377.7295316     
   11054596.9438142        11481584.6802961        12730991.6572400     
   11514501.3003357        11386051.0662435        11652282.0930301     
   11467982.5613605        11161465.4545322        11673890.6784435     
   10771538.4925398        11739898.3613427        12050554.4725920     
   12586346.7962235        11716575.9746299        11849211.7699782     
   11468085.1742976        11700726.1197811        11501345.8842495     
   11861656.1453734        11588570.4640140        11580149.3786249     
   11612743.0747533        11195932.7836035        11544373.8272871     
   11464272.6897162        11303102.2867132        11562991.8193895     
   12086343.7684913        10840719.5597500        11488345.8769194     
   11617284.6867004        11884978.6979044        11392534.6602908     
   11418163.0134378        11389007.9738018        11655738.9583881     
   11738270.9226813        11788335.2293581        10948549.7963738     
   11675674.0233896        10829849.6082533        11717033.8069932     
   10531548.6532913        10758044.7751034        10662904.5253522     
   10785407.7016766        11696389.9207317        11447320.8295728     
   11622635.6632415        11728127.8477843        11440226.2244339     
   10710774.6814006        11309660.1281344        10876869.4646820     
   11444807.4619898        11172919.6667774        11373258.7165222     
   11394874.8779733        11734400.0242010        11137557.5973655     
   11733331.2200692        11468140.4945319        11859039.7426514     
   11078464.5125571        11501838.0314883        10722318.5530529     
   12063291.4435236        12012117.0896190        12348551.8185460     
   11940664.5930460        11828734.2659139        11643653.1103030     
   11753637.6513227        11586011.8611934        11687543.0683455     
   11346769.5395278        11663334.0550355        12058685.6813455     
   11933090.5562025        10633634.6009998        11214180.9548687     
   12083250.9992083        11923166.7516097        12208914.3117720     
   11090973.8228733        10744886.4954776        11429774.3067052     
   11225237.0192423        11084965.2169191        11188083.2474884     
   11851161.4067320        11281879.3136201        11291836.7410035     
   11913681.5094105        11453837.2132200        10796396.9969847     
   11026388.2890304        11391945.9930644        10765952.2864405     
   11392667.1671036        11360300.0142593        11814495.1262549     
   11445483.9259111        11201798.1909328        11180709.7201091     
   12182555.0553226        12157140.4681572        11705736.4114432     
   11179461.5786718        12225923.5968737        11981900.2762444     
   11501223.1972820        11628608.3168489        11647870.9959766     
   11516263.8832332        12058432.1492202        11970453.5492304     
   11499312.8263854        11500142.6599288        12431401.3708131     
   11232942.0038063        11300022.5214749        11905764.0988890     
   12315839.5472071        11481400.6792087        11447218.3742253     
   11130727.2035254        11433248.0175353        11548797.0769773     
   12140515.4811500        11199881.8929524        11257315.9735445     
   11616376.9700501        11633530.2428379        11285782.7981500     
   11951669.2621234        11665246.4648665        11537999.0359011     
   10804700.6231736        10674104.4021333        11057340.5811250     
   11551868.2072626        10927049.2916652        10893323.1412152     
   11511223.5523246        11131867.9200355        11438845.1428369     
   11298840.7357329        10956685.2285514        11812181.8428991     
   11800722.0767286        11014653.5178495        11717341.3143307     
   12017364.6869975        11554220.1680399        11116159.2362166     
   11920239.6869992        11766439.1252463        10916540.5764460     
   11090941.7916659        11767263.3426760        12138795.7208074     
   11679746.1518843        11106280.2789797        11523786.8879111     
   11181488.5477810        11606985.1385195        11080038.4894984     
   11200872.8127015        12074246.0101951        11058244.6287535     
   11464467.1066208        11111000.4317339        11490870.3847890     
   10879083.3500848        11428911.0118316        11057579.2271441     
   12384577.5954593        11228990.9204066        11409557.7170010     
   11765644.1187374        12409323.8006138        11341081.4271656     
   12060428.6717380        11972537.5701188        11218013.3858241     
   11859976.8881266        11498252.8032584        11521164.1089647     
   11622199.0259215        11541142.9852671        11683664.8837758     
   12152971.1970541        11618198.3246726        11880645.5335542     
   11693692.6715641        11193166.8776329        11460643.1030310     
   11128924.1268368        11558998.7713929        10992019.9884691     
   11602542.6694188        11207976.5017159        11627832.7792316     
   11730019.5283077        11250439.9085494        11487249.1514239     
   11090819.6550410        11947014.8299375        11154285.2164522     
   11651241.4730067        11635774.0953027        10914117.7388319     
   11508941.9361921        11279679.5051522        11724762.1790123     
   11009939.6029746        10862950.7592418        11446845.5032872     
   11523878.2601322        11161518.9299326        12014870.3375932     
   11809567.2583773        11389471.3711519        11297309.1304375     
   11705530.3426393        12207206.5640171        11075029.5684835     
   12115602.9805149        11084877.9265447        11728958.8169783     
   11549362.2066800        10870220.6109727        11473426.5506589     
   11022276.3088435        12076746.9715771        12064104.0599266     
   11711098.0204353        13134064.1357012        11128240.3894612     
   11066275.8169322        10798480.7216095        11558464.9476670     
   12085997.0422521        12073714.0286708        11589852.6971651     
   11089259.2788620        11986742.7530411        11386154.8361880     
   11461915.0871413        11457394.0230642        10962180.8185491     
   11232155.1718006        10998090.4640702        11472756.1070414     
   11529098.4848442        11749845.7981450        11976213.2033276     
   12015857.3061691        11273692.2574248        11311506.8530665     
   11905279.6590475        11890815.7305078        11190651.4093508     
   11973114.2963326        11677818.7323598        11633061.3168263     
   11063683.9920171        11410935.1171919        11627584.6769101     
   11320520.0278562        11355180.4549872        12093340.8698987     
   12376719.8520713        11333968.9173076        11341611.0318851     
   11571352.4142790        11391074.0534552        11125213.0362505     
   10846376.8277386        11404148.9275478        11514367.2005425     
   11463439.4544757        10963201.0235673        11565261.3256468     
   11628004.3065014        11391936.9405964        11975804.5535160     
   11516277.1154721        11380269.3958490        11806730.7968798     
   11371411.3371376        11577161.7225959        11535161.9057361     
   11617575.1942103        11509006.2441395        11613768.8887743     
   11143979.6907890        11147799.7825436        11654385.7594264     
   12224266.6003934        11366942.0892286        11161990.8551175     
   11571893.6140437        11530168.1293470        11324260.5131386     
   11900800.0858564        12290976.3295387        11096536.3672840     
   11015597.5030331        11196389.0201107        11461126.8546906     
   11086685.7007922        11861487.4151872        11853480.2472536     
   12029332.3298569        11331545.5312631        12021414.5372185     
   11521068.9621797        11143991.9118727        11534397.4273004     
   11761856.6343723        11473443.8237272        12119067.8784838     
   11845305.5366544        11454264.5932977        10565800.1028860     
   11626330.4091230        11444804.0159322        10806056.0499550     
   10894663.2356916        11523690.1041233        11714581.6916453     
   11235310.6247587        11283644.8852173        11503169.1283711     
   12228417.0720967        11356841.2366802        11602512.8381694     
   11692280.5459336        11899959.1739583        11619137.6397075     
   11276805.6382823        11953581.3765570        12204915.9028904     
   11675263.0658866        10917808.8523193        11440521.6121468     
   11779543.2606001        11309642.2210183        11260915.1884093     
   11355779.9705500        12348457.0196062        11048938.6465073     
   11849893.8234621        11876250.5325595        10953736.8288760     
   11243600.9676886        10939591.9612063        12189892.6077687     
   10777340.4372468        11594591.0574301        11398765.1778436     
   11948533.5078573        11677610.3083940        11804401.7236290     
   12005461.2451013        11599070.5347759        11296943.1962992     
   11263110.5165217        11196848.9955613        11307208.6190538     
   11468773.8346401        11497289.9068168        11985244.4113215     
   10880758.5554175        11713480.6807229        11776445.0798749     
   12030353.6489774        11556979.0887194        12071921.9290565     
   11366494.6412764        11141686.4304550        11762385.7659160     
   11252831.0387477        11042060.5387693        10854483.7607252     
   11412319.7904265        11651113.3708044        11244564.0884794     
   11777247.4889473        11463585.3458226        11540512.3044094     
   11497304.7337687        11131260.5022814        11409939.2911787     
   11598814.8299505        11555997.8691208        11386993.6521023     
   11718859.0557305        11639179.6612241        10884463.4834155     
   11158827.2036057        11317274.0718671        11456656.3496814     
   11922408.5320013        11632961.6151523        12008808.0457153     
   11827392.1268925        11742261.9752956        11171599.5303069     
   11989082.8916266        11940704.7820863        11331465.2826377     
   11374253.2755031        11562139.4940592        12134442.9015177     
   12279220.4877185        12388991.8164050        11477555.7801410     
   12262862.8827686        11533406.2232064        11159830.0079265     
   10868518.9492852        12142733.5654424        11530298.0481923     
   11228510.0917066        11386281.0810011        11257002.2617774     
   11000852.0112366        11577700.4060440        11776177.2531917     
   11182147.5354014        11787622.1635152        11695560.7927719     
   11591236.8887347        11222122.2832488        11409834.8324260     
   11641304.4221587        11585961.4659764        11512951.8700524     
   12415711.5260709        11595492.4084296        11844534.5351823     
   11873081.4420735        11533926.5582749        11202987.4424122     
   11636179.5272587        11013974.0822496        11334222.9254522     
   11959403.9912014        11831694.4606399        11823697.1388366     
   11640562.0947559        11630279.4624035        10806460.2498173     
   12353675.0907853        11297025.2977642        11786759.6833676     
   12038721.6186343        12066411.6012113        11194116.8063942     
   11203475.9401951        11325180.1778260        11199988.6208238     
   11211691.2897909        11772897.3696906        11712329.9465513     
   12497190.7798840        11115498.2349913        11142091.1379618     
   11408714.4914647        11244615.0309938        11472664.1924690     
   11659691.3227579        12238565.8136169        11910148.2142354     
   11923825.5697656        11927541.7033848        11235651.7697278     
   11284764.8050373        11411975.8868511        11370372.9819741     
   10468659.6075948        11484689.2826795        12507621.5081477     
   11929496.9218039        11153086.6862116        11229808.5003555     
   12337056.0282740        12000637.6239100        11524522.3577366     
   12360679.6260223        11900833.1534528        11555580.6183554     
   11502501.1226422        10807668.0263322        11939236.8244881     
   11569569.5880379        12271029.8127871        11161136.3271707     
   11745869.0691424        11870312.4462826        12475078.4243060     
   11339372.0648040        11375869.5075462        11914598.0382162     
   11183182.4493782        11789084.9597194        11480902.7531275     
   11768346.7172552        11676714.7480400        11918322.2402737     
   11811047.7894503        12177622.2455157        12004214.3114203     
   11422504.0193757        11928767.3509047        11208189.7809913     
   11432472.1796885        10946578.5077169        11467450.3903229     
   11000722.4581767        11308910.9647738        11432849.0994336     
   11691121.5228877        12194738.0955793        11257505.0519951     
   11143126.1147761        11742132.6472465        11312403.2147595     
   11582779.2433167        11892191.4722622        11065913.4568809     
   12064460.8822035        12053649.5501234        11499709.3582767     
   11048018.2313454        11388432.2600836        11843242.4952895     
   11645839.4561257        11474401.0672288        12252521.2208211     
   11471350.6581274        11153197.1928948        11336253.7412730     
   11170165.4705892        11255138.2634548        11959146.0261651     
   11842454.9679733        11328123.7055106        11163092.1717305     
   11160070.2744655        11299046.9387871        12198960.2626772     
   11259313.9706876        11127315.3925665        11919944.3546152     
   11402558.8757305        10994794.7439301        11218211.4939902     
   11294395.6194510        11628175.6214916        11463500.3850953     
   12059365.0656501        11483572.3771773        10846221.8285495     
   11690835.0302832        11919259.1197996        12169169.5635752     
   11872764.8774403        12038257.5873416        11626995.7972489     
   11890641.3732220        11427210.9808659        11067044.1314932     
   11796501.3631212        11327717.7703664        11832997.1768038     
   11761417.6956564        11888519.0658991        11002710.0963747     
   11698939.5801615        11516526.1036204        11369161.4724765     
   11518287.9475914        11463174.2550039        11723082.6181727     
   10676974.0844050        11002158.4428924        11609048.2217148     
   11674979.0766898        11425208.7814313        11723900.6391715     
   11803104.6181191        11236421.0447785        11475110.1111980     
   11323164.6523921        11990752.5402282        10963870.2795192     
   10915282.0066119        11339534.2914590        11730228.4979680     
   11930109.6515549        11318304.6327742        12158012.0565501     
   11256369.0372556        12019327.0593603        11123418.1172292     
   11421550.5580659        11112511.0486681        11487632.5144132     
   10763957.8967129        11782419.6600436        12015421.0981859     
   11578816.9564296        11028861.5016485        11229560.1509987     
   11525257.6681091        11716552.1212195        12323011.7780378     
   11324484.1207867        11865645.3687303        11780331.6882114     
   11789062.2039025        11735316.2936238        11342504.6331586     
   11713754.6663530        11276588.9871946        11866072.8657450     
   12483047.5253561        11825241.5692606        11013058.5912279     
   11261900.9156861        12158574.7818870        11519085.6437739     
   12377673.5713985        11212502.6149441        11484012.8866750     
   11839874.2392479        11148509.4166056        11413700.5582501     
   11927747.3967103        12031788.2114844        11475819.0645027     
   11718277.9923594        11869238.0206145        11337905.5901040     
   12163253.3342111        11462574.2363752        11934013.0233622     
   11925448.7041629        11959112.2364228        11915469.0709053     
   11445112.7293801        11210616.2700485        11481362.7637845     
   12013776.5152292        11717271.5909688        11218186.8725139     
   11397640.5215454        11425829.4941423        11491543.6159850     
   11638699.6559907        11371702.0121108        11970751.5924224     
   11496715.5512965        11376530.0540992        11567974.7273623     
   11406736.9752061        10800114.1144778        11707385.7871810     
   11843655.4669935        11495676.2706204        11711627.6029724     
   10499788.3940391        11493009.2203979        11690270.0232948     
   11712118.7828388        11585425.8727018        11427227.3662680     
   12002093.9697389        11808215.7276514        11683129.5605263     
   12230799.4259397        11593173.6657521        11047296.5203503     
   12195499.7199473        11285392.7037202        11371316.9352935     
   12046651.7303618        11943876.1433525        12099765.5341199     
   11346424.9660018        11089858.8519949        11456661.2249783     
   11341714.1057767        11208885.1872298        11605722.5850812     
   11681487.5189165        11421488.5026393        10794829.2437441     
   11945861.9587391        12012987.4273250        11261629.7579193     
   11649821.4442861        11110433.8647953        11065984.9870523     
   11865115.4805979        11390888.0752104        11256544.1550141     
   10726595.9809289        11630192.5976858        11555401.1399630     
   11183018.4780079        11314391.7155544        11395485.9289619     
   11161189.3626416        11350293.1994292        12536157.9167877     
   10964185.3863891        11471527.5823985        11842483.8668300     
   10992442.4458465        12161025.9004253        12002115.0009103     
   11304558.2268094        11889088.3250887        11849653.0598031     
   11788588.1958333        11237626.5826139        11429009.4232932     
   11993092.6951957        10961768.3130121        11947340.2172749     
   11563817.4215656        11461146.2727884        11507879.7811988     
   11047885.9607822        11240636.6690138        11784690.5714632     
   11006659.1415046        11858220.5278870        11424048.5688948     
   11004781.8913137        11143365.2872939        11366146.1035716     
   10832221.6831796        11542031.4862775        11559004.1131404     
   11895326.7509651        10730927.8033195        10683933.5959011     
   10854428.9936589        12088822.1193027        11620467.4126831     
   11652432.9873169        11796712.9073915        11457649.9755721     
   11404768.9621015        10659885.2249540        11144812.0516698     
   10916041.4481626        11726978.5316771        11794244.4975040     
   11274578.6208489        10746059.1755023        11860054.3442723     
   11549224.7201382        11700643.9150540        11140362.4530812     
   12047348.3278297        11187470.1069067        11564502.6269235     
   11955014.0729002        11955126.9253960        11314153.6269283     
   11462595.5398450        11526700.9598539        11123887.6632895     
   11906580.0972043        11540469.3251370        11087613.1514942     
   11409561.2155041        11662581.1453431        11404997.0622260     
   11313257.0553563        11041648.2597572        12361865.6345618     
   11046283.8454506        11678117.4625400        11335352.2250283     
   11446321.9269076        11174292.6382458        11757805.9054469     
   11306560.6663409        11985923.8749476        11844504.8379597     
   11505595.9096224        11948225.2472808        11982103.6341658     
   12134014.0735214        11676754.0981268        11717663.1369915     
   11572645.0024555        11626852.1488027        11467963.0501788     
   11197928.6648269        11619167.8297424        11568871.4208772     
   11149402.3353530        11464594.3617481        11516241.1923631     
   11460322.4132845        11637601.5266145        10918061.4350499     
   11239025.1753027        11483350.0695789        11807090.3719440     
   11576360.3385229        11471441.5093761     
   13800.5144456005     
   37074.7974529491        33704.8980647424        34131.2506363809     
   34870.2619343399        33895.2243329745        32504.9118103772     
   38028.8443036409        33981.4529617852        36549.4084347846     
   35437.6572742987        37031.1102099581        34353.7193583190     
   32342.2785872349        33179.5171709725        35778.5976209861     
   33029.0749192011        37424.6656108495        34302.7859317618     
   35787.8837400467        41171.7052406943        36510.0921626983     
   37660.2490831146        36329.2390819212        37685.6489554211     
   33799.3691847769        33686.4470125972        37078.7277248033     
   37282.7334573352        34748.3045043398        34793.2239620977     
   35700.5448876607        33629.8895295358        33030.9816548815     
   34223.5305845894        35269.4132062345        33823.1953764057     
   34610.2277956281        35209.8840657960        32728.2651080978     
   35374.4244066356        37297.8980530295        38142.9152020139     
   36547.5085716110        32931.3641970905        35001.8400011888     
   35450.1397371292        32244.7487193142        34121.5697287505     
   31925.4755151935        33389.6117646518        35530.3695251354     
   33315.4203148873        37962.8172077549        32410.4602561022     
   34230.2712478844        36377.6067005793        35395.9897856247     
   37815.9699203132        34204.6613968534        37537.2202016803     
   37548.5358932378        32985.9721919216        36062.3636917446     
   37386.7490314994        36129.3652474472        35237.6609839028     
   33630.4896224623        36152.0454409023        34608.3574274929     
   34455.1389289283        34161.5849835818        34032.8904264946     
   33826.2096096400        36030.5712731786        33084.1835362891     
   34696.6679527754        33174.7228396940        33476.9530642618     
   36558.1824437218        31608.5133114834        34898.6249898954     
   36137.8425413493        35243.3158808806        36670.6919156177     
   36710.9748302645        33852.1759761156        33633.4691785807     
   34753.4046150120        36314.0247460408        38436.2606655894     
   33723.8289003238        36012.3967972152        35344.6853526611     
   38280.2727486972        38401.3173136602        34174.6506237893     
   35925.0948828550        33288.5400521882        35669.5540014687     
   32768.2588086813        35503.4957929787        38361.9842236689     
   37717.2334739577        33915.6266027168        35660.7351950381     
   34084.0221599493        35382.0560323436        35438.1754085137     
   32515.1108078801        37867.5235759024        37176.3325418914     
   37405.7915220235        36790.1003510760        35415.6167714313     
   35006.8736386691        36056.0774037725        34063.1048549250     
   36576.5433966166        35697.1566467702        35519.1659822986     
   36421.7248510875        35226.6236480499        34383.8399401704     
   35189.2309702618        35746.3025983606        35489.9506532244     
   36692.4405263718        34709.6238339507        35198.3825435804     
   34537.6507125524        35050.5001236584        34657.1117012589     
   35228.8158518416        33764.4125028471        35705.7483852645     
   37226.5856411488        36396.0154143964        34248.9181728173     
   34992.5036428927        32364.0030676632        35287.0312983679     
   31725.3685348506        32174.2812970209        32569.9789850725     
   31085.8479045396        36591.3184235377        33716.9214515964     
   34816.7014837402        35012.7084623118        34771.2718103886     
   32538.4719478616        34912.3172047903        32234.0276126178     
   33493.9510518113        33918.0762827743        33745.8457464452     
   32953.5041189278        34970.0486799886        33695.5474586786     
   35496.0132711738        34974.9419948550        37928.6461925223     
   31535.8359824703        34795.8425791112        31212.0652112316     
   37327.5165897138        37366.5701773732        37424.3467535512     
   37208.1946012982        36234.6606351518        34889.6680948177     
   34678.1288456282        34203.6931446696        36187.5977646720     
   36807.2439047059        35262.8025707833        37995.3871329321     
   35544.8608445181        32029.8963424194        33102.6992241951     
   35529.3409097053        37461.0520408394        37033.2530659843     
   34857.8148357959        31952.9394725390        35456.5133182259     
   34283.5202266679        34700.7929556064        33033.8343026389     
   36075.4899552505        34937.3971976335        34404.8781679900     
   35828.9865564358        35828.7677116858        33272.6822131654     
   33141.3421595526        34249.7702639830        31347.6054398247     
   34690.4175364385        34294.8286032932        35051.8116688092     
   34535.9071255887        34084.2125919224        33812.6278026682     
   36558.1924730237        38302.5242090729        34449.3831347061     
   34818.5459152618        35940.1928095633        36801.9023234420     
   34011.5691657435        36846.4407667607        35510.0391031232     
   36864.8711776930        38312.3084986806        36091.7315040886     
   34687.3781343625        36781.8077649671        38711.6642838082     
   33535.7003641763        34387.7571687417        36398.6593853224     
   37607.4702591340        36332.8724763082        33930.4025483253     
   32369.2747720869        35455.5733842564        34270.1250125307     
   35756.6328149396        34687.0904546959        35548.3873210730     
   35458.8121069335        35008.7391838436        33105.8634860958     
   35598.7047309274        34807.5646193356        33802.7975811208     
   33117.4608734612        31839.9020925637        32032.6346518105     
   34256.1668288000        33123.0088053889        33588.5510666306     
   35314.3269064315        34567.8812937703        36033.3858200116     
   32428.9336097230        31995.7666334983        35895.1045903665     
   35228.8596149839        34187.6077849956        35636.8741416014     
   36854.4694002712        35743.4362512576        34282.0517860513     
   37960.4480293661        35568.9813770991        33617.1691885872     
   32865.3990072962        36535.6750286391        37802.1823821908     
   35578.8061227919        32972.2779919230        34741.3878162751     
   32498.5109068792        35387.1273665766        33385.7437870048     
   33575.3223400508        36068.7617986549        33407.6025976885     
   36801.6920892025        34875.0290436589        34845.6504677043     
   31698.7519333386        33607.0130221168        33614.2503471262     
   36963.9353720517        33582.0811087310        35751.0986409887     
   36019.5085244406        37413.7548087058        34964.0740552099     
   36498.8764899136        36134.2814321183        33515.5102831057     
   35610.7715835280        33664.2596671988        33766.7394718739     
   36524.5320939240        36548.5816340637        35057.8461499570     
   37081.1115147380        35077.4930792524        34589.7591170700     
   36943.5137924401        35290.1221616478        33536.2227895394     
   34353.2220861862        33346.8055901251        32547.1891197568     
   33392.6605565003        33001.2601867236        35739.8423535792     
   35676.3818109134        34311.7228506473        34742.0404024622     
   33436.8554840738        36276.3241488105        33171.5197460380     
   35976.4067707187        35333.1595353442        34103.8331649280     
   33740.2203351243        33797.9939534170        36751.0492368409     
   34794.6478148732        33828.0135009713        34239.8090912607     
   33492.3950121904        32942.0651057125        37709.8300179351     
   38729.9872510392        34345.9460915822        32750.7499191029     
   37522.1361087761        37240.5551993367        32818.7200715352     
   37242.3933609118        34876.7879885517        34356.1702952970     
   35016.6189070400        32841.9021627126        33432.3812061060     
   33221.3950314155        36318.7909256523        36465.1853358639     
   34848.5454735817        42592.1513408872        34053.4816910711     
   33190.3084571339        33104.0183771897        35016.2050052490     
   37204.6760900532        37364.1800322290        35524.3910969950     
   35732.1624588820        38150.2725364195        34243.2900892676     
   33340.6996797164        34061.5143836090        33802.8267868310     
   33312.1260405532        32667.8722224071        33991.8577012554     
   34368.4452421012        34364.2087514033        36218.7968608643     
   37624.3540362546        34129.2191679606        34053.7523802837     
   36934.6535953176        36408.2045712502        35227.0871877233     
   36968.3681043282        35738.7935947220        33442.4166084884     
   32932.5229915619        35871.4687983620        37020.7151130549     
   35817.9976950581        36071.8747903265        37729.1047698768     
   38007.8352525004        34053.8852049446        33281.1631243110     
   33275.0488501127        33710.9034548905        33514.8747351074     
   32294.6244600954        35010.9327594298        35975.8509109091     
   32391.1890514196        32487.8879122449        36172.3341900386     
   36236.1044782243        34699.5841770386        38164.5131387826     
   34426.8591455233        34505.3210526335        34071.8736522503     
   35832.0170819391        34649.9596249954        34491.2529620682     
   35253.7724173568        34443.7332397672        34906.9868870596     
   33788.1125969096        32178.7933476666        35070.9774796582     
   36860.3366950503        34991.4955244129        34497.4693157291     
   34294.6681604603        34720.8965026263        34462.6205845726     
   37642.5516266284        37370.1685054896        33959.9120008783     
   33084.8884380461        33543.9590825341        35552.7021331431     
   34584.1919348983        37604.9626198200        36093.3836080868     
   37292.0842001453        35435.4900191213        37916.9677648167     
   35666.4097759468        33561.6846576394        34330.8281103797     
   36746.4692224410        36376.7255975887        40277.0868327060     
   37338.0256736375        34089.0009448789        31844.9528834903     
   35363.7766757450        35293.7310616171        31929.0910925004     
   32487.9271454336        34110.9348298284        35732.1787745885     
   33909.3217505247        33238.3689265703        35461.8455653631     
   37317.5745838221        35157.3892845008        36417.1461698063     
   35775.3497442050        36940.0959886321        35502.1568307870     
   33434.8735995403        36657.4873503839        36368.5862668069     
   35620.0084792036        33712.8625527354        34042.2234554525     
   35283.0795610366        33272.6041034339        34079.3122935193     
   35821.2604036434        37966.6700133437        32342.5338925242     
   37218.4571417413        36188.6282881774        34330.9495251973     
   33596.8774469912        31818.6014585525        36056.7031718699     
   33407.0765456020        34774.5481742157        33807.9994183145     
   37424.7661617476        35304.6614631110        35689.2623108208     
   34987.7690722463        34404.1118904177        33907.0061816059     
   34480.8982979411        33893.0565884655        33478.5809362077     
   35738.7238651440        33821.8569737081        38404.1743312852     
   33973.2079115953        36246.0559149234        35273.5763635378     
   36123.1252775682        33876.4844514919        37268.3482656552     
   35676.1830130823        34103.0313321800        35718.5761548238     
   34031.6100781716        33382.5787967978        32185.6397731390     
   34907.1040235437        36452.2450958233        35437.7550954695     
   34595.0298903267        35564.3459912575        36200.0176346381     
   34246.8952568778        34652.2557416980        35473.8738998303     
   34832.7134892731        33921.9872541333        35712.0813282371     
   36420.8127255228        34682.3980864641        34405.1216655794     
   32934.9767404291        35310.2099463341        34365.3870231070     
   35253.3340972820        34694.8987145702        34123.9934000761     
   36609.1011536034        37962.9488225592        34768.9466751266     
   37432.8576999258        36063.0885728344        32537.5162729845     
   34268.8724633511        34757.6880472968        36672.0863990496     
   37246.8227391298        38075.1644220912        37300.4230744592     
   38678.2588760544        34075.0679536707        32055.9514629612     
   30571.1860717370        40594.9817819357        34227.4783405250     
   34299.6170703460        34650.0009233054        34504.3681748401     
   32965.1103353959        36060.9889793193        35264.7972381786     
   32269.2934134601        35409.8981792420        35956.3738901604     
   35442.3446962388        33570.3956768558        36045.9305666411     
   35643.8342989256        34329.9402463207        34776.0809827015     
   38435.8469129301        34805.1935291974        36505.0585799957     
   36635.5188389782        35670.5600671164        33920.7667260393     
   35279.5235445194        32007.4465604346        33782.9453654526     
   37840.9837591142        35837.4001562847        36999.2311416921     
   35243.8914602581        35094.4102513660        33815.9340714125     
   38663.1122365607        33595.5819572902        36644.9076886011     
   37527.1048840399        38118.2524157653        32460.6438060378     
   32764.0992853030        34218.0738096515        33305.7799316419     
   32728.5015832677        34090.2529780483        36017.5227986041     
   40600.1398310057        33386.7985654355        32108.7462264616     
   34586.5692026846        33896.8515842992        34920.2776896359     
   33875.1031856008        37187.4609262689        35468.7944895291     
   36961.7335319395        36142.7573984186        34392.4904628112     
   33155.1313279670        35957.0131579967        33144.9323447045     
   31121.9184358477        35781.6613759994        39451.3906763996     
   35741.2260118816        35580.3617263480        34030.9239084302     
   38182.6848399997        37656.1021440387        33597.6342420632     
   37622.7309208036        36812.7020558811        35878.8785696078     
   33705.5162657592        31000.3021498829        35614.8282905690     
   36367.7342129425        37645.8120825391        33256.5475184024     
   36288.9438769348        35962.0391585851        39873.1296598713     
   35373.2686404764        35751.0307774822        35800.3930150543     
   34278.5617740269        36781.9125637017        35974.4266240438     
   36241.7515875111        34769.1595401250        35612.6588205176     
   37022.0305796195        38231.3213738199        36449.0867348771     
   34468.2213995608        35688.0957013123        34415.4473848677     
   36046.5500378295        32989.9667850024        34353.3554286806     
   33493.6648924142        34127.0237039480        35253.7790549099     
   35652.4275235107        38272.6865982451        34721.0030169617     
   33315.6271253922        35555.9551560797        34600.3571972151     
   34310.3550157655        38170.9369999619        33725.5204514423     
   36227.0141401556        36211.4969869401        34521.0668654985     
   32995.5872629103        35886.2657536996        36117.0128204482     
   35915.2634266456        35011.2969489205        38149.5488319493     
   36387.0831501321        34858.8308685088        35161.9139334947     
   32520.4512374714        32976.2503834555        35976.7485172557     
   36718.1183378126        34327.9923825915        33460.7409344431     
   34799.5224084292        36800.4667540475        37599.3262354410     
   32637.1242643305        33526.0195294869        34327.9788787227     
   33375.8670625924        32976.7849618525        33537.8571135175     
   33887.9278888699        35611.2932725047        35137.3036471349     
   38285.0063223738        35440.5043969242        32594.8678660336     
   34271.4061898875        35687.5730494173        36626.3763454786     
   36828.2630963755        36870.8947913651        36190.1853360769     
   36093.8888607243        34973.2968348428        34497.3596511071     
   35075.7659049804        35328.8225019346        37021.0661225374     
   37047.3935331438        35316.0653131505        31971.4892851053     
   35866.2266775339        33489.7871257702        35176.9644167564     
   36610.4108391580        33775.0746848387        34049.9508343213     
   31434.0910423897        32964.2273252203        36084.1411447833     
   35078.4855964255        33719.3328958758        35008.4340495423     
   34582.6699256748        33404.4565042872        36568.6271288176     
   34029.2471523492        36281.3646403271        32357.9369529736     
   33355.6809418849        33694.7218719652        34736.1858749865     
   36365.9337629729        35288.7240014854        38077.4623754311     
   31782.9211656425        35311.6291170340        34404.9788003632     
   35723.5104420092        33242.3197184613        34290.0174963792     
   31452.5432464718        37505.6543399663        38113.0680292120     
   35441.1980199423        34707.5965230245        34215.8059845293     
   35681.9238723404        34888.4763274201        37989.7684369055     
   35557.0330538904        36580.4979899940        35783.7518101606     
   36956.7745007723        37114.2299606752        35337.8015875396     
   35128.7983121517        33910.8242526430        34992.5249960900     
   39500.4265431673        36057.3876504170        33356.2124908365     
   34785.9990066544        38086.9694107728        36452.4492231429     
   38164.4046949566        34687.4081341527        35234.2128500760     
   36010.8024994460        33049.4983576314        34197.9406779931     
   36574.2479629559        36337.6093053795        35479.4305087820     
   35503.4028056796        36820.2712868376        32869.6171229603     
   37219.3656127829        35470.9035224375        37299.6815530848     
   36182.6745040914        38180.3703930005        38621.7059365246     
   35026.0648332459        33588.1018712776        35368.3351181500     
   35444.1836696222        35839.5192057858        33534.0407582585     
   33335.1787708418        34743.1375188656        35509.8783599544     
   37533.5122301637        34640.3562438607        36237.1053259002     
   36421.5515930397        34973.0347461045        34045.3896561039     
   33921.6914956899        33638.9358200880        36633.4332378267     
   35670.9726532645        32967.8310231467        34733.7593356088     
   32464.8678731200        34852.4527438510        37005.9849704292     
   36128.8758023931        36837.1733596542        33975.9177335649     
   37777.8672622653        36483.2628802149        35709.7501751474     
   37198.4500732999        35087.1322551864        34403.4209677166     
   37723.9812753257        34615.0173896544        36125.6287759557     
   37292.6624576704        38953.9636769018        36416.4106427013     
   36170.3841274638        33514.0884926476        33952.2563865857     
   34366.9829350976        34310.7453281772        35662.0567921655     
   34587.6674598595        34025.2165089269        30501.6231916300     
   35580.4777716192        38659.4398659699        35034.0563681870     
   36329.9643578647        34700.1013117459        33761.7965097740     
   36505.0910330702        33702.7204601310        34070.1768104747     
   31502.8639991701        35803.1807036221        33956.4265443066     
   33382.4732573382        35844.7980064865        34709.0648863354     
   34695.4217525343        37095.4004520937        38237.7867372878     
   32927.0630290346        34645.6808148245        34646.7530180582     
   33494.9189221201        37362.6714318121        37111.2017686698     
   33861.7757280887        36510.4496950592        36333.7280682042     
   35810.7392168909        35049.7595849788        35031.6532194515     
   36372.5355770392        33256.6306620953        36355.6430093742     
   34844.3772343971        35394.1020561001        33241.7764830321     
   32931.1994490872        34170.3214235146        36212.7963502403     
   34422.0135598603        36131.8721767946        34171.5855938550     
   32595.9625077103        33423.9698887210        34263.5964583526     
   32622.5308185875        35601.9908119885        35605.9262969010     
   37092.9129855518        32115.2257348676        31976.2650067198     
   31168.2086798311        38060.4104547683        34597.1819604519     
   34081.3101381525        35401.2058096881        34405.2094768402     
   36069.7080667358        31906.3333048697        34772.1077620518     
   34244.0878548683        36813.3695947563        36023.9150290112     
   34883.7757176727        31628.0755032650        36595.6402348642     
   34013.8910283509        36463.8319535725        33888.9352982354     
   36133.3298214727        33312.1853112431        34846.4547175523     
   37717.8441834140        37634.6643131101        34952.2960453730     
   33952.2747619114        34058.3702571834        33039.6998494448     
   34798.7283055094        34299.3666346056        35381.9506962442     
   34823.8020601088        35430.9487122289        34390.0270095347     
   34788.6395397816        32255.9134590495        37287.4629616607     
   33304.6258751922        37345.3910658075        33331.7073602637     
   35387.1001128464        32698.2929966603        37549.4561607720     
   35458.8492385615        37364.4250789111        36078.3174299082     
   34192.7992449739        37147.2116385239        36320.4176009143     
   37793.2553028156        35361.7070970788        35782.6353269405     
   37449.6174351203        35954.2798020711        35378.0610288072     
   34499.4891511717        36843.2501322815        35582.7799648974     
   34061.7713888873        34532.1998469976        34635.7707862192     
   35322.7004785824        33318.4338534905        32427.6774254435     
   33930.8698825860        34007.4843301114        35276.0872118858     
   34699.4998836026        36905.4393158809     
   574293.000000000     
   20794.4327143678        23179.2873981652        27243.9996301066     
   21063.0880087662        19883.7440458974        22281.8679521769     
   25909.8294872687        20686.6620964779        24337.3151170747     
   18045.2133583252        26784.2229295382        29432.1018511345     
   21124.8066192184        21563.3785818989        23249.7778195579     
   21756.3584225902        26782.5503384690        28811.7006548905     
   24155.4115461303        18881.8991641576        26113.6440012192     
   20703.1835793722        24521.8762493845        32551.6328698904     
   28687.6129819036        23106.7712831442        25420.4107560856     
   21479.7304440954        32236.5352968047        19383.7879909786     
   23883.4296539388        22929.8483167169        23939.7402199340     
   18329.0892314531        29600.2344222761        18390.1202211324     
   22580.1466928448        22705.2565048184        15070.0083644931     
   19664.0399167899        20324.1930274444        23773.5775893850     
   23896.8475511825        25913.4720189305        25541.7851146714     
   24063.7163868496        20081.2770511659        24178.7163150274     
   18199.7793574613        21158.6672961964        20551.5167380893     
   25892.9177331249        24299.1057033169        22061.8664735460     
   23121.7874340763        26684.8896043749        25212.5448548787     
   24226.6081726412        21662.6189853361        30515.4019179427     
   21840.2853255719        24111.7940879155        32698.5607031440     
   24271.6937941278        28016.1791737048        24150.7097067915     
   17087.2275312879        27454.2443275008        27614.4413832364     
   18348.5470408910        23954.8678769374        19940.1475336188     
   17648.8278592781        21704.2107499227        18540.7091703930     
   23622.9700557792        23868.9524490179        24028.7406491588     
   30139.3662769038        21950.6391674464        20781.5909318256     
   19430.1187635945        23924.4267194785        23639.5658760544     
   26719.1405526024        22591.8548303290        20388.4391088456     
   26986.5135271812        25247.9480325094        29062.7937430627     
   19928.1048779208        25890.1486656882        22574.1439493410     
   17228.1154523473        29941.4801690763        23572.2719620383     
   20508.9400032064        21865.8573845849        21893.9569145469     
   25384.9146567289        20237.0138640505        19468.6812799114     
   21358.1516577123        20571.8294274070        32860.8020368530     
   25002.3930792107        19295.4380138362        17150.0240337625     
   18303.3313289879        28050.0956037185        24237.8331171498     
   22983.2783092042        23082.9089838908        20283.3260523211     
   23212.0887674660        24122.8703576624        16859.5693024292     
   23251.8220975313        21297.4366019016        23430.0087994331     
   22185.2293570695        20131.5477049670        29660.4848694565     
   20340.3799921249        22951.8707657943        21971.1377002163     
   20125.9166483674        16029.2393426597        26235.9289927204     
   26242.4892665806        25363.6541658052        23423.2440977756     
   27262.5653909744        22579.4962407623        25924.8456382008     
   21826.3656510074        22168.3547716162        22494.9746387338     
   22107.5096253890        17588.8747616212        25731.8472131643     
   24187.4323729322        20767.7084259516        16260.2799223471     
   20333.7453808839        30360.2783884502        19419.7672833109     
   24465.0081530329        26906.3034932421        18186.9375749192     
   18693.1565541748        24177.6941760407        20693.7241476588     
   25753.1262884331        16965.8531727021        19383.6950692525     
   22048.3556545761        19819.8882357457        20495.0203286419     
   24709.5967203806        22082.5508497680        28069.1073888713     
   22309.2055239851        32510.9703225644        17886.8189840752     
   26626.8692786201        26143.4532909408        23038.4552301414     
   35369.4284597687        20257.3637220586        22685.5570988927     
   26464.5164388397        20295.4058767096        20533.8430257918     
   18053.2975484929        16642.7271624845        18818.7867278144     
   22892.5495358745        17498.5176751958        29048.5395502844     
   23132.3433421573        22118.8646603141        26830.4050273924     
   24218.9700067586        17670.2184406183        19152.7288269459     
   25326.8014092480        19895.4707677268        21719.4127443069     
   18636.6229760370        17215.0692420078        25120.4408400033     
   28058.0311191244        27959.2367399723        21215.8699107619     
   15912.9570946623        25978.6101489019        20084.1390403287     
   25866.3235351252        23703.3659331705        21404.7983641968     
   21612.9430305819        18415.6365271098        13564.8994143865     
   28853.2552507866        28572.9661562849        23052.6350855389     
   24651.3905511736        16678.3719366030        28640.2786546462     
   24156.9540467830        19507.1322901570        25418.6266589452     
   25794.8109747458        25603.4479720880        28858.5703735176     
   19908.0152007456        20987.4868924399        28256.5862633796     
   22415.0991230086        25794.5879626032        32550.0160318568     
   21972.6802008690        27202.4822029009        23296.9448877084     
   22632.7032211070        18415.3020088960        18626.5874296220     
   24121.1234292124        20936.7516300086        23935.9861822010     
   23888.0014028611        25847.7391899122        32875.5394226069     
   23370.2229608831        23869.9002506237        22627.9642130777     
   16631.5208023211        18715.8480396798        20334.2471582046     
   26171.5342365575        16613.1594692507        25871.6758265465     
   27283.7887132076        20452.2763346521        21669.8854643144     
   27841.0031357275        17086.1868079560        28567.4837744471     
   29083.4595349395        25336.9484617342        27349.1870240119     
   29265.3073528482        16695.9155584840        17911.5919162441     
   27619.9795181099        24480.9535212256        15933.1582779088     
   24269.1105701432        20524.6437749113        28889.1044527024     
   19601.7080229457        21143.7068983000        15017.1359023623     
   21169.9108250503        26922.9550665529        21160.0611220874     
   22307.2913364282        31298.8993277756        21166.8629924354     
   14456.0745203832        23532.0740233427        21723.2411194207     
   17350.5862873007        20927.9426503776        20764.4933342297     
   31924.0581163941        20957.3988375402        22695.2581270938     
   21460.7372432878        36027.4629550689        19424.5062913402     
   20083.1540700324        27418.8597342153        18330.4458886536     
   31668.8578879299        22191.8267996201        19579.0908748215     
   32442.4312574190        21173.2560071886        20709.2792446020     
   21463.3948046532        22583.2874471858        22856.2543096736     
   23151.2622055841        18232.1532868223        20897.6315833353     
   22515.1200689447        22400.7334241589        21776.8383710149     
   23730.2574806936        18352.3196629693        18963.7446204754     
   18916.5403836345        16730.7240370678        25326.7642405575     
   17515.0577424353        28703.9486213458        22485.5895444013     
   25538.1797517001        26320.8408659984        21913.7492421987     
   24547.7270735758        26126.3371089996        30816.7656599160     
   16433.1886702085        17091.0373220566        23153.2321461766     
   19562.6251449628        23071.2937681327        19896.8645936178     
   20060.4254158370        20733.6619055214        20186.1113425122     
   22321.3225170640        23531.9253485810        23444.2258235210     
   26798.4771223165        21800.3103990189        15860.8837593756     
   20853.8282816684        19848.4895430285        28311.0198105083     
   19610.8143521000        29324.5170766967        30613.6015980480     
   20211.6462328348        23165.5721513980        23305.5308551968     
   25992.9386790611        18605.3083543532        22881.4918504728     
   28545.3126506080        26749.3958666091        25436.3561242783     
   20548.3388150579        24117.2578854081        22817.9333898445     
   20319.7327845933        26001.3202187521        23287.8199742088     
   20204.9001155225        17404.0162797879        20598.9068183823     
   15269.6785694611        24775.2180433275        32139.4320930671     
   28243.5772217305        23496.8195204737        20416.3527953555     
   20869.2532881951        30657.7394179287        14633.4620954409     
   24780.1800634994        25648.5893466102        22171.0866703625     
   15270.5892023766        23004.5202157826        13997.5243865988     
   21309.0889863501        26130.2769901848        27287.0781423102     
   25344.4751215455        22457.6386892010        24380.1334484454     
   17542.6926637670        18316.7120575412        20224.1534971631     
   12804.7067734507        18519.5601855406        27180.3668320975     
   22054.7672536746        20222.2950626418        19046.6122157800     
   21069.7040356620        28053.6266293089        20809.9692269658     
   30218.6099248919        18193.4235113985        20715.9138558431     
   17371.5122600105        19641.4413530110        20287.3774395776     
   20255.9698961677        30471.1897606811        20290.7783747515     
   21148.8919306144        24264.4273151495        22407.9999031372     
   21395.6548663520        26371.4460380133        19921.5260197154     
   23980.4027672599        25813.8413442438        21865.3741916094     
   22698.5847248869        32480.1574782013        25448.9563103327     
   19423.5770740795        27368.8492612472        24393.7000204508     
   18329.7396835355        20268.5329135316        23451.8639894036     
   28956.5098727898        21908.8615594077        28595.7877322064     
   21357.8914768793        24794.1554910995        24621.9901170467     
   31424.5109170700        34511.0733074181        20715.5979219744     
   19660.6761503064        29474.1768086966        17372.4600616163     
   28126.1984973655        21772.1365316760        23617.5248426318     
   17684.2682055992        25959.4311046421        29899.9069888349     
   22084.7809711935        20504.8700316048        21250.1208589894     
   26394.5649634582        22272.0554179045        23183.7104723259     
   20079.5858757515        24345.3621385519        22094.9280236798     
   24990.9822912499        24111.7197505347        25873.7758575556     
   22984.3933699169        14046.9029918297        28781.5568469551     
   26772.7935572322        18474.5117327444        19839.3088764933     
   15111.5443760441        25438.4375709422        16257.5480236008     
   27156.4487798084        25033.2430922642        15729.9570473503     
   23590.0757647523        19818.7545906877        22435.3003062550     
   19565.2455376379        20859.6451817200        29675.2780082460     
   24700.7134033688        23327.0886956438        26376.2222147330     
   27855.0343163633        27912.1440092027        21908.5642098843     
   22682.6393566942        21704.1735812323        24118.7074643347     
   27424.7323873026        21389.5963698126        18765.2823979463     
   18311.0995852869        28747.2873143824        13548.1920880401     
   31864.5696273675        18624.4130612321        21340.0319211297     
   17605.2104010633        19626.2393586268        20909.7671607594     
   24349.5993692605        19368.0470505832        21863.0883171482     
   30526.4224346540        19643.8573178886        15888.0726564221     
   26009.6460054075        21743.0520314177        23988.6170478441     
   16931.8252366172        17166.3225045142        18646.9001189398     
   25949.9345042383        19704.7024641159        21756.6557721136     
   23045.9075525718        24490.1156034156        22888.6654077250     
   19336.9368566967        25495.8817819954        27136.8794642992     
   28676.4809591210        25529.2778503431        25140.5119328333     
   27359.8730225094        26892.6811682010        21271.1955064609     
   28356.4027815184        30557.4211224692        20390.9851641398     
   23863.7302480130        25934.9369376514        22930.9076243941     
   33979.4866969467        25663.0293828407        17322.9327816238     
   29919.6807321415        28924.4704616427        22163.8573600746     
   16923.9826429373        25638.3307880527        21803.6555811572     
   21572.5964171245        25056.6593672325        27731.8944449823     
   15631.7387828999        21117.7631523827        29169.3563785138     
   29688.7144898349        29809.5684867548        24896.0348715569     
   20777.3165324266        20618.3646278203        18897.3055863391     
   17607.8493780836        22375.0684434199        25855.6561209730     
   27235.2835722017        18585.8505449152        28358.9116681221     
   23907.9238209294        22332.4173711561        22277.7979805753     
   23602.8432099136        22176.1416122604        18624.0227899826     
   19334.2792953313        21568.6007829038        27138.1989528093     
   27654.4163097895        21775.3702077431        22257.0764356628     
   24054.4799672788        17602.6085927335        23273.4914440496     
   23893.8368872580        30045.2179840550        21368.9863309714     
   20704.0756279424        21369.2836804948        23897.5537563006     
   21530.0940196225        25347.8946410647        28746.7297840260     
   26898.1635500388        23106.0093249905        18275.0831242642     
   23878.2817903148        22152.7439216373        26893.1643611765     
   14908.4174828665        31565.1200729512        22046.8689069591     
   23914.9487034199        21430.1474110673        32641.3395042333     
   19770.0450218846        21081.8581974313        19090.4712704825     
   18012.8951819999        23119.0555353300        23513.4710937845     
   25494.0976848550        27237.7181214246        24270.1884621655     
   21991.4875582245        21918.6369249897        15959.3250359686     
   22307.3656738091        27270.4265689994        19491.1497532738     
   21379.1705521481        18929.7538530809        25529.8725493899     
   19140.2773156533        30194.2644326629        20575.4905434140     
   31880.5335799054        28952.3655638073        27078.8777228895     
   23099.3561294043        18523.1469641667        20864.4399427850     
   25390.2855324954        27677.4423135083        21155.3592827485     
   20842.1201441842        28824.3194252901        28282.6043466777     
   26835.4785536355        21765.9479447201        30643.1692912818     
   22013.6958507540        25959.9142976176        18715.6064431921     
   20554.7875828468        20928.9276206739        28091.4086031269     
   21311.3376921209        20620.3531527580        16757.0766385798     
   20703.4809288956        25021.2190209114        23943.9588662973     
   19218.9448489397        25770.0008738865        26402.7234910067     
   21508.6291009016        24403.0479460929        20643.3605721317     
   24089.2698615174        25395.4148117742        22182.4417052876     
   16693.0721536664        22145.3659365878        18855.1562913961     
   26055.3820789766        29377.7798100770        22657.2717254785     
   21057.1410182981        24006.5695253198        26444.8170329140     
   25284.0202465677        27764.1382839267        29694.4756368510     
   18932.0954805778        26211.1932292420        20426.8901190912     
   20700.4330962807        23662.6662171541        27111.8463512973     
   21451.8167575856        23621.0001151866        25416.5823809717     
   26076.1407925794        20867.5806971260        19999.6360226454     
   21278.8150879982        28516.4139938019        24739.3688414117     
   18612.0544716655        28063.2719044744        19008.5143080934     
   25727.8887476339        32059.7795894843        25529.4265251048     
   33119.7377187051        20832.7350498517        16190.2355252395     
   27629.5504558945        16435.6603881218        23809.3524539199     
   31447.6484268601        16403.9740795337        20396.9879076436     
   25550.8542751353        24873.5292295040        20540.2360405450     
   21528.6630250411        29845.2132608732        23246.1352878962     
   23403.2101736361        26343.3093393609        29991.2676299018     
   24047.4922534787        19139.5153574995        24524.7010698569     
   23921.3974712088        23122.7909887178        22948.4326619299     
   25738.5561617862        19801.1923844615        26696.8765070373     
   26210.0781685292        27815.8956853448        20964.7396538993     
   17964.2599505776        20898.4492945247        28802.3155605579     
   24918.2059953960        25396.1767699279        21561.5573160681     
   19140.3888217245        23991.3303622452        13745.1303942617     
   25283.0352762715        22010.7223555199        17296.8589452900     
   17651.0208120133        25101.5405609218        25817.3352011439     
   24786.4244034909        21391.8822442738        26212.7543142399     
   19675.0976021916        25646.9725085767        30657.4234840601     
   24733.5891100505        24548.2660195869        25503.6686226396     
   24113.7082754725        21828.5214350521        21060.9508090667     
   32431.0390538035        24665.6261596067        30179.3969564925     
   31648.5823673025        25066.6949136475        18957.9091360786     
   21868.3105181531        22159.0440146645        25464.9574315611     
   24837.7543649691        21240.9030237638        22585.7034120635     
   33357.2270661814        17114.3049222632        23711.9519006588     
   20168.8279014641        23272.0418651230        16299.9946680672     
   34480.3348004358        25258.3366814834        18858.6129796057     
   30230.1508032691        23927.8276546525        27816.5833061177     
   27359.9845285807        30036.5948478762        28811.9608357235     
   25891.3380637818        15863.8572546096        21939.2841325213     
   23156.4472378985        20175.3881753243        21627.8662597879     
   24382.1405577284        28566.2757920082        23627.0771960713     
   18743.8174792253        23958.4360712182        24449.9734177556     
   25505.1367859115        21795.7386500965        25268.6509930766     
   25249.4161957812        18943.2460877055        28223.7663097335     
   22425.6178623991        19990.4181874198        24781.2207868313     
   15035.0512111476        22373.1542558629        20118.0368859971     
   26936.3172107610        22428.9072915018        25707.7990704587     
   24489.5952417496        29521.7341480966        29012.7832700946     
   24773.6197896392        20350.7500567537        18715.5506901564     
   29637.4031127020        24248.9837242775        22534.1504384427     
   28856.0429025686        18298.6852426847        24141.5104559110     
   16906.4390210563        27611.5793940736        19508.1915978341     
   21770.4639406069        23881.2738698941        24751.3929127645     
   14665.9661152183        28906.2763876792        20671.7388672719     
   24905.4943032703        25094.7944436095        23903.5379154592     
   23669.5795935733        23951.5041104538        21146.6618091889     
   27950.1118264728        20473.2580603975        18111.2249525216     
   17768.4181207235        19740.5702503769        19469.6290815172     
   22669.0913690340        19124.8708934717        23875.9773315084     
   24379.7989302315        29869.3729096501        26096.8065844562     
   19625.6260752347        24091.9831759185        27048.6781619185     
   18925.6652971341        34178.3577750706        26622.3161140429     
   21551.2801731653        23595.5767309353        25732.5162495919     
   32195.5010625745        20219.0242178843        26500.0125381965     
   32844.0203731257        24985.2211442339        25288.2760616215     
   15859.5828552107        20178.2501644871        15709.1611650570     
   22086.7694961313        19738.6932315103        24468.2604134452     
   22358.1195205856        24320.6635437639        24463.4098993446     
   20775.6996943931        20270.5214384694        18596.9453990074     
   17235.2518409091        23497.8974124961        20134.4282784750     
   21961.6782685029        19136.9878865506        22043.2635439878     
   13416.3175744090        28467.6672563083        32843.5000114598     
   23708.6810559014        30023.5672218819        34253.6987105639     
   17454.5285300767        18129.0287552356        22435.0215410768     
   18924.1785495170        24501.6564817929        24412.5817151872     
   21641.6930126263        19272.7651126764        21881.8585058133     
   22646.4742209098        25356.6292833148        29694.7544020292     
   25453.3050471125        17985.2230919778        20152.0276533916     
   25723.6886856158        26714.9033218938        28128.0755162320     
   23277.7100904130        18002.3021052285        26191.7168354588     
   29024.9002631735        26152.7454635472        23329.3931544502     
   24214.5097639075        23669.5238405377        22713.6566288546     
   15435.3208383442        18655.8577733324        26176.7378532172     
   17737.9955476099        24917.9458145630        22044.6573698788     
   18060.1551718764        23036.1693556802        30060.0668758802     
   21842.0694227124        25668.0471560482        22517.4616964415     
   24756.2062581747        19085.1189790612        22294.0221139462     
   23034.2737524685        30103.6099967141        24040.6532144403     
   18260.3643228556        23341.0641232439        16707.3635151352     
   20723.7750338681        18083.4599407735        23096.7914897649     
   21453.1176617505        18091.0423536204        20937.2162386389     
   23889.8412530372        23981.2576471397        26210.0967528744     
   31564.5997112852        26831.0368951296        29121.5202739356     
   21275.1539719912        19990.3438500389     
 ------
  0.000000000000000E+000  0.000000000000000E+000  0.000000000000000E+000
  0.000000000000000E+000
  0.000000000000000E+000  0.000000000000000E+000  0.000000000000000E+000
  0.000000000000000E+000
