        4836        2348          14          47
  0.849523425102234       0.456233084201813       0.999999821186066     
  0.976373910903931       0.793294370174408       0.642695665359497     
  0.547126531600952       0.630141794681549       0.811086297035217     
  6.443679332733154E-003  0.141604661941528       0.830357372760773     
  0.549376368522644       0.829925119876862       0.138409078121185     
  5.267506837844849E-002  0.103528320789337       0.925615668296814     
  0.449830770492554       0.593229949474335       0.787259042263031     
  0.291077077388763       0.554483175277710       0.602081537246704     
  0.927531182765961       0.170878946781158       0.178672611713409     
  0.717110753059387       0.200525522232056       0.625409245491028     
  0.690775275230408       0.110230624675751       0.477739512920380     
  0.604264438152313       0.505489170551300       0.644310653209686     
  9.081196784973145E-002  0.837143182754517       0.283738315105438     
  0.256260037422180       4.932290315628052E-002  0.859556853771210     
  0.525352895259857       0.128784954547882       1.129639148712158E-002
  0.360518813133240       0.836148858070374       0.108092427253723     
  0.568584084510803       0.896118760108948       0.316396772861481     
  0.814947903156281       0.471057653427124       0.722478389739990     
  0.657512843608856       0.647811055183411       0.747418105602264     
  0.437479197978973       2.676963806152344E-003  0.876450538635254     
  0.471786320209503       0.769784808158875       0.447483360767365     
  0.557820320129395       0.650430142879486       0.869127690792084     
  0.235056340694427       4.854714870452881E-002  0.132186889648438     
  0.569777190685272       0.256937742233276       1.241183280944824E-002
  0.529855906963348       0.371173918247223       0.756026268005371     
  0.615290641784668       0.372449278831482       0.600762724876404     
  0.144674777984619       0.816929936408997       0.186988353729248     
  0.294171869754791       0.863433539867401       0.390587329864502     
  0.834589302539825       0.381698668003082       0.698391258716583     
  4.747432470321655E-002  0.364721715450287       0.705170154571533     
  3.577166795730591E-002  0.572708666324615       0.418973207473755     
  0.700884878635406       0.508745789527893       0.174954771995544     
  7.262647151947021E-003  0.705221414566040       0.901344299316406     
  0.351031959056854     
