        4836        2738          44          77
  0.996493279933929       0.456233084201813       0.999999821186066     
  0.208440542221069       0.768594264984131       0.895955860614777     
  0.574820816516876       0.985306143760681       0.351557075977325     
  0.767374455928802       0.417728126049042       0.653929114341736     
  0.289485573768616       0.211402535438538       5.563795566558838E-003
  0.635302245616913       0.274180471897125       0.734500169754028     
  0.856187999248505       0.300573587417603       0.532538056373596     
  0.146149933338165       2.147990465164185E-002  0.815078258514404     
  0.368627309799194       0.421321868896484       0.797995209693909     
  0.636868536472321       0.856906771659851       0.104923963546753     
  0.891706645488739       3.424525260925293E-002  0.472281336784363     
  0.234942078590393       0.452831029891968       0.796113729476929     
  6.701588630676270E-002  0.610824406147003       0.598059952259064     
  0.458174705505371       0.237127542495728       0.911814212799072     
  0.863785564899445       0.543919324874878       0.598197042942047     
  0.594178080558777       0.775064408779144       0.746599256992340     
  0.352996706962585       0.268073499202728       0.339226484298706     
  0.694870591163635       0.880258917808533       0.307658851146698     
  0.338936269283295       0.628745973110199       0.581492662429810     
  0.580344080924988       0.105679631233215       0.960498750209808     
  0.261188507080078       0.429309248924255       0.100700616836548     
  0.992597520351410       5.239194631576538E-002  0.903915941715240     
  0.134964942932129       0.332785367965698       0.307801008224487     
  0.876909017562866       0.435352563858032       0.782398760318756     
  0.748134255409241       0.292317867279053       0.683071672916412     
  0.285809099674225       0.408313035964966       0.730737030506134     
  0.776149928569794       0.467604815959930       0.141782104969025     
  9.021943807601929E-002  0.524986803531647       0.654663264751434     
  0.991284072399139       0.933333277702332       0.304487943649292     
  0.247542917728424       0.761832594871521       0.878075480461121     
  0.950971364974976       9.630882740020752E-002  0.137851178646088     
  6.124174594879150E-002  0.719041287899017       0.770606696605682     
  0.424812316894531       0.934520184993744       0.706323027610779     
  0.720115959644318     
