           3           8           8           8
   4.50000000000000        7.91500000000000       -5.20000000000000     
   90000000.0000000        5190139.00000000     
       72928          71       12251
   2505366.22222217     
   14597005.5555555        14940149.1111109        14751170.4444444     
   14280811.9999998        12218386.6666668        13313512.2222223     
   13339290.8888887        12178222.0000004        12221020.8888890     
   12622362.8888888        11871598.6666655        14346975.7777786     
   15254145.7777765        14428100.8888874        13078669.5555548     
   14569465.1111127        14469595.7777784        14748180.4444448     
   13354815.1111109        13087971.3333344        12336629.9999999     
   12491084.4444454        12047562.8888890        12086285.1111090     
   10512358.8888885        12234525.1111105        12514174.2222213     
   11679914.4444452        13541473.1111106        11757609.1111114     
   13283020.6666679        13020671.1111148        13272200.8888900     
   14090292.8888888        13705537.7777755        13080374.2222224     
   12780251.7777779        11934362.2222229        12075306.4444439     
   11886569.1111088        13156670.4444439        13688907.9999985     
   13999701.5555546        12850756.0000011        11667541.9999987     
   13080012.8888886        14410647.3333323        14677941.1111144     
   15360675.5555549        15085788.2222172        13939384.6666703     
   12908977.1110992        13967828.2222264        13262268.8888917     
   13884960.4444481        12519685.9999977        11533135.1111008     
   12855166.6666612        12799512.8888964        13927900.8888908     
   10959811.7777767        13322400.0000006        14036694.4444442     
   13784045.1111105        12238906.6666666        13109744.4444438     
   11695693.5555590        12647517.1111127        14966973.1111074     
   13065214.8888871        14080952.8888915     
   1536694.07155069     
   9472589.71430513        9747845.23068024        9187002.84380661     
   9580012.34013542        9063156.34868662        9367861.86021467     
   9408126.96158008        8650574.78649655        8401921.56783083     
   8743409.41895994        8734975.55847234        8766664.12136347     
   9118773.17320338        9191170.75437215        8981636.49064781     
   8839341.69042695        9023729.69114070        9665510.15687187     
   8770304.37945862        8834079.70754283        8959017.78172292     
   8672596.11367242        8548531.36135931        8714933.41744085     
   8248844.59451922        8613176.34537248        8632421.18722991     
   9109063.08037876        9218194.11710628        8255276.37161844     
   8932377.79032148        9473581.50694312        9162724.61491261     
   9602220.43311971        8933532.52704769        8787639.78219853     
   8521634.68897511        8488331.24734471        8448096.03231019     
   8764211.91838476        8591016.35952071        8243296.88175387     
   9304514.63678136        8730163.44830704        8751575.47732337     
   8955722.66221951        9267629.31919018        9863315.71679323     
   9348445.10967948        9170813.97002268        9730048.05600824     
   8859694.64355819        8529516.45277578        8491644.82886992     
   9398418.01677419        8723226.34187335        8416142.02938836     
   8832272.39345882        9068269.73020510        8706525.26843997     
   8560960.63590609        9362658.29048472        9108197.33700155     
   9747990.52964675        8937719.55263332        9163050.16027047     
   8701470.36339645        8941672.18221141        9446116.07874693     
   8912976.33135896        9114862.68863797     
   2007.76358151417     
   12132.5403147438        12311.2696919110        11900.4353242879     
   11909.9146474359        10669.2206186896        11666.9495476408     
   11331.2929886829        10747.0148188688        10607.1542813135     
   10926.2147641268        10637.3231575009        11400.3389792727     
   12079.6050461936        11741.8908588114        11258.0267449399     
   11668.6804410945        11579.7075575375        12113.3455874231     
   11318.1491419821        11067.2549926494        10671.6655377906     
   10578.4401747224        10450.5167408024        10807.1960870724     
   10241.6122530335        10452.9782414452        10830.1668828303     
   10670.2389547050        11325.6438256742        10306.3551135927     
   11306.2083746886        11328.3353624359        11375.1296759813     
   11715.4907522961        11451.4035227003        10973.8356381520     
   10773.7405275329        10202.3439545235        10892.3385893945     
   10764.1382679693        10859.4528242876        11418.8372472376     
   12029.2666964390        10979.1040731177        10511.6754196921     
   11013.1424025293        11724.0374567302        12105.0634515791     
   12350.8217718989        12228.5455943562        12115.7595773576     
   11261.0921909212        11493.4860065881        11027.8614557633     
   11475.3232963494        10811.4934515710        10246.3097621199     
   10811.6738729407        11169.7401838518        11495.0578138517     
   10056.1183612178        11449.0642689116        11458.6583308107     
   11575.5029693573        11071.9327031534        11490.9955689955     
   10543.4019252387        11066.6107989929        12471.8712100144     
   11218.8329226705        11592.9305895226     
   285040.000000000     
   20301.1627618745        17415.6343318520        3937.02428277521     
   8739.34917130231        10464.7365401176        13641.7798394481     
   4459.78012105019        8745.85942892954        6591.16143485222     
   14612.5409821743        12410.2795907425        23970.9564696655     
   8077.57631662376        24197.4345228792        7389.95031765931     
   14695.4927496323        6971.62164213214        13783.6809093748     
   8467.75963594434        15870.5331883239        10927.8385025876     
   3545.62909731622        12779.6639051761        6382.47620695730     
   5144.32478595730        13816.6831244461        5436.56301722385     
   10246.3563831155        17115.8900459763        7621.09734351483     
   3974.84577946670        7750.72004876800        8644.58875472826     
   12126.8344347128        13162.7075480224        9283.47706744445     
   9927.37254800380        15376.0448323005        3095.43491836691     
   8290.22594382414        12143.1147759364        2426.60693601440     
   11872.5116432492        14673.2939923839        8847.66557886639     
   18324.5527242752        9865.49222045613        5347.58949631844     
   8671.15586666158        6405.31377736392        6689.92382797634     
   6859.96085979853        12522.1000763657        11386.1775493043     
   20892.7601122595        13824.8092035912        6807.70030686887     
   27216.0427646582        7775.37072122664        10805.2709250084     
   5218.71833595730        12329.9300474732        25643.0499113246     
   8062.30116669321        5669.79558015475        8980.83933373442     
   16277.2035237135        14638.2532117929        5346.21792689048     
   17639.3786405210        21496.2788434945     
 ------
  0.000000000000000E+000  0.000000000000000E+000  0.000000000000000E+000
  0.000000000000000E+000  0.000000000000000E+000
  0.000000000000000E+000  0.000000000000000E+000  0.000000000000000E+000
  0.000000000000000E+000  0.000000000000000E+000
