  -4.35000000000000       3.050542417298756E-003
  -4.05000000000000       1.066701806162928E-002
  -3.75000000000000       1.979531773268151E-002
  -3.45000000000000       2.767487437222500E-002
  -3.15000000000000       4.286641817995023E-002
  -2.85000000000000       5.548569647393826E-002
  -2.55000000000000       6.822054673699365E-002
  -2.25000000000000       8.083121555474750E-002
  -1.95000000000000       9.253727440532447E-002
  -1.65000000000000       9.749936653164608E-002
  -1.35000000000000       0.112349401115416     
  -1.05000000000000       0.121399928517819     
 -0.750000000000000       0.129867594379169     
 -0.450000000000000       0.148480831024898     
 -0.150000000000000       0.155991984076630     
  0.150000000000000       0.149842194205050     
  0.450000000000000       0.143528742290010     
  0.750000000000000       0.131791279349931     
   1.05000000000000       0.126685162985463     
   1.35000000000000       0.112109360718505     
   1.65000000000000       9.989804860549990E-002
   1.95000000000000       8.944655443226622E-002
   2.25000000000000       7.715382127258881E-002
   2.55000000000000       6.421222058739551E-002
   2.85000000000000       5.817353395674284E-002
   3.15000000000000       4.589469895155776E-002
   3.45000000000000       3.742080146931483E-002
   3.75000000000000       2.720012325416888E-002
   4.05000000000000       1.554695118617329E-002
   4.35000000000000       3.807602360824168E-003
   4.50000000000000       0.000000000000000E+000
