        4836        2746          23          56
  0.234935939311981       0.456233084201813       0.999999821186066     
  0.637513995170593       0.525473535060883       0.736634850502014     
  0.697634577751160       0.908290028572083       0.324063479900360     
  0.816003382205963       0.968645632266998       4.163676500320435E-002
  0.113545179367065       0.381195724010468       0.349549949169159     
  0.688045084476471       0.744556605815887       0.406669199466705     
  0.378708362579346       0.517984151840210       0.406681239604950     
  0.296377539634705       0.764785468578339       7.109755277633667E-002
  0.695982992649078       0.542214214801788       5.068457126617432E-002
  0.140031158924103       0.955968558788300       0.531809449195862     
  1.343089342117310E-002  0.956882953643799       0.697591543197632     
  0.246260762214661       0.656728863716125       0.940236330032349     
  0.950820267200470       0.432822883129120       0.153798937797546     
  0.150418043136597       7.906782627105713E-002  0.557374119758606     
  0.684786617755890       0.392345368862152       0.570345103740692     
  1.943063735961914E-002  0.268324434757233       0.865209341049194     
  0.516473412513733       0.273647725582123       0.409127533435822     
  0.411221206188202       0.642552375793457       0.555313169956207     
  0.441055119037628       0.420954048633575       0.961116492748260     
  8.433145284652710E-002  0.399119615554810       0.702371537685394     
  0.131839156150818       0.640667021274567       0.984983742237091     
  0.468408226966858       0.145392715930939       6.780272722244263E-002
  0.462041497230530       0.196194827556610       0.203920602798462     
  0.493946790695190       0.655270338058472       0.527457654476166     
  0.502733707427979       0.204067766666412       0.639019608497620     
  0.258170306682587       0.322688162326813       0.910318732261658     
  0.910721719264984       0.555944025516510       0.809086918830872     
  0.629206061363220       0.619911730289459       4.276174306869507E-002
  0.132268965244293       0.472322523593903       5.849927663803101E-002
  2.835631370544434E-002  0.256483197212219       0.517368853092194     
  0.116872370243073       0.562754452228546       0.371870934963226     
  0.210796654224396       4.686522483825684E-002  0.558653116226196     
  0.752837061882019       0.284042716026306       0.412038326263428     
  6.183063983917236E-002
