        4836        2742          47          80
  5.901199579238892E-002  0.456233084201813       0.999999821186066     
  0.568191707134247       0.339915692806244       0.700694561004639     
  0.267483770847321       0.350378215312958       0.611609339714050     
  0.257965385913849       0.407274305820465       0.771495699882507     
  0.759042561054230       0.436856567859650       0.202417433261871     
  0.843601822853088       0.664017617702484       0.847304463386536     
  0.867537736892700       0.973434090614319       0.842470884323120     
  0.988120794296265       0.640852212905884       0.216072976589203     
  0.771616220474243       0.404233574867249       0.427227318286896     
  0.288259088993073       0.500065267086029       0.781973063945770     
  0.408203244209290       0.151885569095612       0.399747312068939     
  0.781389057636261       0.632911741733551       0.937435567378998     
  7.214295864105225E-002  0.909061074256897       0.362492203712463     
  0.588886618614197       0.231275856494904       0.871002018451691     
  0.466246962547302       6.073337793350220E-002  0.232489109039307     
  9.981489181518555E-002  0.817361593246460       0.302483379840851     
  0.760611593723297       0.339313745498657       0.110389053821564     
  0.554106235504150       0.636551737785339       0.708436727523804     
  0.347229540348053       0.449168682098389       0.496597707271576     
  0.387118816375732       0.920610845088959       7.339835166931152E-003
  0.702497303485870       9.438878297805786E-002  0.326808452606201     
  0.947385907173157       0.968997836112976       0.782730817794800     
  0.781391084194183       6.213247776031494E-002  0.620186924934387     
  0.521505296230316       0.421438515186310       0.853177845478058     
  0.736934304237366       0.505991816520691       0.474952101707458     
  0.606488108634949       0.928744733333588       0.163890957832336     
  0.406085908412933       8.915853500366211E-002  0.111513495445251     
  0.404510974884033       0.142963647842407       0.515983581542969     
  0.262462615966797       0.880975246429443       0.504265666007996     
  0.608404874801636       0.809066534042358       0.903417229652405     
  0.981509506702423       0.538094401359558       0.498167514801025     
  0.965475380420685       0.346740901470184       0.957633495330811     
  7.950496673583984E-002  0.764412581920624       0.336960792541504     
  0.234799563884735     
