           3           8           8           8
   4.50000000000000        7.91500000000000       -5.20000000000000     
   65000000.0000000        2789633.00000000     
        4558         612         137
   79277.3333333333     
   2332543.99999998        2352642.22222224        2409388.22222221     
   2413627.33333326        2429044.22222228        2426978.00000012     
   2417236.44444447        2348393.11111118        2314901.77777776     
   2296935.33333339        2302082.88888891        2307908.22222226     
   2318230.22222216        2338294.44444445        2335174.22222219     
   2334142.66666671        2336958.66666664        2336228.88888893     
   2333843.33333330        2332461.55555547        2330835.33333331     
   2326028.44444441        2343528.66666667        2374300.00000005     
   2375251.55555554        2377506.66666673        2404226.22222214     
   2388055.33333328        2369853.99999993        2368400.66666670     
   2431007.55555543        2456599.33333331        2437120.00000000     
   2400360.22222222        2401747.11111109        2379552.22222217     
   2382162.44444440        2419938.22222228        2477223.99999998     
   2483359.33333338        2475408.44444450        2476900.22222222     
   2481896.66666670        2493012.22222217        2435054.66666665     
   2412139.55555558        2373273.11111116        2365625.77777777     
   2350635.11111108        2384348.22222220        2467733.99999998     
   2525136.88888885        2549622.88888885        2572203.33333330     
   2526028.66666670        2482356.44444452        2483913.33333337     
   2483924.66666669        2535137.33333331        2544584.66666669     
   2530877.11111113        2489430.00000007        2452647.55555556     
   2460232.44444446        2461466.66666677        2462349.55555550     
   2452062.88888890        2449428.66666662        2453078.00000011     
   2454511.77777785        2467032.66666670        2474057.55555559     
   2420535.11111114        2434971.55555560        2437364.22222224     
   2435327.11111116        2437565.77777781        2481193.33333333     
   2481001.77777775        2523144.66666665        2553811.55555562     
   2552066.44444441        2553463.55555560        2555551.55555555     
   2541478.66666679        2532609.33333339        2553452.66666659     
   2564086.88888889        2564967.55555560        2560909.11111104     
   2492141.33333337        2444238.88888889        2459366.44444443     
   2434419.33333337        2421403.11111115        2425878.88888883     
   2409626.22222222        2408392.44444457        2406978.22222225     
   2403631.11111113        2380728.44444436        2476526.44444442     
   2493401.77777776        2495389.77777769        2506936.22222224     
   2514662.88888882        2513847.99999997        2513929.55555558     
   2506866.22222219        2524316.88888889        2539887.33333337     
   2539844.66666664        2511926.00000006        2513466.88888889     
   2478528.66666675        2499900.00000007        2510016.88888883     
   2502217.99999997        2544636.22222216        2566582.44444452     
   2573132.66666677        2570934.66666677        2556375.33333327     
   2633022.66666663        2639046.66666666        2642065.33333337     
   2665141.77777780        2683336.44444453        2676119.55555562     
   2742160.66666657        2711536.00000005        2711793.77777785     
   2715640.66666681        2655415.11111112        2656852.22222222     
   2653758.44444456        2689728.00000005        2711589.77777778     
   2706620.22222231        2731302.88888891        2745462.88888887     
   2742000.44444444        2737212.66666675        2744844.88888891     
   2770240.22222210        2768177.11111104        2773652.22222231     
   2780423.11111118        2780575.55555558        2759724.44444443     
   2741166.66666658        2840946.88888882        2876804.22222223     
   2871256.22222223        2865840.22222222        2845553.55555558     
   2765226.00000000        2708669.55555558        2710126.44444450     
   2739894.66666659        2726648.22222216        2744760.44444447     
   2745049.99999998        2767097.55555557        2732650.22222223     
   2735976.88888890        2753226.88888891        2633650.66666669     
   2594115.55555561        2574318.88888886        2562742.00000008     
   2561997.77777778        2564309.55555545        2569581.11111101     
   2579167.33333332        2594133.99999986        2588092.66666659     
   2578815.11111102        2578239.99999995        2569647.77777768     
   2575794.44444443        2626763.77777782        2625360.88888881     
   2619940.66666675        2666900.88888887        2661507.11111114     
   2670167.77777778        2737480.00000001        2794949.99999996     
   2812170.44444458        2821775.77777784        2794417.33333324     
   2777809.11111102        2776130.44444442        2782005.99999995     
   2746280.88888884        2731504.88888885        2704002.44444444     
   2626427.55555564        2559753.11111116        2543831.11111113     
   2536093.33333331        2529627.33333323        2526681.55555554     
   2524831.11111105        2523045.77777775        2518543.33333337     
   2525194.66666678        2535896.22222235        2538178.22222227     
   2538632.88888891        2535451.11111115        2524210.44444438     
   2529802.22222218        2536299.11111117        2537683.11111111     
   2534925.55555563        2536843.55555557        2542103.55555550     
   2481375.77777777        2472415.55555562        2466472.88888884     
   2492715.99999990        2542394.88888884        2541172.44444446     
   2525654.88888886        2513773.11111104        2523349.77777768     
   2539004.66666671        2509226.00000012        2527959.55555562     
   2597765.99999989        2580641.99999991        2536704.22222226     
   2547278.00000003        2593274.44444445        2599128.66666667     
   2595975.55555549        2599023.77777783        2603888.88888891     
   2610630.66666671        2594773.33333338        2577368.66666663     
   2592398.44444447        2615039.11111109        2613191.33333335     
   2611531.77777776        2648618.00000003        2591695.55555555     
   2589509.11111112        2565367.77777779        2542736.22222223     
   2492140.22222220        2454520.44444441        2448272.00000004     
   2447578.66666667        2452967.33333332        2445920.22222229     
   2440319.11111100        2440496.66666666        2420813.77777777     
   2403357.11111110        2485550.66666665        2450483.77777774     
   2447531.11111109        2444040.22222226        2441325.55555554     
   2441159.11111121        2466704.00000007        2472615.11111115     
   2473133.77777783        2474486.22222220        2475969.55555555     
   2489381.77777776        2487335.11111101        2572508.88888890     
   2584547.11111109        2596881.33333322        2634252.66666668     
   2624319.99999993        2531261.55555558        2552747.77777769     
   2584063.55555563        2572488.44444452        2564466.44444458     
   2601452.66666656        2641689.11111110        2554697.99999993     
   2566355.11111117        2568233.99999999        2556937.55555560     
   2559274.66666672        2558755.33333333        2569950.22222222     
   2739320.00000006        2784554.88888889        2789905.33333332     
   2790266.88888878        2727218.88888893        2705809.11111109     
   2695850.88888881        2699999.33333329        2499980.22222214     
   2477727.77777782        2450724.22222226        2448683.11111117     
   2458307.11111110        2463968.88888894        2476569.55555552     
   2481563.55555547        2499250.66666670        2504434.22222221     
   2444442.88888887        2487794.44444453        2481558.66666666     
   2500150.44444440        2535961.77777783        2536956.22222228     
   2656740.22222220        2672477.33333344        2671956.88888898     
   2642898.22222229        2631353.33333322        2604733.33333323     
   2592888.22222217        2588536.22222219        2584117.11111107     
   2558586.00000005        2551424.88888900        2547008.22222231     
   2534036.66666666        2494969.55555553        2509145.11111118     
   2535385.33333337        2536561.77777783        2534804.22222216     
   2530606.66666663        2508741.99999994        2505977.55555548     
   2500262.22222220        2493232.22222217        2491874.22222224     
   2496523.33333334        2482759.77777775        2357414.88888884     
   2322312.88888882        2320503.11111110        2331877.77777786     
   2339769.77777774        2377930.22222230        2365163.55555551     
   2334492.44444444        2347051.55555549        2422887.55555554     
   2458123.77777777        2517269.77777782        2566478.88888888     
   2563412.66666666        2574537.33333325        2575222.88888887     
   2565779.11111119        2542012.44444442        2545672.66666668     
   2516155.99999992        2458082.88888890        2453733.55555561     
   2451387.55555553        2417936.88888900        2393047.77777787     
   2479621.55555566        2500459.11111109        2501958.22222218     
   2440098.44444442        2452493.55555558        2455861.33333332     
   2467442.44444449        2474492.22222231        2483427.11111117     
   2448161.11111104        2432824.44444447        2459339.55555560     
   2486717.33333337        2478762.22222212        2506772.66666672     
   2609510.88888889        2636047.55555552        2661460.88888890     
   2642282.66666661        2633435.11111115        2629449.55555551     
   2608376.44444447        2619845.11111113        2625934.88888889     
   2612475.11111110        2611512.66666661        2612242.22222224     
   2624902.22222217        2617102.44444433        2614729.11111115     
   2575825.11111104        2570654.66666665        2580921.33333332     
   2602707.99999989        2600570.00000000        2600547.77777784     
   2540387.77777783        2493151.33333331        2515321.55555547     
   2524682.22222222        2525082.44444446        2455487.77777778     
   2400463.77777781        2397312.66666667        2429667.99999991     
   2429038.66666673        2430105.11111114        2430813.99999993     
   2439156.00000005        2459475.77777780        2503771.77777780     
   2505887.11111102        2496064.00000005        2488416.00000004     
   2483682.44444450        2466535.55555550        2454594.66666675     
   2456451.33333330        2455812.66666672        2443816.22222223     
   2413203.11111105        2392403.33333328        2385628.88888896     
   2389933.77777776        2398497.55555546        2406646.22222223     
   2411059.77777787        2422194.44444443        2422953.11111109     
   2426980.66666658        2426701.33333333        2414801.11111107     
   2432582.88888893        2440805.11111108        2451517.55555549     
   2448273.77777779        2453338.66666668        2451345.99999993     
   2451262.66666661        2452995.55555558        2472685.77777780     
   2505619.33333339        2465368.00000012        2464921.11111114     
   2470820.22222220        2465237.77777780        2475147.55555561     
   2532461.33333335        2562571.33333339        2562896.66666663     
   2559988.00000002        2563040.44444456        2564652.88888887     
   2551531.77777773        2533005.33333337        2449795.55555559     
   2440813.33333335        2458059.11111112        2478672.66666663     
   2481258.00000003        2482850.22222229        2478068.88888885     
   2556446.88888886        2573876.00000002        2567541.55555562     
   2556243.33333331        2549403.99999996        2546742.88888888     
   2596332.00000004        2690274.00000000        2677876.44444444     
   2660563.33333324        2618163.77777784        2591145.33333337     
   2561948.88888888        2556507.55555564        2655882.88888897     
   2700808.22222213        2742516.44444444        2626037.55555551     
   2546365.11111119        2550794.88888885        2622075.99999994     
   2633674.22222212        2510177.77777765        2576656.00000003     
   2588303.55555559        2608822.22222217        2649974.44444454     
   2645212.88888896        2663447.77777784        2656135.33333327     
   2594559.77777785        2586599.11111109        2647353.11111110     
   2629129.11111120        2504580.66666672        2500549.77777775     
   2497348.66666665        2470241.11111108        2446835.11111119     
   2435303.55555584        2420683.33333359        2450885.55555545     
   2505289.11111107        2493257.55555556        2509932.88888876     
   2410830.66666650        2389486.22222196        2454091.77777763     
   2502451.55555532        2499372.22222218        2504643.77777781     
   2474505.99999999        2495395.33333316        2469557.33333322     
   2478090.88888898        2478069.77777760        2448253.77777776     
   2475034.88888891        2563904.00000007        2643049.33333341     
   2642698.22222210        2618339.77777785        2547358.66666666     
   2541903.33333345        2502082.44444435        2421461.99999992     
   2375502.44444462        2364884.22222211        2363425.33333351     
   2362844.88888893        2362151.55555552        2358190.88888880     
   2287234.88888881        2366538.22222238        2405401.55555541     
   2403771.33333327        2311983.11111106        2312985.99999990     
   2382739.11111108        2441427.77777761        2449006.22222222     
   2463271.99999984        2459966.00000006        2468594.22222204     
   2466008.00000010        2474620.00000023        2522216.22222231     
   2531012.22222206        2552450.88888891        2529018.66666683     
   2479848.88888891        2425032.44444445        2428509.99999993     
   2388243.11111113        2392253.99999984        2419822.88888899     
   2423971.33333339        2422999.77777763        2414055.55555560     
   2389258.22222220        2327106.88888903        2353295.33333331     
   2462350.44444465        2440648.22222246        2483836.22222218     
   2562121.99999997        2595271.77777775        2519227.55555579     
   2556180.66666664        2538299.55555581        2536624.44444448     
   2534970.44444450        2566281.33333348        2584062.44444450     
   2594864.88888891        2490856.44444455        2524184.22222224     
   2523631.11111118        2496625.11111121        2549526.88888880     
   2570324.44444458        2589016.88888893        2616706.00000017     
   2724917.33333333        2723427.55555552        2717232.88888890     
   2704745.33333355        2704271.99999983        2697200.22222216     
   2673106.88888884        2672931.33333323        2692912.44444441     
   2693637.11111116        2694873.55555532        2686735.55555553     
   2686155.55555572        2693946.22222214        2696409.77777784     
   2688248.66666661        2647808.88888883        2645823.77777773     
   14403.8440593775     
   818658.941163752        820045.664755261        802803.965237686     
   736685.976086486        819182.123416611        817462.179178720     
   742184.601698729        807273.693438785        690140.334997210     
   776108.037758474        712552.969518766        754639.165786103     
   747399.675479478        752899.509131975        716868.685622106     
   805768.730679914        747435.809273095        762548.150178417     
   704610.433911022        792591.828778790        797602.314482630     
   765002.435507753        788783.032901189        673649.908968551     
   715978.382878105        721304.459286022        783170.233633736     
   783950.206708238        852904.984741537        772227.678706158     
   877743.207767383        866002.490137017        796558.739934380     
   829228.481916698        809231.728644025        754435.809850788     
   856396.627570014        822442.422071143        776709.210094581     
   756479.046496629        877130.797091523        800649.721183399     
   805024.101588744        823293.949298784        768876.249545271     
   790233.642982232        796567.489204823        758885.206530606     
   744320.317116658        801591.884307957        805086.168723181     
   867882.176292262        785406.037903472        742576.666021560     
   741863.145392823        724134.508404219        767089.671206516     
   723536.200988171        921999.961449346        860761.667612148     
   741081.245980913        788873.309283050        765034.034828926     
   773544.819531814        806626.123072192        793863.451194467     
   790842.218701766        851406.749299202        762394.435936621     
   793777.650270295        797897.788437499        910594.709584729     
   728683.074386104        751008.119912380        761115.558554048     
   696316.146175102        833674.008831166        823407.652030848     
   841693.571483645        821988.532408039        856219.319754937     
   852883.084364045        802077.407844558        926965.012820425     
   915966.826775907        782501.578794226        877017.702877865     
   876832.778302385        762714.812351309        829423.710150340     
   960154.986109088        842075.399858708        795745.671298564     
   795933.440980302        884786.763573160        842876.697709578     
   793326.693808993        747058.594912841        754383.777473466     
   771781.709845863        839382.404625879        891905.305578787     
   752673.251819447        787457.289576755        816735.995982982     
   835952.843188454        810835.048286691        858262.133884939     
   807935.385540060        773000.039167592        797154.509444881     
   898880.966121692        914206.543143194        874874.347051715     
   808043.528435368        809484.899701378        779174.378393193     
   892948.905121637        831718.287765603        790511.993138552     
   783980.478399177        912644.640174873        881942.583704270     
   821264.018870710        823222.073259597        834345.669666433     
   797369.980105831        801700.739295295        817375.559742321     
   767392.809291575        899100.754516025        856935.774866501     
   878023.164157826        861791.018614156        852932.141853529     
   846949.120430362        760851.508683801        846938.450450180     
   880712.248235755        910138.596065379        911233.903120800     
   973157.230544125        798028.900123165        904110.635133696     
   918042.619805411        843690.595610044        823540.859410910     
   785962.949761557        878315.316477317        867704.324106716     
   891849.665223337        778716.408021205        804606.929535451     
   832813.769371080        859929.893316878        843031.196188947     
   804296.771440240        839097.576011172        827013.158729041     
   846993.362889271        809093.967736526        895164.687038032     
   841551.108941389        861786.037335921        852829.187327946     
   937291.916230483        823132.672737380        657216.318436531     
   795920.003118232        713502.768019049        810206.795033473     
   902324.295713400        735201.289409340        796491.259941383     
   842075.835568292        815382.697967846        706416.318293024     
   830592.484335087        834540.075112498        746368.966541317     
   834312.049193795        904551.760242631        707614.131766441     
   797844.129014638        890276.678672487        789295.161218264     
   775458.785747026        854819.580731624        888580.732156747     
   950246.238176092        917689.167785851        763317.463642647     
   822023.264284331        943627.186634893        805402.722100220     
   835289.538206525        834889.867177131        801765.891782955     
   816999.014405282        830882.340315392        812609.378793841     
   870604.000645914        754818.161676618        880646.682648872     
   805037.337548373        811447.148970923        827273.695009454     
   872729.931689828        888222.012023180        771954.184596564     
   777391.212399529        859899.111973667        888468.445702319     
   814416.625277897        769172.016944528        855501.116514845     
   843144.771604717        849763.372508530        842056.805114416     
   718962.933990998        707886.080070060        787271.912147107     
   789594.079737949        745155.307959904        777769.531667890     
   748171.814471222        770611.330734730        753297.275483666     
   808315.189046777        708312.886704748        774976.233856379     
   923880.810060519        829699.561756491        811773.979959657     
   731601.217596890        893431.765755175        781157.588451409     
   742271.900024702        780026.648299162        848831.780054149     
   912106.917779739        802872.682651660        846189.854494114     
   798560.578973052        946574.676869742        793451.888014880     
   839141.262123515        793764.431872493        868717.376437175     
   770905.226501255        800171.973147054        795159.672049113     
   825370.359509210        874924.687791217        751662.034983771     
   758500.841973900        740655.894060575        840585.289735750     
   764559.001722592        774188.423737330        881492.998748143     
   799637.165816486        807653.070987714        736346.590769309     
   685410.857050898        765927.733717259        712589.835016690     
   816563.243272908        844936.192482401        813513.410812751     
   778723.099485894        768897.189280525        734067.551996763     
   833395.384780474        772454.416562665        718166.204347678     
   809077.373042537        820665.929357268        887834.667626804     
   771876.643403285        809930.020136611        820355.482542313     
   768910.626392985        834663.974214638        823753.731419828     
   835121.376914991        826933.165733884        826284.124990380     
   779585.275304469        816648.971518861        819492.860731657     
   788464.494144453        854349.191949974        791062.316623528     
   885716.908301454        857369.058309462        832567.298619195     
   891856.001295566        816855.363914611        799315.833311685     
   799049.217835571        861677.276281887        780104.091229442     
   764119.956807439        742337.763244047        772363.474846694     
   749424.027376370        838488.736504718        799602.421797527     
   829000.874553802        840177.004429554        805995.880205340     
   850715.181190768        820721.140098638        782157.075495154     
   843869.766481171        802668.645956864        798307.093445846     
   813556.319526659        782490.009954871        750442.373516594     
   839353.176142909        871297.687222816        829183.965201594     
   846354.166622367        773915.716579158        753463.427029071     
   906122.738528902        707497.959568747        889697.254508004     
   803471.739097077        813641.590133552        761449.301329109     
   763095.081897307        763187.035385168        777464.840522232     
   826245.902859217        826476.539154266        853578.575130166     
   792688.483107428        811996.462671277        705852.497884377     
   861223.703706685        816930.435951872        761227.853374649     
   686331.223266934        780619.233998226        771586.839315966     
   739308.663349559        769699.003192100        717914.121548975     
   778296.745341644        793620.361635451        749025.939942088     
   750139.809831405        721586.652348658        755766.514819482     
   848343.366573388        978956.326429595        817702.963257769     
   847300.261214346        804367.306678085        788171.012682891     
   803075.918245146        821525.208405392        839896.837666368     
   833556.021872488        802976.947747145        825818.358326998     
   926087.834650848        736337.184356170        748717.768265282     
   741805.454356887        697888.594461866        891920.008811928     
   847527.172178893        784540.012133470        794057.115240676     
   969599.245640960        780044.775514154        808333.853905872     
   812695.661295638        845260.392113045        901429.282958323     
   754275.466538080        842435.071724987        846026.956700684     
   773404.924790523        879491.951253389        779566.561739760     
   821277.510390431        858185.373858785        834323.990740373     
   839273.775015912        923297.224701932        841331.390278638     
   874786.149794570        795885.714693662        898760.444494734     
   979684.008750341        911492.294510425        803016.808889105     
   811439.925087088        855049.498373808        827022.045442825     
   870427.679891625        837729.639651179        743458.959549772     
   850137.777317943        761630.111637948        788522.976532546     
   768113.018792973        725052.314758341        696268.964011218     
   783313.719197592        833053.572302716        922773.471848359     
   828991.581188153        857974.058020875        895426.479531408     
   829815.022199212        747237.247081629        849727.750017400     
   840936.475299993        818605.106150767        846355.290937334     
   750430.672249252        792230.481702934        765535.360915077     
   710411.832738186        741905.284420753        805329.583719422     
   766141.360606218        705663.423622050        943393.435563767     
   776895.779870119        788146.626988123        782041.303887205     
   738631.275793050        765180.938023716        789004.791476081     
   735282.281517817        720157.995659307        857574.778255774     
   774290.096797555        777251.916556491        785214.941135257     
   779057.415046680        724893.882448140        754109.978014296     
   810489.875644754        771553.339631372        825739.149339199     
   846164.469950452        742018.827485883        764941.892270261     
   921756.703984079        882003.184610384        910711.050638815     
   815781.171250652        779784.925856352        821847.199695191     
   829679.523114571        789008.242786239        875837.760383044     
   794242.248512465        811619.888895942        842964.268137753     
   826770.119393715        891552.190876799        876959.742827288     
   855823.358152437        810414.512899118        887812.494618386     
   853700.263607445        887056.320137127        807014.853807866     
   868233.475730167        879430.633652384        931565.706630328     
   744947.387009837        849768.825479025        763488.172464070     
   786926.376582330        855813.805050823        798721.818553074     
   822592.176331639        863786.912479769        874205.222245705     
   802070.729055442        844048.259945821        850065.695481503     
   852778.486965835        779933.201076375        937277.989814681     
   987703.655940083        883290.247015819        902404.574545621     
   949089.013038724        847959.965356054        810662.865398322     
   884855.013032068        863408.202780731        805411.745371833     
   856844.880866987        747477.637846234        731146.699724789     
   809475.875855561        810641.841466296        788451.691160928     
   810113.202951699        840908.455938772        751805.238948925     
   799578.626948714        755553.357371822        807411.292499488     
   838056.406905213        852669.008646912        770871.409679363     
   875764.775911639        791303.761835867        725695.351838891     
   831708.718818326        831680.629401112        783455.667771150     
   715918.900307044        663652.432870372        716117.650354377     
   747131.462599612        812087.144575351        760593.073682300     
   798342.120849735        815670.623461895        756723.188592726     
   754841.826803141        821176.005979884        732070.299354963     
   721003.734848041        812205.121992620        808003.343459480     
   766441.760570715        737902.972379557        882183.172044842     
   768396.559470065        688876.201647203        854092.447546913     
   799351.488978443        758108.688688089        777840.421403206     
   817270.922589613        784784.001390163        803860.777362810     
   945878.299244431        837663.792871390        804968.997143530     
   827555.208695388        792609.860666815        783844.971979673     
   836125.164173576        813110.604451795        803544.278247362     
   741970.640089639        733870.709878574        889785.588778912     
   798202.825733636        729322.257192878        804188.258437929     
   806040.471007390        811347.441319869        766265.913283452     
   901354.473656460        912026.280646860        796925.592296135     
   721337.364309085        762596.348155965        958816.878595151     
   894693.970972592        764234.894653213        868453.685459194     
   814508.603508352        859618.991605185        842191.104389247     
   856448.931063215        893548.021259087        913660.257330759     
   854024.582687506        806777.666893667        846133.338872870     
   863040.601316941        798640.484281115        869829.047554237     
   916414.546007775        880127.579616375        933959.640569209     
   975271.094405516        856175.156889793        868469.614940143     
   853734.405778470        868190.480246352        831371.058465505     
   803519.887632049        893398.241750308        813151.856675814     
   958769.358815768        885846.069032072        892401.646139434     
   852135.354835156        870282.935916359        887875.694013200     
   824400.421353895        797527.129836330        799790.885178378     
   52.5361685606398     
   1560.98046967384        1531.12667093564        1591.64739851215     
   1516.28591524347        1561.39497080574        1604.54544866737     
   1451.90405505170        1560.27594865705        1444.29251789232     
   1545.06642570838        1493.54976573004        1505.30129132119     
   1465.71790683215        1530.77222608465        1439.95529724256     
   1490.42553681580        1542.26098445727        1497.56880877583     
   1518.10086362159        1480.84152035322        1498.18169638775     
   1440.74722539072        1557.11855006535        1588.41003257446     
   1527.50840854909        1514.45540809668        1524.11603923509     
   1585.12675119213        1548.13220940234        1538.37269078658     
   1554.50003988795        1556.12013945487        1497.82390363916     
   1498.31446418825        1611.79368798552        1492.68001696415     
   1534.11972119229        1585.32661339711        1626.33676447943     
   1633.60874341630        1601.86099723309        1639.71385778523     
   1660.87623688588        1558.96075360016        1577.62737001056     
   1578.92715678909        1468.82693377257        1425.94095274201     
   1541.15333654838        1578.65037743079        1613.18245951939     
   1491.86939011501        1512.54693948539        1603.46895319525     
   1573.86484478591        1513.89084328331        1598.11360070182     
   1623.45908502156        1687.09883250801        1610.53133149826     
   1586.36456814430        1599.01899442017        1556.59140821297     
   1644.19100437941        1601.75546846661        1568.71058306006     
   1635.08143069378        1620.92657492017        1683.85578247949     
   1728.52951152329        1625.67483912337        1655.03872463053     
   1606.77626690008        1488.52901694230        1547.68582301215     
   1558.10509402269        1568.66357970803        1581.66005660077     
   1572.70439000605        1663.84791940996        1535.53435588017     
   1603.84224385642        1607.51584218310        1563.00679405233     
   1568.36680003381        1611.33722115106        1598.61770258996     
   1632.34175665254        1627.01097175593        1596.64626592733     
   1510.83969645937        1570.78712190931        1714.44819436206     
   1579.55408350939        1570.90733381978        1592.15018685053     
   1563.41115177216        1581.31740459961        1507.85215154731     
   1575.90194847689        1626.13983581155        1581.95617925300     
   1606.30171203864        1625.28060694257        1568.43132678409     
   1574.90605839483        1670.19502612156        1590.82316949164     
   1576.38396256906        1671.64802178049        1580.66183833202     
   1535.80619815842        1555.29162113210        1608.73835005688     
   1610.00087905114        1698.36563293532        1536.94225752084     
   1522.77594647308        1538.12063293348        1631.64957428256     
   1696.44754774623        1752.26353677586        1685.24121025066     
   1663.77488431916        1647.14227740345        1768.92786783814     
   1700.44143630034        1718.13672658457        1633.31652248147     
   1765.07957632805        1659.00165291129        1788.45863278525     
   1683.57342582110        1765.74207566372        1695.12553022659     
   1737.41922692176        1701.50936430840        1687.61070221433     
   1777.65140430659        1732.51070623931        1757.98163899072     
   1687.70684745358        1749.05439491902        1684.76532077295     
   1744.08942492893        1790.13548006281        1709.21077146664     
   1723.73510420713        1777.14324949473        1690.19220878161     
   1697.90487104974        1732.06049726569        1724.11797318625     
   1812.02514729967        1820.03076537966        1716.81888902743     
   1649.08233578370        1744.87276927597        1669.84218442722     
   1780.89722473738        1729.92063359484        1710.33667870905     
   1767.98936970924        1687.25342569975        1766.95156515987     
   1652.34116775374        1713.49880446008        1554.24646554253     
   1640.22310865525        1652.49550410200        1547.58506801657     
   1578.81100786761        1612.83592233691        1582.17966383654     
   1555.72188905931        1595.41527444028        1534.99321286787     
   1586.60179365964        1562.76195635438        1580.14589593255     
   1523.72714188699        1658.51217403090        1616.40799631836     
   1628.95907844633        1627.78859819967        1699.19985293903     
   1632.03791170975        1732.85115205578        1736.69065423637     
   1841.72437229020        1787.27302352685        1737.26927195073     
   1740.63595265146        1631.29867024056        1809.15698652947     
   1699.52530212410        1818.20865867543        1733.54024859195     
   1730.99813899031        1644.84702785453        1614.14756632623     
   1653.47369508242        1621.01628038521        1603.68106286702     
   1628.80462442625        1660.93485083249        1715.57985520695     
   1684.59901964922        1628.04391072324        1604.96632085167     
   1642.05284679803        1605.08256601981        1623.21745650405     
   1661.02581308034        1738.49730537631        1612.58567508636     
   1653.78410628984        1661.03487844068        1621.88699513546     
   1548.41924625533        1606.61349366281        1566.84188199714     
   1560.49217699743        1644.49244749190        1604.38588790462     
   1597.78301380525        1512.74766606745        1595.00039381727     
   1652.12385624564        1546.08347129219        1659.20827883886     
   1618.99001831305        1617.62408485779        1649.61037780424     
   1584.68326909819        1633.56828013838        1742.44068750261     
   1694.27619551580        1622.35802640952        1630.57001481197     
   1680.45971615540        1690.35714448056        1686.10303629294     
   1729.72497463293        1738.73671479116        1679.07822634986     
   1650.43017771779        1703.62920255067        1651.29027810981     
   1616.72739842072        1633.16349584278        1704.38324443363     
   1621.34234152459        1650.74337735070        1635.12914898437     
   1627.78320306956        1633.26964114292        1568.44756379845     
   1548.94254382268        1639.34655676764        1632.40747453265     
   1628.57463363466        1571.95991260292        1565.63383540321     
   1591.69323305616        1516.10920154459        1501.06886846970     
   1587.08994424597        1670.52245874154        1582.00194620536     
   1542.67398600072        1557.75477829597        1465.50246967870     
   1607.99911162973        1588.74303145811        1625.81589306331     
   1589.17277921862        1583.54136001485        1578.15812311040     
   1621.35649400623        1618.40748455387        1625.42473819018     
   1659.89072824372        1618.54044518595        1634.61536177018     
   1647.72485939435        1595.05098698198        1626.83467198830     
   1654.67566579282        1651.79256039741        1620.49739131130     
   1648.52753177196        1641.85684912461        1580.72527995707     
   1692.95022392282        1597.95975151669        1712.14124023984     
   1693.07166406265        1656.85494096576        1647.26905520639     
   1668.86199963177        1694.90066993409        1615.00026064204     
   1598.60199355886        1583.74410952205        1486.54680277690     
   1604.02143720316        1521.08500839932        1453.07222094837     
   1559.17438168544        1572.44157058435        1563.95768794682     
   1646.65714430433        1590.68154272740        1607.26358359893     
   1628.84811674163        1693.83265701676        1652.06552395377     
   1694.95616027059        1633.85327895723        1608.73038326711     
   1684.56008557075        1644.20480776928        1669.86580316932     
   1576.09182047956        1569.64798363335        1616.06112413392     
   1632.11767531680        1606.53518514969        1612.01846255783     
   1538.29443364929        1542.48098272915        1620.84827118667     
   1627.65973251040        1620.81196082484        1535.15066384224     
   1594.42496833751        1625.63982067477        1487.71826399989     
   1537.97114810107        1627.96033450224        1529.46364626380     
   1609.16963902923        1534.14738684623        1480.88852249039     
   1415.08571952879        1492.46635625512        1440.62003387277     
   1506.52604771911        1479.02581901759        1391.16653935786     
   1438.77862121617        1556.84461486688        1589.02358187368     
   1508.02696438535        1642.46151658905        1627.70589600047     
   1612.56014654564        1644.52109682367        1544.67122507545     
   1564.89854830992        1657.19349549355        1597.76768301034     
   1633.66790988554        1560.79984090457        1616.46433469145     
   1581.81269536671        1638.41023895393        1522.00544283314     
   1485.56203496493        1607.70226831103        1614.01395685220     
   1557.16383874193        1573.49706026212        1564.12825307540     
   1544.13304604938        1535.06281535437        1577.52847574664     
   1597.80970222374        1553.05480521036        1612.20700731286     
   1621.76920156537        1626.46572840316        1684.81710040900     
   1636.90336328308        1682.37174972330        1571.72973547484     
   1651.76827568539        1578.36070824613        1639.24481154321     
   1608.93313683441        1582.59983345117        1623.20461428995     
   1630.81325075269        1650.86094416021        1591.53833395429     
   1651.46331822066        1667.04002441196        1578.28883930919     
   1594.10549518051        1585.33092088427        1647.68004040114     
   1661.89745416973        1607.74536386197        1607.03592070144     
   1584.05479443063        1594.73008906368        1521.17623206317     
   1591.29423383798        1522.62769404471        1554.84846603893     
   1549.17011709084        1508.78299805382        1530.35104613699     
   1597.12786318246        1580.29854479508        1584.42571112495     
   1563.31444822975        1669.55118914648        1634.65337883536     
   1535.13871992044        1592.58571293277        1583.42987899504     
   1598.52688571313        1560.43250939072        1608.14130525365     
   1588.67395401139        1498.30403562390        1547.56313034520     
   1569.01884822669        1590.10588076092        1518.45568553409     
   1505.66692383729        1601.20548019502        1496.09895775758     
   1631.20265581866        1582.27220054372        1572.65616443629     
   1588.41154782239        1571.05179112509        1531.64591078063     
   1524.87878378491        1562.55184962397        1568.66357506252     
   1492.74063301302        1619.00911001195        1645.23110314455     
   1633.98342162923        1622.70318223464        1597.89348902870     
   1559.03704236301        1586.77767288089        1501.75382974636     
   1666.12210094847        1667.75163347735        1579.78099869312     
   1564.25951326161        1569.99830927299        1539.07652347734     
   1750.93470676282        1675.26713340183        1643.80342912690     
   1695.65168317834        1714.41381347663        1671.96697692943     
   1645.92151856567        1637.63605286741        1623.33184547948     
   1567.00049878780        1606.81781413488        1614.04676800003     
   1679.81448535402        1619.84618939699        1648.94077440241     
   1628.36638983847        1697.27964241228        1749.44089956268     
   1724.39126972093        1637.49899928181        1688.82007792022     
   1625.60926770222        1660.43638537938        1555.71549272440     
   1597.24707558525        1691.20273929984        1635.73648140994     
   1675.44257305720        1727.69047370834        1612.45269713276     
   1570.80352854202        1568.74764484098        1598.56028501442     
   1611.65967131685        1569.70436687280        1635.83598142942     
   1617.24242201230        1576.38137494930        1598.65353334856     
   1579.60302015902        1682.09084610072        1612.43822016319     
   1623.70313713704        1625.79761996697        1622.81199704045     
   1622.78744359661        1604.06009837508        1628.96512155664     
   1597.62020526087        1578.49916044681        1537.95662139191     
   1576.56768840296        1559.60467901067        1596.82410735518     
   1671.20257331510        1731.77362865231        1682.85029232810     
   1517.13668687906        1494.43745790158        1555.23313304802     
   1624.78393593758        1546.52431512382        1550.28027701860     
   1557.92673507754        1595.46122265290        1580.33051530013     
   1609.06548166657        1551.72264313734        1611.57062884999     
   1629.05348153765        1675.19668884005        1653.01466729585     
   1644.46654500437        1535.27040924337        1571.21774385367     
   1564.08836549342        1511.05310326572        1551.40661339123     
   1578.75976693128        1467.10872913220        1522.59925877679     
   1516.70427440432        1548.85876982568        1437.09551801264     
   1441.21432655537        1509.73154594367        1540.37696698617     
   1583.72176060897        1523.25248014544        1542.49378846251     
   1574.33672820506        1555.37316415692        1523.96210467906     
   1549.41976745112        1538.48670712824        1598.22749757642     
   1646.35380014032        1579.70920247106        1543.65378624522     
   1533.23824034144        1624.54408317613        1613.01706363112     
   1549.79041443191        1497.16769246930        1536.44673481958     
   1580.71188461241        1526.54372624643        1538.11881875180     
   1560.40648795412        1498.45926233204        1532.41015333899     
   1586.58631550380        1491.88093122077        1524.64581022077     
   1546.13437632156        1557.60367554095        1586.05716419281     
   1651.29945590630        1642.97955018748        1578.52644007787     
   1712.98388317046        1626.08289783473        1651.72199818857     
   1662.64021667171        1663.92164495578        1743.57929630875     
   1697.17648380472        1662.14565524978        1607.88924019919     
   1672.81883338615        1618.67519188394        1604.46791954583     
   1658.35641338714        1656.06609994574        1708.96028537849     
   1662.31586858003        1691.38092802920        1734.59955309758     
   1790.60122721531        1693.98490789106        1729.89058141879     
   1762.29593044810        1728.08622469403        1717.10227625052     
   1722.35872525413        1694.55269302214        1739.70814854187     
   1717.17568908809        1681.68934752251        1698.66161023700     
   1654.53848763139        1662.64622518982        1649.25817428866     
   99427.0000000000     
   10765.5705660868        702.788417161187        68.3905851748889     
   163.395253838852        35.5950449488536        3.82348463821151     
   901.449915058629        91.3784645599100        816.450187769838     
   17.1634064717750        12.4850395188774        140.529500498786     
   80.1240798017346        77.2588149008635        17.0882519825718     
   5.87144446899802        2.05735414193691        2.80889903396865     
   7.06452198509842        7.41211149766310        1088.00214588321     
   33.0022150713441        1068.24590953392        3.46650081449643     
   7.22422527465516        262.317350252531        703.117218051451     
   620.578800284064        4.01137086121945        6.49146900492421     
   957.017265513226        18.5725531443345        2018.46169377426     
   14.8148286841758        929.717397310173        15.9703289556746     
   6.82026989518810        4643.96498546487        52.9745205770877     
   12.7668688533893        22.1611800037861        249.522298465690     
   61.3730347455425        4.77231006440159        2126.10171093551     
   670.763210449484        643.754565892093        397.229052683380     
   209.953459900219        1584.39754707018        5510.49624597747     
   3796.43841640952        304.976917186483        5.73052980174207     
   2894.65970046063        4.65957833059683        1.60642720671786     
   2940.17513798430        108.523082409384        2313.66852736433     
   1021.07707324778        1397.73258451179        4.81928162015357     
   1150.10793689848        7.75970101022778        1329.49230831531     
   1053.72230449541        8.26699381234921        7.14907078545199     
   3.04375681272857        428.690600726059        2331.10436885947     
   417.361061478680        208.196723715095        4.77231006440159     
   23.6642697878496        392.381588129775        1739.04669722801     
   2292.01464016267        2542.99305685667        12.2313931178167     
   12.5883769415318        189.060511901736        3.46650081449643     
   253.561852260361        256.821678229549        673.797572951062     
   35.5011018373496        8.68034350296667        345.485186866994     
   2016.30100220967        3832.89773798421        338.749465772159     
   221.057535679988        12.0059296502072        427.121750763942     
   40.9404079934294        2.30160623184722        6.20963967041230     
   375.734868771272        1173.92251566474        3217.64551212242     
   437.840659786545        86.9819269415243        30.6348486614441     
   45.8724213473877        9.67614048490874        6.07811931430675     
   35.4259473481464        495.812953895644        13.9693406806401     
   4.61260677484484        3338.23089004891        195.270151572149     
   2159.38575534137        579.281408466920        354.945258195443     
   6.07811931430675        441.250794734139        2744.46345378808     
   21.3626635560024        542.399342890462        547.331356244420     
   748.548106774770        8.99975008208016        615.956799198069     
   2892.45203734028        375.528193925963        2874.84709824444     
   2165.27598843266        6.26600553731469        404.011745333966     
   4295.68029387506        2.11372000883929        40.3109891463528     
   340.524990579584        443.543006654836        40.0385541229913     
   118.236800138895        4.36835468493453        19.9441225722925     
   156.264971675701        17.9337399861076        738.233153131634     
   9.06551026013294        68.4751339752425        21.1747773329945     
   32.9834264490433        108.513688098234        3450.35199362890     
   558.078448200474        3094.58943036337        123.356699715861     
   217.957413000357        204.946292057057        3326.56315560012     
   3100.30117154281        147.302798838222        672.200540055495     
   503.638415083924        4321.65556420590        1678.59430497521     
   172.366820987481        1466.98744631252        935.776728002179     
   2544.13916281702        309.495580849824        544.710343433459     
   9.84523808561588        373.395685294823        10.2491934650829     
   5.09171664351508        74.8632655575123        3.47589512564683     
   3341.68799655226        10.7095147114524        167.866945946441     
   4.01137086121945        9.46007132844961        14.5987595277167     
   35.4729189038984        439.616184593970        2649.68424859173     
   4455.08296547499        146.692168613446        10.0425186197742     
   73.0877407500873        4058.97183581851        742.122397947898     
   1124.88421145967        1522.47964227791        914.244966845469     
   4.80049299785278        12.2783646735687        691.336751868853     
   3049.62825719757        2.62101281096072        3071.31032733269     
   1084.45109626836        22.4524036494484        299.997932276772     
   18.4316384770786        6.24721691501389        24.4346033021822     
   12.2407874289671        43.3077744033294        28.7278034979135     
   1555.54761752731        3.99258223891865        4.88504179820635     
   12.8138404091413        9.03732732668175        28.6902262533119     
   22.4805865828996        8.02274172243889        19.6528989266302     
   2.60222418865992        7.22422527465516        2549.32482257204     
   1063.38905066917        6.89542438439127        36.1023377509750     
   1047.76631122606        11.4986368480857        247.239480856144     
   173.231097613318        4.49987504104008        841.100860228480     
   11.4046937365818        320.129941072073        2350.34391809548     
   550.628759458210        3576.18879148846        1475.06655390186     
   805.026705410956        721.624011017733        137.983642177029     
   3.29740321378929        15.2375726859437        158.209594083833     
   75.6054161383937        1023.16261032317        147.387347638576     
   203.565328317949        9.08429888243374        2.71495592246468     
   3.38195201414286        3131.91302856390        4.06773672812183     
   819.174538003453        175.260268821803        7.97577016668691     
   6293.90664143136        7.46847736456548        5.35475735572619     
   13.8002430799329        4.38714330723532        4.34017175148334     
   3.89863912741468        4.86625317590556        553.757065071292     
   1971.95045926865        3.81409032706111        706.874942511610     
   30.4939339941881        5.95599326935159        5.54264357873413     
   881.167597284922        66.0044301426881        4.34017175148334     
   54.5903420949560        95.7186363113933        84.0978734183524     
   13.9693406806401        112.177469446889        5129.53814020658     
   91.6884768278731        573.062374485357        7.39332287536230     
   1785.44519999982        4730.06384715826        1860.88151853751     
   166.918120520251        1131.04687957433        363.409532541951     
   1989.66813009830        16.4306502020441        493.821359931760     
   1172.42882019183        6.40692020457064        1970.55070690724     
   50.6729143452405        222.833060487413        5389.26266058160     
   3604.06171267169        1.63461014016905        17.2197723386774     
   6899.09756005108        812.288507930212        1267.79047267950     
   4.85685886475516        3228.34563252272        7713.52797092358     
   451.114821442056        13.1802185440068        14.6363367723183     
   1419.91255313788        1787.44618827485        9.01853870438096     
   349.891118796530        651.166677389756        6451.26135320051     
   510.035940977345        330.736118360871        3101.62576941502     
   634.717238565411        211.804139196847        903.695155423574     
   3180.85738965746        4.71594419749921        3.55104961485000     
   1434.97163391197        5.13868819926707        249.287440686930     
   3955.34318951848        16.1863981121337        55.6425049438004     
   27.8541325609266        112.947802961221        246.046403340043     
   2565.36091170576        4.89443610935675        1225.30000334626     
   16.8627885149623        880.171800302980        70.0251953150580     
   3665.28443843883        366.472077976980        4.79109868670238     
   49.7334832302008        12.7762631645397        956.848167912519     
   8.42669710190596        666.563953365257        2400.24649892639     
   15.3033328639964        371.056501818374        403.598395643349     
   1094.39027746548        1500.44998263023        892.130758397435     
   7.91940429978453        736.636120236067        1965.86294564319     
   313.206333754230        2730.16531221718        14.7678571284238     
   396.345987435242        631.983494020646        60.1048027402389     
   422.058217053878        6.71693247253373        2.03856551963611     
   986.487219592021        1553.56541787458        8274.71593611484     
   225.998943345097        1274.32891324018        360.863674220193     
   9479.09480852916        6.86724145094008        1161.38111027896     
   495.991445807501        1165.02610300531        229.662724693751     
   5.07292802121429        763.842045327616        1422.84357821680     
   1287.24609107198        4.65018401944643        2456.38690236116     
   421.344249406448        3317.76068605220        4912.91471938958     
   1476.60722093052        2617.05780596640        37.4833014900834     
   94.7604165740528        14.9933205960333        4644.00256270947     
   921.732232832335        691.111288401244        797.257610089577     
   68.4657396640921        868.842261055601        71.4343419876175     
   27.3562340699556        529.745205770877        76.5730301868846     
   1962.18037567224        3.45710650334603        6.92360731784246     
   2612.26670727970        1467.80475138260        156.114662697295     
   1178.12177274897        256.802889607248        343.521775836561     
   21.8229848023718        3.41013494759405        8724.22433035017     
   1008.27262714979        821.109766100435        19.1550004356591     
   60.1517742959909        495.221112293169        6.64177798333056     
   2845.33956692104        1349.37067070955        9.57280306225437     
   3.00617956812699        859.617047505912        8.77428661447064     
   5.77750135749405        303.840205537285        724.451698674002     
   14.7020969503710        8.33275399040199        747.204720280263     
   75.7933023614016        711.036622351235        21.0620455991897     
   5.11989957696627        215.871875924969        31.0763812855127     
   2.67737867786310        28.4083969188000        20.0286713726460     
   11.0664985351675        42.4528920886433        782.780976606816     
   29.1599418108318        288.208071783024        4.60321246369445     
   3.61680979290278        74.4780988003461        6.61359504987937     
   8.15426207854445        770.962933179617        11478.7772743138     
   492.675253971411        416.440418985941        12.0529012059591     
   24.0870137896175        279.537122591208        632.904136513385     
   8.54882314686112        488.964501067005        26.2101281096072     
   5.93720464705080        3.08133405733016        1345.89477558390     
   13.3211332112627        923.348054350204        588.130849570594     
   7.72212376562620        1261.32718660803        366.829061800695     
   1657.68256835442        9.41309977269762        11.3859051142810     
   5521.19636637777        4.99777353201111        6.74511540598492     
   103.938658567991        766.293960537869        2.94041939007421     
   10910.7784335385        151.408112810946        88.9359436608068     
   765.833639291500        1313.87896318335        13.1520356105556     
   940.229631487467        1642.27589806777        2392.57134671652     
   7555.01775888294        76.8642538325469        2389.23636625813     
   4.11470828387381        255.356165690087        2718.39424034573     
   1.89765085238016        2458.89518343832        35.9050572168167     
   1218.08517238275        51.7908373721377        525.959298377267     
   860.349803775642        819.089989203100        1194.34574810570     
   732.455651774140        3.87985050511389        1871.51587875976     
   12079.1395170022        1563.63611942780        5.06353371006389     
   70.5606710506306        2329.27247818514        5.70234686829088     
   343.615718948065        5.07292802121429        2357.49298888093     
   5754.37256344177        2026.19321185104        42.0959082649282     
   5086.84099602803        667.493990169146        970.422947524842     
   9.70432341835993        4.78170437555199        2283.09943888094     
   750.981233362723        21.9545051584774        639.113776183797     
   271.223157223107        3.22224872458611        4523.12596113731     
   155.306751938360        4931.09271146560        1395.87251090401     
   4.36835468493453        1083.02316097350        31.3863935534758     
   325.296812204791        2313.89399083194        173.832333526943     
   1936.87210143307        4.30259450688175        6.39752589342024     
   39.0991230079516        1087.77668241560        1897.40660029025     
   808.474417603151        926.626668941692        13.5747796123234     
   1227.34796317705        1593.33153697420        48.1270560234830     
   5255.15886890969        11.3952994254314        18.5161872774322     
   2185.08859064885        56.0464603232675        3.87985050511389     
   239.038247221847        780.892720065586        1245.40382920811     
   4.98837922086072        1183.87109117301        1739.30034362907     
   4339.02564552299        5.87144446899802        845.553763713767     
   169.971271644130        336.607562829869        665.906351584729     
   1687.22767692242        611.626021757736        545.706140415401     
   8.80246954792183        1215.84932632896        3685.15340652192     
   174.602667041276        1649.30284280827        845.187385578902     
   3642.72869736672        2347.15924661550        8222.68084665279     
   4543.46464477792        3.52286668139881        7.75970101022778     
   698.467034032004        51.7250771940849        1032.24690920560     
   80.6313726038560        2689.72280271472        8.82125817022262     
   13.3962877004659        1449.31674703862        684.704368196673     
   4286.45508032537        3.63559841520357        757.538462545700     
   2025.29135798060        141.337411257720        3181.90015819516     
   42.0771196426274        3.97379361661786        158.153228216931     
   1035.45036930789        485.310114029500        482.792438641194     
   1263.39393506112        339.407067552687        429.056978860924     
   22.2551231152901        2148.15955351664        4.58442384139365     
   26.6140834890742        178.971021726210        62.4627748389885     
 ------
  0.000000000000000E+000  0.000000000000000E+000  0.000000000000000E+000
  0.000000000000000E+000  0.000000000000000E+000
  0.000000000000000E+000  0.000000000000000E+000  0.000000000000000E+000
  0.000000000000000E+000  0.000000000000000E+000
