           3           8           8           8
   4.50000000000000        7.91500000000000       -5.20000000000000     
   190000000.000000        24914486.0000000     
       36464         683        9574
   2327381.77777777     
   7255012.66666657        8934326.44444428        9090610.44444447     
   7250232.22222221        6805140.88888884        5666780.88888879     
   5933858.88888886        6697383.11111119        6155180.88888878     
   6626626.22222220        7094836.00000002        7675967.77777770     
   8555199.33333332        9970396.88888890        9247229.11111117     
   8841087.11111094        9216399.77777785        9320564.22222228     
   9480563.33333331        8865257.55555559        7938000.44444440     
   7279612.22222226        6585051.11111110        6262467.11111109     
   7499307.55555558        7906392.88888904        7634237.55555555     
   7110326.88888890        6164148.22222221        6118436.44444455     
   6231486.66666664        6277347.99999997        6387080.22222220     
   6797622.88888897        8407283.77777782        7200378.66666663     
   6650780.44444444        6432495.55555555        6256784.22222221     
   6715201.33333332        7566474.88888898        7414581.33333327     
   7539806.44444443        6548333.77777772        6582688.00000003     
   7055553.11111099        8055629.11111119        7320167.33333331     
   6668439.33333331        6635934.22222227        7052162.88888894     
   7063716.88888889        7247218.66666667        6781704.44444444     
   5635743.11111112        5722506.88888886        5640321.55555562     
   5370280.88888884        6823190.22222214        6914089.77777786     
   5929354.44444448        5299979.11111107        5756257.11111121     
   6221376.22222229        5814434.44444443        5226457.99999996     
   4871812.88888892        5075792.22222225        5116272.00000003     
   5029655.99999995        5028339.33333338        5610748.22222229     
   6388064.00000013        6516206.44444476        6614367.55555548     
   6380460.66666671        6285116.44444450        5914834.22222232     
   6252149.77777751        6553632.88888875        6256720.88888905     
   6370554.22222252        7036183.77777771        7276471.77777769     
   7360367.11111103        7670686.00000017        7464811.33333324     
   5584887.33333321        6069374.66666662        5586581.33333342     
   6401220.44444434        6317383.11111122        7288428.88888872     
   7494582.22222221        7419569.77777794        7394340.44444424     
   7352345.55555556        8490194.66666653        8103690.88888917     
   7828456.00000016        8887429.33333342        8471773.77777772     
   8118676.66666627        7021612.66666671        6876148.44444424     
   6714579.55555565        6982367.33333329        6664373.77777773     
   6630202.44444431        6693174.22222238        7107725.55555543     
   7660967.11111080        8387364.22222229        8629581.77777783     
   8019729.33333330        8422423.33333315        8741312.88888863     
   7866662.22222249        8006905.77777757        7993743.99999984     
   8049366.88888871        7872926.22222222        7424520.00000004     
   7670599.33333313        7483260.66666667        7573239.11111151     
   7498380.00000006        7844106.88888849        7458440.00000021     
   6971204.88888847        7102160.00000055        6190452.88888881     
   6008087.11111142        6798409.77777841        6772845.55555562     
   7480565.55555619        7719303.11111105        7714995.55555592     
   7886818.44444374        7895011.77777797        8043389.55555531     
   8027264.88888907        7318879.77777752        7018291.11111110     
   6913476.44444388        6308192.66666706        6509147.11111089     
   7006994.88888855        7161627.11111053        7286276.66666673     
   7302879.33333337        7280606.88888855        6128400.44444510     
   5401473.77777782        5142029.77777773        5338566.88888891     
   5269273.11111142        4754752.44444441        7159766.22222217     
   7182128.44444439        7058029.33333312        6978418.44444433     
   6317025.11111099        5994330.88888855        6134979.77777834     
   6403020.00000022        6417678.88888942        6376327.99999997     
   6436731.77777756        6952065.77777806        7012959.77777800     
   6943301.55555578        7362553.77777753        7343920.88888920     
   7010492.44444447        6499940.00000022        6775378.44444426     
   6372714.88888915        6123206.88888896        6527559.77777812     
   6543545.55555525        5238844.66666654        5592302.88888884     
   6937903.11111164        6725789.11111166        7416173.11111090     
   7354735.11111158        7044600.00000048        7912920.88888944     
   7403189.11111090        7032451.11111082        7517261.77777790     
   7334373.77777787        8196713.33333357        7234253.77777771     
   6290239.55555617        6996548.44444461        6444160.22222241     
   5916859.11111140        6731892.22222247        6522799.77777837     
   6862134.22222261        7054877.11111161        6390245.99999993     
   7459816.22222214        7101248.88888858        6474899.55555509     
   6673706.44444413        6171251.55555577        5701279.33333316     
   6796985.33333346        7543671.55555579        6593931.11111100     
   5964707.99999996        5789466.88888823        5920249.55555550     
   6333630.00000058        6656190.44444439        7711492.22222177     
   9436718.44444461        10344760.6666673        9995194.88888837     
   10358225.9999989        7644866.00000009        6750287.55555568     
   7194738.22222169        7559101.99999950        7073849.55555563     
   7641019.77777748        8177865.77777784        8327428.66666623     
   8079260.00000003        7647889.33333321        7635618.66666630     
   7934042.22222197        8312994.22222214        7428464.88888891     
   6839750.66666675        7500723.33333330        6833185.99999992     
   7085667.33333388        6764949.77777777        6805212.22222253     
   6627621.33333366        5843698.22222222        5299067.11111114     
   5545092.44444489        5425142.66666687        5606712.66666636     
   5148723.55555510        4978460.22222273        4822421.33333228     
   4847007.11111190        5304239.11111062        4981688.00000072     
   4478320.66666693        5611808.22222219        5506116.22222267     
   6308981.33333253        5515641.33333200        5209413.33333284     
   5658621.55555617        5641112.88888839        5381096.22222138     
   5562168.88888858        5771234.22222248        5500818.88888837     
   4760065.11111164        4641571.77777734        4848175.11111101     
   5011674.00000009        5967797.33333279        5986447.55555467     
   5703210.00000014        5677330.44444566        6493641.55555575     
   7040261.33333373        6907795.11111167        5435258.66666672     
   5231051.55555629        4970349.11111192        5051115.55555573     
   6070645.55555547        6826459.99999933        6236937.55555562     
   5864170.22222239        6122945.77777781        6227726.22222202     
   6512483.99999987        6714770.66666720        7867716.66666641     
   7423823.99999964        7411960.66666706        7066467.11111011     
   5880978.22222261        5980242.44444450        5227311.77777700     
   5061965.77777798        4942554.66666609        4926544.88888881     
   5211069.77777702        5864278.88888939        6590357.11111023     
   7123156.22222131        7756381.99999963        7747451.77777730     
   7916715.33333543        7992744.44444470        6281705.99999943     
   6612519.99999921        6201732.88888900        6470078.44444326     
   7110548.00000107        6933938.22222333        7269998.44444531     
   7428562.00000076        7298842.88888974        7373037.33333306     
   7943201.11111174        6987642.22222125        6570802.22222172     
   6618783.33333370        6505294.22222225        7074057.77777872     
   7937538.00000070        7832383.55555516        7552997.33333548     
   7496614.22222126        7188827.77777883        6617243.55555633     
   6345513.77777810        7240713.55555557        7443093.77777682     
   7593773.55555578        7350973.77777788        6357870.66666591     
   6171674.66666756        6137729.33333359        6250527.99999992     
   6557294.66666758        7105299.33333419        8548122.88888971     
   8728363.77777757        9105723.77777903        9292539.33333045     
   9341596.66666554        9240375.77777845        8801135.11110979     
   7932070.22222156        7266238.22222209        7178500.22222179     
   7208769.11111064        6865015.55555565        8037993.77777747     
   7701441.55555502        7586004.22222248        7071766.88888947     
   6732228.88888885        6051746.22222205        5713856.22222266     
   5946426.22222088        5975608.88888825        5856359.11111070     
   6180257.77777800        6219179.33333370        6158944.66666666     
   5641199.55555536        5934203.99999962        6082083.33333324     
   6204509.77777866        5883165.11111025        6515354.88888970     
   7338768.00000008        7085567.55555566        6840559.55555442     
   6930295.11111091        7391471.33333354        7547396.22222135     
   7012944.66666648        6462068.66666752        6068215.77777624     
   6490610.44444447        6467390.88888879        6308347.99999947     
   6474112.00000024        7320792.88888936        7244516.88888862     
   6911076.22222271        6703853.55555420        6645939.33333346     
   6434130.88888896        7080785.33333344        6394121.11111026     
   6268264.66666565        6755082.44444473        6913377.11111051     
   6921733.77777836        6731791.77777746        7540830.88888901     
   6524898.22222242        7076810.00000005        7581953.11111126     
   7769144.66666639        7600649.55555538        7123285.11111112     
   6534943.55555519        6546750.66666590        6674703.55555547     
   6321270.00000107        5980453.11111158        5852976.88888849     
   6043322.22222065        5920564.00000007        6892217.55555525     
   6698937.11111053        6011607.11111113        6220158.22222158     
   6202799.77777808        7655037.33333370        8696109.77777873     
   7848751.33333314        8133103.55555396        8579925.11111158     
   8633899.77777720        6920627.11111091        6631099.77777765     
   6103577.11111076        5893466.44444484        6415036.44444428     
   6506790.44444519        6668844.66666626        6855087.11111118     
   5788704.44444529        6039537.77777818        6530028.88888812     
   6204883.33333261        7524662.88888910        8921456.66666570     
   8425381.11111102        8056354.22222295        8892986.44444520     
   8656703.33333354        8561571.11111209        8590736.66666741     
   9541396.66666605        9253343.55555755        9262136.88888894     
   8239838.44444541        6832746.66666468        7321592.66666595     
   7457899.99999942        7271994.66666772        7094075.11111019     
   7362364.22222188        6929773.55555619        6564513.33333386     
   6955058.88888856        7071861.33333357        6549040.00000087     
   6208618.44444325        6250127.99999943        6036340.22222150     
   5678309.77777761        5880756.22222232        6706340.22222263     
   7149601.77777831        7514028.66666626        7249618.00000019     
   7194896.22222177        6918507.99999918        7072500.44444400     
   7849728.88888846        7245090.88888897        7106804.22222218     
   7552914.44444412        7844272.22222272        7036727.55555611     
   6850856.88888847        7229864.00000112        7384038.66666596     
   7230677.55555481        7645108.22222225        8037381.77777745     
   7913084.44444430        7740090.44444444        7322992.66666636     
   6196990.22222241        6343833.33333316        6380634.22222409     
   5860895.77777736        5470945.11110997        5355222.22222254     
   5236366.22222137        5774196.88888829        5522968.22222291     
   7037517.55555660        7504069.77777747        7536211.55555650     
   7308862.44444428        7288981.99999982        8196280.44444508     
   8513184.44444533        7269471.99999882        7010550.88888743     
   7122520.44444391        7184583.55555544        6872458.88889100     
   6595491.33333282        5969341.11111372        5826171.55555689     
   6553719.55555549        6024568.22222439        5653324.88889091     
   5128247.33333493        6044603.11111175        6263690.22222362     
   6361063.99999883        7035083.11111215        7366347.11111062     
   7403941.11111050        7268172.88888839        6514477.33333376     
   6107554.88889116        5572146.44444481        6081227.77777790     
   7153740.00000315        7920554.66666597        8057368.66666728     
   7831109.99999702        7897541.11111004        7281310.66666665     
   7256906.00000348        6520360.66666778        6683164.44444238     
   7061463.55555587        7118329.11111513        7200165.11110927     
   6760960.44444607        6346662.88888801        5712967.55555430     
   5242171.55555612        4916985.11111178        5617976.22222149     
   5742552.00000010        5583987.11111170        6437401.11111177     
   6019983.33333380        6229397.33333167        6551256.22222368     
   7248126.22222462        7158511.55555574        6931377.99999838     
   7087162.44444317        6829491.33333425        6154991.33333214     
   6492703.33333338        6064738.44444419        6353294.88888865     
   7009894.22221995        6867574.88888511        6875383.77777907     
   6999781.11111089        7750727.99999776        7935979.33333445     
   7786913.11111072        8187627.77777802        8005832.44444411     
   7566021.99999723        7223888.88888958        6606416.66666681     
   6194961.77777854        7157124.22222170        6617251.11110968     
   6050872.88888859        5948738.66666738        5301135.11111302     
   4532820.88889030        4851603.55555371        5177371.55555560     
   4661149.55555392        5378545.11111062        6044705.77777960     
   5177920.66666535        5942042.66666593        5761521.77777676     
   6259857.11111052        6551318.66666546        6912753.55555419     
   6375762.44444479        6421868.88888923        7201253.11110863     
   7089871.11110978        6941198.22222452        6422281.11111164     
   6459410.44444221        6521288.66666711        6663761.99999960     
   6220978.22222219        5789483.33333251        6357201.11111082     
   6980077.77777624        7257694.66666337        7175298.22222491     
   7683987.77777612        7305846.44444632        7851905.33333579     
   6724474.44444270        6715439.55555345        7838904.88888949     
   9311741.11111115        9646817.77777859        9943315.99999942     
   10107180.4444419        9864727.11111169        9166943.11111313     
   8937917.77777781        9238541.55555677        8711957.11111030     
   8118058.22222268        8003829.99999679        6988537.77778135     
   6786242.88888918        7142518.22222039        7052418.22222149     
   7419909.11111123        8032469.55555528        7613878.44444656     
   6870812.66666986        6977655.11110813        6833501.77778026     
   7482886.00000176        7500579.77778050        7409435.77777611     
   7376495.33333396        7511432.44444421        7325058.44444471     
   8018769.55555808        7000857.55555622        7164953.55555486     
   6795200.44444647        6770747.33333449        6553119.33333365     
   6748780.44444384        7280006.00000042        6679750.22222387     
   5628320.88888752        6147180.66666700        6038533.55555512     
   6755651.11111028        7244895.99999858        6670656.88888839     
   6544232.88888620        6758958.22222322        7564505.33333267     
   7361228.00000155        7766618.66666439        7710879.33333217     
   8314114.00000085        7488299.33333363        7774394.00000090     
   7657343.11110971        7021638.88888788        6285227.99999949     
   5701373.55555602        5647602.44444507        6418877.11111218     
   6540831.77777971        6933151.11111169        6039844.22222210     
   7104155.77777685        7087967.33333387        6520347.77777615     
   6212546.00000113        6371473.55555747        5775259.99999948     
   6024556.00000183        6803540.88889005        7401299.33333087     
   7630003.77777938        7374194.22222248        7340596.88888739     
   8366410.22222051        9026956.66666691     
   1183503.94988465     
   4421809.68609113        4740021.26804833        4842026.47547796     
   4493159.25412020        4133605.96985006        3828852.44355278     
   3767590.08399557        4075991.81541091        4087023.68551844     
   4160819.22804521        4398239.57413940        4683924.01386658     
   4655079.55447434        5014233.58622825        4899825.76505614     
   4598495.35751543        4680557.31046362        5038449.32601369     
   4664760.29184632        4458756.29210773        4886359.37446178     
   4213988.77946728        4137453.19949641        4014403.90623420     
   4241216.79811600        4384859.01023758        4589541.96235091     
   4399551.24733117        4033089.23722274        4070372.79404574     
   4112261.30510966        4318980.44521080        4320313.52088192     
   4032540.32286346        4944249.51776080        4237046.05080039     
   4067927.25349201        4233514.99419277        4282765.95357215     
   4271051.95875174        4392629.16884960        4535623.58995524     
   4715323.15030501        4251312.93326432        4102903.80583728     
   4272165.30202111        4076367.65354945        4264664.60899695     
   4115121.75404147        4312973.64823606        4516859.36127862     
   4246468.23728662        4353212.27525769        4202084.87980816     
   3814256.67093065        4169956.99607784        3974741.61022926     
   4052522.57337386        4524940.35330279        4355673.45018090     
   4286223.90335895        4251697.46466986        4299655.57825431     
   4213240.01007639        4141894.93991823        3814251.91508409     
   3872292.84885655        4137356.10381818        3777540.37899876     
   3851238.03501376        3963702.18543882        4510504.23557698     
   4253397.87016999        4835352.80916442        4421829.57862262     
   4305441.08173143        4106694.03967502        3896187.74325923     
   3843645.29081882        4118875.37804232        4042882.67116864     
   4116566.54958641        4753693.16732288        4824703.34768226     
   4528547.50838410        4375389.25436030        4445443.96783450     
   3981590.76507642        4277489.77770482        3955581.72008645     
   4219129.73256632        4158163.12408784        4055268.17218561     
   4390009.64932280        4384185.76939194        4253442.84103668     
   4195680.16520474        4824186.73981705        4389319.46044320     
   4334624.88863421        4338772.71348274        4421094.24702803     
   4246439.16937310        3893423.11635919        4276292.80944732     
   3851642.94618722        4264078.15926672        4393951.79764592     
   4239309.80771324        4228382.02439607        4348557.45410701     
   4407550.60469789        4669378.16134115        4523182.84604869     
   4424162.79825304        4474160.76235876        4605884.71589547     
   4167642.52853311        4233667.02862835        4378553.75295365     
   4736767.31947956        4695853.63032062        4745207.80753745     
   4464938.87489457        4439964.24695362        4352031.54274772     
   4593997.32328951        4734568.91996837        4702023.69407656     
   4695685.72142668        4305076.28727206        4157486.80600109     
   4454158.84039913        4132251.33124889        4582860.74341480     
   4251183.46828287        4274556.22896648        4162244.59380844     
   4445329.68118057        4364469.54388609        4251355.35406955     
   4671687.92382607        4686025.65081202        4257106.63380619     
   4393551.99991778        4540814.71316901        4129307.56835373     
   4392593.13723431        4382276.87311984        4363966.52047858     
   4511140.23375891        4412997.57024558        4297430.54408269     
   3705434.45545572        3801498.40285032        3826613.12662813     
   3775048.55040926        3896217.83453579        4570166.78142754     
   4465633.87962768        4293309.82595947        4172668.97631425     
   4164933.40598599        4193361.54842227        4259011.79030697     
   4092204.91123369        4254990.04261154        4140380.05730793     
   4188719.23319118        4272989.63337083        4337006.39281948     
   4155901.81924042        4634621.31220202        4182785.59138015     
   4293753.59123650        3995584.96597095        4086888.01111546     
   3942757.70628898        4198639.06672699        4408742.16454103     
   4323687.58700293        3978341.76828073        4165412.98025055     
   4383360.40401878        4471035.88286128        4305366.76102002     
   4378674.97484733        4417075.35957031        4469271.16460273     
   4387536.91945833        4582856.84338103        4631939.81803562     
   4607018.60026070        5011933.77914240        4418143.98842483     
   4035648.34989801        4160830.98320817        4300096.68021632     
   4347782.70972912        4445166.68301634        4002606.88474621     
   4477656.41796292        4097947.12449617        3958915.50304529     
   4216488.89715104        4183788.26329403        4497500.62536529     
   4608817.16472021        4634968.87853014        4405505.99234777     
   4289856.45978993        4700787.86923859        4070292.00526153     
   3985884.33531290        3900534.07771877        3966694.21140901     
   4032944.05059477        4185956.11279643        4321665.50395657     
   4608544.10693819        4732921.51695565        5069728.98443885     
   5209973.48334916        4768444.49938954        4546994.55407397     
   4327149.35838724        4401939.83218253        4357995.46990944     
   4385313.67475286        4905800.37730910        4531762.70696424     
   4511701.33090054        4809111.26811414        4162112.69693793     
   4219299.84094851        4635305.44145383        4183888.29642911     
   4115340.51793380        4269080.07121543        4171687.25492594     
   4468242.17833805        4129576.00753340        4375198.93720141     
   4554809.56741737        4263857.38502063        4006765.43499949     
   4416313.76331232        4480435.99894989        4108540.12486855     
   3967025.37277099        4147074.26954695        3942779.71604760     
   3868662.00284519        4246656.15489903        4010559.52266408     
   3713217.50723967        4255144.36639453        4103592.05733163     
   4630736.21741091        4169668.36169132        4116343.63910349     
   4157983.91727106        4256757.97062346        4304044.18787358     
   4193429.62097571        4135688.95622300        4051630.14560800     
   3715725.02964635        3546412.13764300        3568020.14722146     
   3808519.52826867        3945616.43869769        4119463.79165405     
   4068384.37555465        4082261.18170560        4327140.69689867     
   4408678.22497100        4450285.68255333        3879095.42066728     
   3898216.37558291        3736005.70273412        4060388.04127834     
   4431389.20689971        4849219.13419873        4301136.34481862     
   3957032.42310348        3851722.95639774        3911778.54525043     
   4276937.78544028        4158678.31266632        5040737.38905418     
   4585543.83114781        4521941.74582300        4231738.86473735     
   3941434.83106387        3794235.32361817        3705229.66201292     
   3600192.38744179        3920130.09982602        4233301.90010141     
   3768481.39001654        4174333.67319231        4158795.75952133     
   4476378.84343136        4719806.08149445        4863263.76071438     
   4668545.12877868        4787114.83691444        4415596.12141311     
   4096508.40917702        4369585.81996468        4608130.83510587     
   4546008.97569876        3829646.19976299        4277114.64560440     
   4507520.70783032        4472628.31451875        4531458.32667202     
   4677615.98157696        4375079.33091189        4473874.46545074     
   4498969.31804467        4193411.15835050        4296825.47768361     
   4600906.15198458        4344094.41645216        4089262.33229451     
   4459231.37078491        4292168.89444219        4311479.95349699     
   4475460.77054240        4883705.74142727        4463721.38323885     
   4473528.56146701        4958039.15786633        4222209.51536851     
   4037089.83024201        3946082.71262884        3989221.62151848     
   4297961.01324350        4408286.44252563        4720023.83876820     
   4753767.52813960        4917011.30630014        4279079.94693568     
   4412123.20913801        5065107.34027060        4483497.88808395     
   4444926.71192514        4584753.77365418        4686568.22344125     
   4202087.69028432        4233722.73170965        4568158.97800364     
   4482183.17656867        4671897.53371354        4451658.71628035     
   4388742.01120210        4262698.41455695        3772964.60903198     
   4113406.72482765        4185650.59896319        4085002.66501020     
   4211491.92588475        4231013.43509975        4219146.53028298     
   4145009.37835623        4302724.19607435        3978962.41280866     
   3924178.61473045        4175886.27988003        4258619.94689727     
   4634644.94532550        4648491.21841943        4458068.35551774     
   4528579.68875001        4572930.08208565        4339956.39228285     
   3943088.79712326        3786187.72444333        4087275.20901312     
   4215284.91703125        4312601.32190729        4033428.67407776     
   4173779.50608208        4384772.68210661        4381337.96579472     
   4145417.76503061        4016734.06204104        4100021.48239442     
   4351314.50644925        4551136.90715034        4379943.41274385     
   4326635.38695290        4360459.51585196        4127058.01865895     
   4512386.89234746        4379722.24778013        4507619.67985698     
   4192641.99257923        4158843.92339296        4410974.71029405     
   4379237.38764779        4227306.58248786        4249715.63142312     
   4250477.09208115        4668049.54064642        4229001.77585241     
   4389658.31570214        4170175.82073231        4162974.98201263     
   4751443.67551648        4638646.70562282        4522247.84337617     
   4397311.09203213        3877663.12076125        4095860.33017613     
   4264250.14010043        4562273.16660666        5039484.64491673     
   4256324.68027088        4860289.14842142        4599436.15004905     
   4873244.03744198        4449773.18240686        4454239.77057259     
   4106668.69668770        4165236.17368760        4246305.05798278     
   4211764.07209425        4239573.41899918        4357640.94933755     
   4093619.71773974        4192967.08220349        4575729.82266601     
   4296967.10755590        4604947.39030693        4998076.23565791     
   4949941.19094502        4717329.01676265        4484597.96677142     
   4277018.56275165        4671606.22067855        4525176.78314716     
   4501788.55230448        4244125.14958085        4495999.77635764     
   4277882.11645044        4099924.76242321        4203404.27697935     
   4362062.27203249        4117294.70290626        4210354.09885816     
   4152124.43588800        3870001.37132285        3955001.71040687     
   4171148.38806682        4191094.47662061        4262378.45488232     
   3952066.83687070        4138182.41579911        3862036.95799278     
   4246140.18322966        4109178.26078196        4125865.54257853     
   4482078.15429929        4380613.00050857        4113628.40091594     
   4775116.97664911        4689256.43093970        4869778.43342589     
   4796734.29261785        4543244.70958681        4350272.79329843     
   4321794.19786099        4622671.14025797        4151025.09313097     
   4086780.06648711        4422884.11711069        4556181.24057521     
   4462495.64934654        4556569.05093264        4571360.38118680     
   4636907.20653439        4380463.11303870        4495556.86071625     
   4158157.07716838        4034330.38720410        3804864.19443237     
   4282376.44914958        4106645.76250591        4319515.20866592     
   4126978.33011988        4219605.08437229        4191499.48727880     
   4506253.90713180        4639704.20401201        4558905.56027358     
   4500461.90761789        4438164.14594546        4745595.02831641     
   4444239.56349751        4406816.83450782        4130165.46090716     
   4467866.07530521        4280842.83905107        4126489.85007931     
   4453482.85433986        4109898.16485984        4083711.22117269     
   4240814.02339782        4507942.11599986        4033109.61800154     
   4182306.19871948        4292373.59354455        4148227.67974556     
   4125480.57059093        4338297.03726022        4635628.26486525     
   4690188.77852532        4534039.00547912        4378099.62834819     
   4039961.33817514        3900611.59422607        4064609.74424072     
   4313926.57923364        4657841.92585552        4554621.42688303     
   4218780.45116425        4548335.84602797        4707525.28040103     
   4393901.60568885        4307370.38412777        4233452.40070983     
   4074087.51226252        4234314.57895761        4410786.72697321     
   4510364.17631717        4280488.94698872        4377528.55292860     
   4065022.66312918        4098199.48014371        4336134.09670260     
   4214824.49145662        4085476.36969391        4199952.82657966     
   4309177.98078561        4250222.95036153        4377163.21192027     
   4660018.88202682        4463804.24279496        4238667.51057076     
   4241935.09297756        4417291.71524499        3914700.85586958     
   4354203.95328040        4231209.07913968        4124603.52741247     
   4404293.42322793        4321918.80918480        4709275.13027198     
   4323263.90903550        4787463.14860792        4840918.81122300     
   4495450.96759916        4429712.77076228        4608881.51647169     
   4603632.22921860        4199628.41724935        4129926.07098098     
   4454746.75729362        4500586.59331035        4144717.98239470     
   3736432.42368038        4177292.03597335        4159968.54193659     
   3976180.89674855        3909434.40800430        3751896.57414509     
   3966765.83994408        4188358.70281175        4347662.92073327     
   3928647.43741725        4131732.94716359        3783310.85364527     
   4224042.03547447        4401524.11052185        4415683.86483363     
   4226127.76862544        4342802.82938509        4571760.10388064     
   4590383.47289436        4443245.75683052        4308222.59162329     
   4611206.24815721        4153637.41621800        4337774.13497325     
   4148949.22967753        3990401.22135837        4325631.11101214     
   4436840.25314799        4328384.81339949        4242632.04895030     
   4596188.42705543        4646405.02871293        4414886.49172637     
   4215199.36908153        3977670.66260608        4768139.71671096     
   4986836.78228534        4744938.28659920        4953267.82074078     
   4854351.38041747        4753618.29056869        4858686.20726834     
   4523552.45665890        4966795.71769098        4601347.85429445     
   4758362.91326165        4603327.91794267        4301858.57155313     
   4116482.40565064        4298974.34819613        4350907.25760830     
   4395914.79988990        4599189.73865917        4454992.93693431     
   4176302.67732212        4346886.22714237        4381051.96235424     
   4170241.65258387        4285529.99745046        4476061.98248115     
   4232747.88065908        4052351.36751355        4250305.94734741     
   4467639.05253209        4523134.93095606        4418895.48962865     
   4113896.32954706        4004994.51737255        4116470.81358339     
   4508318.19252259        4802767.63678569        4230257.21836591     
   3981767.59546556        4348430.10178430        4299558.23960630     
   4372146.14089851        4178079.99741708        4124325.77135668     
   3922590.98143163        4323467.75931833        4576291.72554560     
   4262635.28749867        4594218.86447892        4472085.27205025     
   4831330.35166843        4567947.07511050        4574803.62554068     
   4745408.26263106        4871362.59010138        4402650.48652529     
   4309422.22280168        4336216.26953249        4561739.46807765     
   4713836.03469806        4522541.20878646        4672432.43296357     
   4711647.16794190        4389345.80037350        4236595.43873712     
   3937262.39050698        4101722.75817856        4127577.73601394     
   4219357.82346123        4444915.14677512        4018200.03943898     
   4236523.96432754        4018616.51585419        4429520.58725457     
   4385659.73767533        4428836.57620571     
   1784.27836783978     
   6284.82901520121        6893.54380495553        7018.28949742748     
   6315.09428504725        5823.83482550788        5179.63233291949     
   5080.00775452226        5631.75776043235        5337.14820335845     
   5626.69357964540        6081.43513788068        6342.48642767832     
   6664.99927021054        7773.59748549345        7445.53476540581     
   7174.10852899283        7309.49278443349        7610.20393408442     
   7312.79509955371        6847.74446581062        6657.06033805308     
   5958.38226860838        5848.51275270076        5722.11100962466     
   6018.32508341884        6301.35906597192        6362.08647453819     
   6185.35162723571        5389.46094930331        5562.78015577124     
   5402.27794936666        5709.06606293666        5655.25994101461     
   5418.28745267530        6760.99978981113        5948.87255578715     
   5727.07094139903        5543.38214368110        5679.27281241152     
   6088.76508549718        6389.90127564628        6289.75686553741     
   6595.29654495014        5677.53568377650        5706.87536950606     
   5636.86206448765        6028.06956984635        6085.35128903485     
   5579.84710607467        5766.28815184408        5979.19648032969     
   5787.74728603925        6048.62499212628        5955.11766648088     
   5023.14855963760        5506.01364247047        5250.79862473624     
   5103.80705671615        6085.14886697245        5857.90391256817     
   5512.53187813212        5100.73596231264        5200.56035722280     
   5590.65770938100        5498.37895665234        5036.61617404464     
   4717.19360393432        4901.35813562266        4706.63735659777     
   4916.00946564134        5226.49024799362        5398.43867607067     
   5880.03611653624        6003.67244121577        6184.67430603502     
   5706.84682724335        5645.17091647681        5265.43582070817     
   5402.68067502469        5483.14031264879        5455.12495110466     
   5412.04276140182        6176.55839208198        6171.53037642638     
   6115.90299938317        6250.34786126946        6388.77144463766     
   5236.72494826486        5635.85277026743        5453.58116148911     
   5727.35925552596        5497.72010721235        5921.32037195489     
   6082.60836546457        5942.78853013467        6070.43583138569     
   5976.02310183260        7093.60370881244        6584.80945630366     
   6335.24203652080        6645.06848713511        6656.04295696491     
   6444.04521272010        5709.57773625437        5944.02260313865     
   5496.99319143650        5965.63035480818        5898.07799572836     
   5883.72328735385        5798.82668774652        6002.86903520250     
   6222.70673363267        6680.67641366563        6419.78793235159     
   6486.89676412730        6564.05052981655        6874.47202071285     
   6245.12624616882        6419.26210453116        6431.75904233303     
   6780.33817122100        6695.57148245508        6340.63474200313     
   6561.81866572678        6416.03497791952        6231.42785796137     
   6360.58642298092        6612.44283611299        6453.10319066956     
   6110.81150789867        6008.26484300621        5499.75358236604     
   5439.42152624078        5843.50275656862        6076.50778344520     
   6319.72164176996        6280.76387833138        6143.17830882653     
   6131.11603544824        6417.71697185124        6547.85671494238     
   6618.14712933165        6318.43320701509        6062.38472717405     
   6173.70118299293        5837.45620521726        5769.60428895861     
   6111.55784372073        6158.29792602159        6145.68884783447     
   6285.70981740443        6425.24465479799        5592.33605630895     
   4826.64387363857        4849.03537870496        4894.83680758295     
   4967.88759319994        4829.51483663180        5968.22816066916     
   5971.65103280071        5914.67349661806        6014.38546670455     
   5626.07848566400        5545.08463404311        5648.51098062605     
   5460.78759745623        5457.24739162880        5570.27874230826     
   5515.32456818085        5780.12580138530        5954.52173607091     
   5929.00258665529        6452.92716568826        6214.84794117747     
   6046.10534262380        5623.62630231753        5723.30165355462     
   5509.09343595524        5544.26511180237        5503.17410129303     
   5851.25833490304        5128.07029363260        5310.96868482347     
   6068.58358512703        5846.52487947278        6105.82048066605     
   6133.17597914812        5872.44465185444        6198.68008515813     
   6338.73374176230        6124.03556271330        6438.10561352805     
   6347.80649669668        6987.20638805228        5971.29349650528     
   5798.17845469905        5886.56378506261        5749.95999722732     
   5688.00239051726        5953.12889799671        5825.27701617989     
   6091.86907076802        5799.87050935922        5311.12651435613     
   6078.28467534167        5813.88315995653        5838.20690875647     
   5961.50943279939        5582.00486146743        5491.80826772746     
   5773.14347462665        6237.83000477511        5608.84680647505     
   5141.73528028806        5116.12464074412        5386.72538887211     
   5546.85760285323        5574.30802331964        6315.13352932661     
   7076.05893976300        7586.10322786761        7605.35774465130     
   8043.60968706248        6689.57593825857        5943.38310930354     
   6122.10229110413        6621.32393778885        6275.27606296022     
   6157.39373389236        6562.11176904771        6760.23961625281     
   6347.02616575271        6609.27229759035        6319.53653969805     
   6240.46367353190        6662.64860971156        5876.51355968031     
   5870.03870997222        6136.10754322143        5663.31960594518     
   5981.13575491812        5624.59886522186        6117.11390648111     
   5951.35638385297        5480.49794926974        4929.28766737853     
   5360.12241764725        5342.78783300924        5235.56506085461     
   4816.41051565504        5120.89070558552        4982.93787798075     
   4895.25850863793        5144.20663603911        5032.08577327419     
   4525.76098807971        5247.69374689113        5205.24208425607     
   5593.30403429660        5089.19804930541        5186.68024774855     
   5123.02298298457        5397.39657442468        5037.15345462046     
   5277.87624848403        5232.64450635018        5069.15649658711     
   4791.25607539643        4473.87797286892        4701.50903713008     
   4876.48246506037        5167.93273134496        5249.30637483732     
   5381.09138657318        5142.14441651418        5784.88939880412     
   5997.95357519123        5758.16683662810        4991.70618615084     
   4806.62144598318        4673.16253126363        5143.68489029731     
   5806.74182819549        6274.92130416715        5644.39585113724     
   5179.17588147280        5501.10197965927        5459.63166850295     
   5914.52554576875        5862.12776350794        6853.49582392472     
   6277.28947720368        6215.88579495848        5929.02124731864     
   5277.25022000315        5251.01165097643        4756.31345073298     
   4694.80064975986        4817.76506499737        5106.84584752362     
   4835.09990586020        5229.12086196081        5673.95701140731     
   6266.45948655469        6452.98753910586        6582.28037917537     
   6692.04453047790        6847.28215793920        6004.93441858221     
   6074.89926785525        5795.04488437520        5916.61937525186     
   6248.18124193146        5650.69876331485        6002.19860906174     
   6215.24861138805        6365.80234297890        6163.87521431363     
   6385.00633846419        5973.93926732979        5720.38799619124     
   6082.09021907589        5709.43857787510        5882.80295711631     
   6629.94928221299        6176.30185195409        5957.10640035359     
   6162.68439029609        6122.58308709090        5774.71980098075     
   5685.02898474759        6294.55267025042        6338.68492348191     
   6532.92063409023        6392.49638513620        5676.02550781014     
   5415.74439761971        5462.29446641105        5618.75161440830     
   5994.03026967873        6334.45342964133        6749.48170064186     
   7048.42972156251        7339.84359750676        7032.52048654124     
   7045.34823027527        7576.77083228319        6952.60597596230     
   6513.40121226445        6584.47937017128        6217.33576577086     
   6150.81612685849        5747.13002935151        6507.60011782403     
   6628.29386403513        6406.76193167488        5948.63102257050     
   5899.10775430609        5460.97864553473        4829.16495708952     
   5388.26562586546        5505.04915893009        5317.86682462395     
   5373.06741303782        5628.15601260706        5698.45554536005     
   5344.14045654108        5548.73766533494        5486.28865403605     
   5362.57067039219        5280.62276722718        5821.68200875153     
   6323.12155535660        6111.47757558304        5763.56141336616     
   6194.41894697324        6205.00814986590        6302.15260640691     
   5720.47406542123        5408.69828105719        5552.14374199214     
   5904.34295243469        5590.31977217159        5539.73875044674     
   5774.96283398869        6159.10054133447        6101.00899523956     
   5974.64990491671        5850.87661214760        5540.77018369867     
   5901.97965027409        6039.21671381211        5834.09234144965     
   5561.17795056006        5833.84866881893        5753.45292700700     
   6187.13748144548        5829.58097211748        6308.64096067405     
   5638.37329092210        5688.18077831823        6414.94314079340     
   6187.90768889977        6250.23677063175        5885.95422421266     
   5676.62016407077        5897.57851050173        5729.12581403694     
   5775.61816431151        5399.04499882106        5406.73083765438     
   5839.10683774945        5939.59221887551        5948.46528792047     
   5916.45538800857        5135.02845688797        5539.40972218386     
   5732.46230073320        6322.94811960110        7235.75746724291     
   6404.23282975126        6623.53852864514        6808.80982415174     
   6876.19179782645        6078.39815126721        5787.91801060284     
   5522.45268566520        5589.61939464485        5754.23691243007     
   5671.95412118550        5712.84266957404        5865.52576477126     
   5247.20107034642        5697.04604907767        6183.17667445225     
   5831.34867352780        6276.68237665722        7252.82153012042     
   6936.26931007753        6644.59330839621        7041.66171911016     
   6502.42581519898        6741.08642850894        6920.42484529346     
   6850.87914676728        6998.87663468647        6968.55136192213     
   6692.45228472932        5979.65073045067        6204.17582818110     
   6166.43191948898        6069.65044013901        6207.02299074459     
   6158.68409290915        5771.94547704263        5523.40967269467     
   6122.58501831077        5859.58831466398        5645.29976399693     
   5451.14416241725        5763.61716449937        5395.74149532945     
   5180.10281945080        5411.33262175594        5790.42196672463     
   6300.94032610704        6149.17956843910        5875.17433402709     
   6474.50555565993        6257.27646779777        6373.73631854826     
   6318.68392441572        6025.14659517809        6019.54745460390     
   6202.38598464679        6458.36324654299        5887.75929376274     
   5698.38677824455        6129.88235675394        6303.85672726100     
   6095.42993986911        6380.52882653973        6531.08097908712     
   6402.18615313040        6436.42006125022        6184.29779079242     
   5653.49304870238        5433.99276388884        5520.51676994164     
   5313.12739720940        5192.01336087152        5154.55971163890     
   5060.38949647913        5514.17319287338        5376.70162737669     
   6189.62733164917        6267.67046427056        6233.02187172653     
   6375.50486017333        6290.79849872360        6628.44923365054     
   6712.20010381833        6149.61334799995        5796.65990013120     
   5993.21734490751        5971.38323540118        6055.46529612636     
   5817.33073891989        5395.88876741498        5448.86493455000     
   6070.36338864391        5814.39861045584        5304.01224802944     
   5191.77763516199        5490.74516896764        5435.49303287672     
   5471.41701988622        6024.56618117179        6360.34576297963     
   6287.72889549230        6239.02485957761        5836.59456635192     
   5530.29294444993        5281.65119234479        5550.70919906927     
   6047.10021075340        6561.98432369102        6543.66482604049     
   6456.34340331618        6446.60501970417        6455.75825862714     
   6171.63468807876        5828.00582242721        5745.71250363630     
   5762.99842541531        5955.97061819732        6288.61628666776     
   5948.59256551395        5747.96996683033        5605.48472947995     
   5076.17676774417        4754.00950459011        5624.97967701231     
   5391.92014013550        5211.58963864442        5638.85798783476     
   5424.21290042423        5571.26647957802        5993.84779846503     
   6291.69965488034        6249.08406711532        5901.81423740744     
   6124.76811057670        5811.32028650720        5564.87318167211     
   5917.17750944953        5750.37550533245        5634.09401792295     
   6176.03687618265        5654.58801280160        6195.56615259492     
   6219.80339225711        6702.15212618419        6768.63076468238     
   6483.43722692960        6697.72696527883        6593.75445228940     
   6509.30773882464        6011.07535124092        5703.53941080964     
   5724.76080170009        6025.80119949120        5566.32936037581     
   5078.21897038980        5304.90147551195        5065.08801257007     
   4743.84244594727        4822.13813989125        4707.26142801008     
   4737.86807499785        5108.67243926460        5455.22583558751     
   4980.56402001926        5362.19180689134        5248.04340519914     
   5744.13056205717        5874.18159142673        6056.60500302577     
   5896.29356381767        5896.43833602408        6050.95606588389     
   6187.28380877811        6168.72500767705        5625.60416237335     
   5890.84198982472        5464.46956128887        5831.22957071217     
   5366.01384343053        5017.18225306038        5752.25380493585     
   6004.92270967761        6086.94052024556        5965.07071293485     
   6461.78402851044        6352.08795287117        6493.45000905145     
   5740.50512273633        5727.87314063283        6614.33171371796     
   7452.35700907332        7316.03174245279        7515.12168051047     
   7649.39276118267        7542.32792892011        7356.17047396098     
   7145.49978445507        7364.42832014729        6994.87193840957     
   6823.88866384861        6817.39014889283        6090.45710799465     
   5740.59111344167        6000.61490214528        5992.36770581670     
   6252.58389468986        6671.64819504421        6412.82527859287     
   5999.43295002202        6001.00096695604        6187.58367012011     
   6245.24309231988        6038.24375146270        6446.28976145615     
   6098.53886373026        5965.36039533189        6109.94866175644     
   6411.12876315916        6239.55288231645        6514.45168447084     
   5990.02293010401        5977.49332020389        5740.50620120148     
   5968.49705276067        6389.17723099346        5913.51077419205     
   5515.28993241918        5592.43446568196        5437.20775370885     
   5907.21184061528        5852.32019122292        5630.79079920739     
   5419.79506924229        5873.84567465398        6440.42785297750     
   6114.17539931863        6511.81549170706        6431.56413448050     
   6688.93261314964        6525.18420262107        6682.57009521009     
   6612.29329528173        6360.30643349618        5926.72345235985     
   5406.98512984385        5343.45489623799        5919.61683258017     
   6202.44856343925        5906.33401461384        5751.23472774831     
   6265.63556480921        5998.76156212849        5689.06547618410     
   5440.48094700679        5565.72921115187        5197.22666858017     
   5528.29869188592        6200.80404198755        6210.02845795289     
   6651.81073797190        6403.82001774408        6517.48614758132     
   6635.87365927121        6808.62155600052     
   173175.000000000     
   4151.19578838195        4242.65880174222        820.884302632825     
   8098.76988257906        1915.83823876733        998.962864799748     
   1455.33850048603        2085.30221760934        2464.18418061599     
   676.615866296181        4040.03290453931        2218.55112696657     
   1810.78165717244        2871.88789023206        2630.69834575677     
   362.131906225497        2290.55852193436        2213.14939805509     
   5899.05434946904        269.015494102764        1158.85404057950     
   1238.21718117805        851.152773159404        680.871489247311     
   2155.45893328050        1854.82218784550        3994.82747928360     
   1550.62499848450        484.173402380302        3557.55047816608     
   1589.65836131440        1206.48319811201        839.588376133265     
   3642.81324616708        8443.02441468535        2264.43294262510     
   2234.07992329817        2635.98734293445        2400.00224683648     
   2948.63941233081        543.977587163728        6038.39077245172     
   4581.88737738305        3983.73279781498        5784.26526152234     
   2498.87737169441        1100.07383571147        1395.21490912349     
   1185.89086807034        1142.72400833427        2446.39135529714     
   1527.96591998974        4278.92084278275        1827.71960017661     
   1573.75379253678        2007.04760572653        1794.58586474916     
   3622.73760323868        2856.71607772417        3991.37037278025     
   3034.06188362136        1396.16373454968        4121.30309030139     
   2813.89680750066        2599.70651327162        1420.95532167557     
   1807.10848151264        1069.32625531622        1251.00283865374     
   1450.93256855649        1230.40111430092        1536.01684464563     
   855.060806597969        1206.16379153290        612.274229227113     
   2808.06294027627        826.849690213327        661.594362766697     
   793.265027850659        1194.07331308234        1537.95207274262     
   3692.80977010949        2672.52181899834        3368.60269799815     
   3770.60406074593        1001.94086143442        1946.94280298629     
   1482.17804744271        2134.98872928379        774.269730704557     
   2057.81446318328        571.230483811030        1764.47709751213     
   1715.77698850848        2056.55562548912        2265.44752822935     
   1002.44815423654        1751.56931399149        480.857210544212     
   1858.76779852867        848.963898661362        727.269992019121     
   2136.95214031422        2623.71837257203        1345.65991780514     
   881.195780218373        1134.87036421254        684.450721795612     
   955.279317950403        1583.42053871054        1197.20161869542     
   3324.34609816863        1485.11846683278        2168.91158684787     
   3439.07882024842        2609.51417411263        1837.11391132700     
   1350.92073204937        870.072915816303        1836.40933799072     
   2144.16697127772        2634.56880195074        2435.55032022958     
   2990.04014157060        2227.37238513679        416.299504318685     
   2056.22682459886        4162.01803482721        4641.80429390028     
   1348.52518270601        3112.03466616966        1422.60872043804     
   4284.62318965104        2172.79143735298        1383.04927618372     
   1627.76168734041        1124.82784559276        2975.77957724430     
   2404.98123174619        3119.24010282201        2838.52869133700     
   3259.42201380823        2712.87038538930        3116.96667952362     
   1073.62884982310        1772.49983923457        1275.39047040017     
   4166.61185297975        669.523161377632        3289.00469962083     
   3195.78495007545        3123.40178266164        2651.97646051242     
   1103.52154790366        1751.78538314795        928.186124592658     
   1125.41968719524        2594.16386969288        1153.00138473280     
   1386.43122819787        1961.78581460392        1288.26067667622     
   1794.46373870420        502.811715702690        524.033464591436     
   640.692020457064        1674.19776735682        710.350837637256     
   1225.31879196856        1157.97097533136        1049.50425878888     
   2514.24646473646        3661.90248642468        2388.33451238769     
   1958.59174881278        614.754327370818        561.169176568955     
   121.656329397639        1241.30790954653        2385.25317833036     
   3845.12913110202        1472.94343958187        2143.68786140905     
   2812.76949016262        1943.26962732649        1020.96434151398     
   1059.84739536547        1503.49373944296        2231.01737786314     
   1777.24396636552        1224.54845845423        4171.90085015743     
   6920.90175623115        3231.37999502430        3269.29543482730     
   1554.42969450041        564.475974093894        2805.79891128902     
   1962.66887985206        4202.50751588542        534.442361346076     
   771.075664913421        2851.98134490437        3102.52762328546     
   1932.33464914742        2267.40154494863        3935.31451814583     
   5259.13266252630        4909.83338533225        4579.19121008288     
   2624.96781595503        3430.88698092528        537.880679227121     
   2177.91133692995        370.445871593598        909.951766649738     
   2417.06231588560        1159.04192680251        3268.23387766731     
   3088.87768918393        2020.31237307089        1127.07308595771     
   4254.89958917118        8833.77139267495        2326.97087195330     
   2574.83037734536        798.168858271166        503.149910904104     
   1483.34294202536        1249.91309856030        3571.93316853733     
   2706.45407087357        3927.26359348994        3640.57740011328     
   1508.51969590842        892.957457778670        1134.17518518741     
   294.051333318571        2605.97251880893        3858.29995533488     
   1374.83864823828        1203.43944129929        3273.16589102126     
   1095.66790378193        6641.62767435215        2378.75231501428     
   3441.78438185974        1541.37160200136        1835.08474011852     
   1043.33219636307        1102.07482398650        1487.09127217437     
   1762.41034905905        1362.85150721037        1806.61997733281     
   1269.05870468481        1901.50251995182        2333.80053615963     
   2219.34024910320        4150.43484917877        2098.80184273246     
   2705.54282269199        1594.94735849207        1026.36607042546     
   2002.85774295345        1230.47626879013        1603.90953132955     
   716.879883886782        334.700517666338        77.0991116113068     
   2577.30108117792        2915.16748170194        1703.86500196977     
   1702.57798134217        1322.77537584278        1936.88149574422     
   2642.38486882787        1586.29519792256        2120.32420957802     
   1813.59995051756        874.563396546193        1919.84960962855     
   1538.30905656633        2309.25320112365        1066.11340090278     
   821.992831348572        998.408600441874        1055.63874397009     
   1332.95880912981        2516.64201407981        2407.17010624423     
   3039.94272240151        1501.03242992156        979.798470052938     
   3010.81096352413        737.030681304383        601.968669895128     
   294.821666832904        1008.01898074873        1645.41359799200     
   1443.75531483759        945.255587952929        3443.39080906645     
   1398.98202789480        2385.06529210735        2432.19655114889     
   520.435443420834        6415.81661723006        1814.58635318835     
   2530.04769609142        4750.41192511001        4386.56085994400     
   2229.58944256828        1086.11388934198        8334.13495414110     
   3748.41469780869        1664.91618794023        563.095010354786     
   3620.48296856259        2104.48540097845        6290.71257564023     
   1173.49977166297        1960.04786704110        1446.28238453704     
   3754.63373179025        3050.65223711296        1036.54950371249     
   3625.43377053884        2139.82679952624        2155.70318537041     
   3601.54403728338        2262.69499506228        3295.49616862576     
   2220.95607062107        3451.28203043279        2585.17351392195     
   583.067315860530        597.534555032141        544.409725476647     
   2427.85637939741        2067.54696953509        2760.01103874199     
   1488.60375626958        3696.98084426027        2095.92718352044     
   3590.70300221583        4466.44068765582        1622.11570633902     
   2802.21967874072        1374.60379045952        1254.27205893408     
   1421.54716327805        1481.09770166041        3660.15514455071     
   2583.99922502815        3024.61120660406        2382.63216551940     
   1000.03381627089        1169.22536008954        722.732539733479     
   1827.40958790864        895.719385256887        849.170573506670     
   846.624715184913        2999.73507067781        1181.18431818399     
   2476.24647613310        2350.93575969796        3009.74940636414     
   1068.88472269215        2322.76222055792        2783.39347919533     
   1946.31338413922        3169.63118783274        2192.61343388032     
   6447.63514909646        2612.59550816996        5109.39673710013     
   1174.79618660173        943.160656566391        1159.77468307224     
   578.990184821257        1185.85329082574        455.342261459734     
   1786.10280178035        2665.66397185855        2160.12790592225     
   1438.91724459513        1200.27355844160        3812.64360314395     
   8025.61638165092        2440.17232131558        7514.90405027074     
   2349.54540164770        866.437317401100        1796.47412129039     
   2242.40328297742        2340.23563929765        2179.94050813843     
   2008.47554102139        4237.49193060950        4076.37949438019     
   3489.62960854871        1964.23772981417        1710.07464164019     
   1779.29192619631        2164.16745971692        4175.50826563918     
   2534.35029059831        5104.84049619219        4563.34300717216     
   1295.78551990769        2664.30179674174        3792.91554972812     
   1419.70587829257        1402.24185386398        567.754588685383     
   3205.27320433735        3185.16937847550        4596.66462882262     
   3050.55829400146        4622.79960244302        3214.17901130792     
   3100.54542363272        3432.48401382084        2737.54924078139     
   1618.41434774576        2654.98264008055        2919.92100314404     
   1667.00172501562        689.570621372578        5325.45649924811     
   1071.85332501568        4379.58088675925        3258.78320065001     
   1503.13675561924        1565.11102627841        4854.44452678951     
   4010.70386512777        5257.02833682861        4633.36820248722     
   296.183841949711        909.482051092218        4908.20816950323     
   941.939396116839        412.579357103128        5322.96700679325     
   2657.88548222602        1741.58316123862        1264.59640688837     
   1104.17914968419        804.519412608834        553.804036627044     
   3701.73436570237        2561.74410191286        420.029045845393     
   3035.11404647021        4196.30727052616        2108.44040597276     
   1745.53816623293        961.254099842055        1294.64880825849     
   2129.12667912594        2271.10290354189        4014.34885785412     
   1465.39980772810        980.249396988157        2061.85401697795     
   2770.30720376282        8491.47087728794        2557.97698314155     
   3951.02180638930        1290.96623828753        3612.74205617466     
   831.932012545692        2959.29256117536        1101.03205544881     
   854.553513795848        679.189907551390        1160.74229712073     
   2633.82665136986        2386.54019895796        1563.41065596019     
   1836.03356554471        1851.54357325401        421.128180249989     
   4725.07546793739        3073.73405960949        1945.66517666984     
   3883.32640023954        2979.36820410375        1500.70362903129     
   2867.92349092660        1980.95020935073        1147.98482257849     
   4371.41723036956        4377.28867483855        3028.75409782139     
   4698.07621769115        2332.00622272991        2026.36230945175     
   1036.67162975744        1945.38334733533        520.482414976586     
   667.277921012687        539.872273191005        2135.17661550679     
   1295.08094657141        2395.62449784040        1519.08829595262     
   1076.91685872574        2494.18021611921        349.365037372108     
   385.561318234587        4429.71832536892        1015.11168566728     
   1046.21624988624        1719.59107883554        862.914450719701     
   732.192611061929        1846.33912487669        2687.04542403685     
   594.068054217644        1846.61155990005        1746.75003237134     
   4637.69897992755        5462.45373875434        6094.04267170667     
   407.750681171824        1015.95717367082        246.995228766233     
   2419.89000354187        1989.67752440945        594.002294039592     
   1323.53631504596        2439.81533749186        2357.38965145828     
   934.546073241477        1106.99744302931        1396.13555161622     
   3183.91993509249        1927.66567650568        1707.84818989754     
   904.672163783215        4360.49164650164        3385.29638891240     
   2182.20453712568        1132.74724989255        2534.51938819901     
   2100.28614389422        3102.63096070811        1074.56828093814     
   1171.30150285378        2180.70144734162        1458.20376538690     
   720.149104167120        987.793028841926        2156.85868564191     
   2049.38776608137        1369.13630136998        1629.18022832412     
   1939.33341095447        890.496148257266        7863.84634364108     
   2045.48912695395        3388.40590590318        1936.01721911838     
   2196.13630056172        2337.38916301909        4764.65370081402     
   1424.73183475803        3656.21892817870        568.064600953346     
   599.845555575138        2060.71730532875        2320.49819157067     
   2065.64931868271        1971.77196735679        818.789371246287     
   672.106596943991        1706.78663273755        1141.34304459516     
   2366.45516171841        1436.92565063125        1649.24647694137     
   3172.81585931273        3438.20514931143        4135.51668307194     
   645.652216744473        2688.08819257455        1949.96777117672     
   6061.10621681338        2178.98228840109        2659.98041361256     
   1471.22428064135        772.888766965448        2022.53882481354     
   3277.61879450655        1518.13007621528        4426.04514970911     
   1453.10265443223        490.655477074076        719.792120343405     
   2293.91229101505        4010.23414957025        2524.16685731127     
   1781.77202434001        2663.28721113750        3919.84208768113     
   2951.11951047451        1856.29709469611        3574.53539272599     
   2072.90172689081        4010.93872290653        1958.67629761314     
   1047.82267709296        1087.79547103790        2348.54960466576     
   2054.83646654860        3233.13673120942        3018.19489208834     
   1240.21816945309        3489.74234028251        976.068928526231     
   2797.52252316552        1188.68097848201        791.724360821994     
   1693.36216210363        789.873681525366        1653.34239660294     
   1440.43912300150        2543.83854486021        2340.46110276526     
   3185.25392727585        871.923595112931        2535.59033967016     
   1118.92821819032        4952.94387920142        2694.91785678089     
   498.415178084304        408.755872464916        332.474065923694     
   2128.06512196594        4699.40081556336        3351.57081188248     
   532.431978759891        4026.33599888203        2104.91753929136     
   2914.01198143044        3825.79563875451        1288.67402636684     
   2397.06182744641        2443.91125715343        3361.83879396986     
   4856.50188093145        4166.29244640064        5511.85842109428     
   2509.52112622781        2686.31266776712        2135.73087986467     
   10052.6268985720        2500.96290876979        2116.17192404954     
   1627.34833764979        2739.88842425784        2277.02131956663     
   4934.68133832505        4422.09953902595        3305.37898395597     
   2705.55221700314        7035.06142533077        2814.40410030279     
   3095.01217436514        2966.38526609391        816.403216214086     
   1092.94355354832        2900.49356768502        2233.14049218313     
   2518.79331133325        451.077244197454        1649.56588352048     
   1043.94282658785        4482.34525643344     
 ------
  0.000000000000000E+000  0.000000000000000E+000  0.000000000000000E+000
  0.000000000000000E+000  0.000000000000000E+000
  0.000000000000000E+000  0.000000000000000E+000  0.000000000000000E+000
  0.000000000000000E+000  0.000000000000000E+000
