           3           8           8           8
   4.50000000000000        7.91500000000000       -5.20000000000000     
   235000000.000000        29635679.0000000     
       36464         812       26911
   4887912.00000073     
   8649212.66666669        8525731.11111110        8410838.66666657     
   8473444.88888899        9043803.99999999        9526205.55555565     
   8300867.55555551        7881491.77777778        8167499.11111112     
   8136018.22222223        8222178.00000009        8279715.33333342     
   9062869.77777788        8447906.66666663        7837330.22222213     
   7827630.00000002        7328676.66666670        6000102.66666660     
   6232136.88888881        6202415.77777773        5049304.44444445     
   4613779.33333330        5809868.00000008        6260187.77777780     
   5914204.22222224        5495367.77777778        5044580.88888883     
   4734075.99999997        5116425.77777782        5976476.44444443     
   4932610.66666660        4617432.66666673        5039700.22222224     
   4899368.88888881        5745074.66666666        6268698.66666668     
   6409009.33333336        6554620.44444445        4876626.44444443     
   5094343.77777777        4995023.11111118        5905583.33333334     
   5973197.11111105        6318649.33333340        6810029.11111112     
   6951245.33333338        7108513.11111108        6907985.11111117     
   6791332.22222228        6620578.44444454        6929741.77777773     
   7367179.33333331        7040365.33333340        6525345.77777785     
   7210754.66666668        6761832.88888877        6452871.55555560     
   6397491.55555556        5918622.44444445        5272387.11111105     
   5299387.77777779        4912570.00000005        4520010.22222228     
   5088044.66666667        5265666.00000008        4792169.33333341     
   5689605.55555555        5814924.22222225        5662611.33333328     
   6546837.77777771        7596930.44444426        8109671.77777792     
   8286778.44444431        8225681.33333310        7916772.66666693     
   7801156.22222217        6870787.11111112        6502212.66666687     
   7272140.88888885        7328004.44444439        7670647.55555538     
   7696407.55555540        7796367.11111115        8315265.11111116     
   8455167.11111080        8456305.55555541        9080788.00000001     
   7533533.11111093        7452406.44444469        7579008.88888884     
   8077661.11111098        8332489.99999981        8722813.77777762     
   8000725.33333343        7480905.55555547        6721237.77777787     
   6459904.66666674        6131237.99999999        5661794.66666696     
   6541634.88888892        7628579.11111113        7262245.11111115     
   7257962.88888915        7478049.99999997        6858612.66666680     
   6210282.22222224        6472653.99999994        6262435.55555592     
   6884976.44444467        6713571.55555556        7109590.22222204     
   7333520.44444432        7927795.99999959        8209731.77777789     
   8758951.11111089        8511026.88888897        7952737.55555565     
   9197695.77777804        8704132.22222237        7716803.77777762     
   7632001.77777758        7889507.33333328        8721882.88888863     
   9031834.66666684        9849741.55555595        10091811.3333331     
   10858261.1111117        10477602.8888883        10087466.6666671     
   10483427.5555558        10857412.6666670        10937803.3333344     
   11481322.0000008        10726276.4444443        9498369.77777783     
   8995611.77777815        9551305.11111192        9821977.55555503     
   9128756.88888893        8875402.00000027        8325244.44444392     
   8413635.55555568        7778764.22222207        8453927.77777736     
   7685190.44444459        7348573.11111174        7186071.33333291     
   6896917.33333326        7856509.33333245        8024927.11111127     
   7393383.99999959        7759310.88888961        7366563.33333314     
   8259994.66666686        7695006.44444475        7793785.77777794     
   7861011.11111113        8213104.88888965        7499951.77777755     
   7477738.88888868        7176281.55555581        6664512.22222255     
   6854045.33333321        7662943.11111097        7615943.33333384     
   8321047.99999993        7897597.55555621        9849673.11111074     
   9884650.44444495        8053985.77777816        8019414.22222140     
   8454627.77777828        8780217.11111070        8526074.00000018     
   8719553.11111012        8610710.88888823        7828777.33333342     
   7282267.77777789        7388683.55555614        8449503.55555585     
   8869772.66666681        7228298.22222266        6513156.22222222     
   6278733.55555616        6900452.88888901        6591120.66666681     
   6237742.44444450        6338460.66666677        6265473.55555542     
   5780874.44444445        5655606.22222233        6156875.33333337     
   5401150.88888894        5503403.77777747        4821931.11111146     
   5256146.66666662        6163276.44444477        6732303.55555508     
   6220426.66666621        6291670.22222229        7336242.88888910     
   8374548.88888881        8842955.11111154        8922167.33333343     
   9386194.22222222        9479180.44444389        8815742.22222232     
   7551183.33333382        7903066.22222206        7604223.33333313     
   7035890.00000015        7689667.77777788        7699850.44444464     
   7950388.66666729        8019808.88888916        8152024.22222247     
   8142676.22222266        8329200.22222201        9026601.33333353     
   9199195.33333327        9134392.44444411        9070342.22222170     
   8923945.33333301        8713091.55555603        9265065.33333419     
   8310317.33333368        7352277.77777792        7756722.22222252     
   7013796.66666653        7891069.77777772        7799665.55555519     
   8149764.44444499        7237463.99999920        6927904.66666675     
   7583386.66666672        8530875.77777750        8630050.00000012     
   8261134.88888865        8235290.22222294        8939229.77777740     
   7850418.22222243        7785297.55555482        8661574.88888839     
   10066911.5555558        9288746.88888864        8128142.88888893     
   8834052.44444427        9559398.22222254        8469702.66666630     
   8332003.33333323        9781605.33333440        10083351.5555569     
   10616739.1111104        10923233.5555572        10816727.3333342     
   10790314.2222220        10738071.1111128        11006416.0000005     
   10629621.3333346        11156330.4444456        10317225.1111123     
   10523547.5555558        10972003.3333325        9886390.44444623     
   9633983.77777696        9976089.99999985        9145627.55555581     
   8813682.44444496        8480579.55555533        8256349.33333265     
   7877830.66666616        7883596.44444582        8001594.00000076     
   9172088.44444322        10844535.7777771        9717659.11110988     
   9185151.33333436        9348603.55555610        8970337.11111148     
   9423266.44444319        10260192.6666654        10418781.9999981     
   9836655.77777711        9443224.44444392        9285058.00000015     
   9406533.11111055        9233541.99999934        8796621.55555462     
   9399394.22222174        9786248.66666842        9752519.55555495     
   9090974.66666718        8544628.66666659        9026371.77777940     
   9431496.66666742        9692535.11111313        9099733.11111178     
   8986606.88888985        9923752.00000037        9657954.66666593     
   9792672.22222187        9633299.11111182        8494149.77777870     
   8391052.88888893        9145322.44444555        10451850.0000004     
   10240155.3333326        10161993.3333328        10046541.5555547     
   10360469.5555546        9710805.99999860        9556648.88888877     
   9485801.99999958        9118711.99999962        8566730.44444471     
   8162409.33333394        8097261.55555679        8802974.88888808     
   9245326.88888793        8875163.55555457        9137524.00000000     
   9398057.33333454        8912505.55555537        8883060.44444459     
   8697592.88888886        8158855.33333389        8635237.55555570     
   8031786.22222288        7635880.22222191        6908721.55555462     
   6155116.66666675        6427295.77777857        7196943.11111152     
   6746247.77777711        6640809.55555473        6713864.88888908     
   6731435.77777634        6181756.44444412        6213087.99999963     
   5291416.22222281        4291215.11111173        4477647.33333321     
   5833719.33333395        5304404.22222215        5403958.22222116     
   5824069.77777812        5471797.11111151        6363182.66666756     
   7446991.11111013        8543798.44444304        8854208.44444451     
   8576019.33333343        8423812.88888832        9898473.11111017     
   9825695.33333332        8234821.33333254        7391799.33333265     
   7009319.11111198        6519815.77777706        7139111.77777859     
   8195322.88888915        8135067.77777696        7710697.77777797     
   7748465.11111059        7990696.22222164        8759575.33333264     
   7558981.55555510        7262840.00000003        7160759.77777799     
   7072903.77777705        7296783.33333328        7982549.77777880     
   7761737.11111062        6994461.11111025        6421917.55555577     
   6683500.66666686        7259107.11111122        6313416.88888849     
   6385537.55555532        7129522.22222312        6892396.22222214     
   7535815.77777889        7351910.22222101        7157806.22222138     
   8274172.44444556        8496896.22222211        8663454.44444516     
   8486683.11111262        8371808.44444536        8740458.44444437     
   9752332.22222439        9965762.22222343        9786044.22222282     
   9313881.77777728        9386199.33333483        9064404.44444389     
   8453340.44444349        8429853.33333372        8332353.33333306     
   7866328.66666779        7060476.66666681        7097323.55555528     
   7211669.99999982        6556460.88888848        7233268.66666786     
   7391507.55555572        7613013.11111157        7235684.66666560     
   7810485.33333229        8930161.11111081        8099982.44444396     
   8643019.11111164        9373829.55555410        9382856.44444443     
   9108622.88888796        8716154.44444442        8818097.33333361     
   9007374.44444393        8453361.11111247        8278671.77777751     
   7358108.66666609        7444985.33333248        7600586.44444498     
   7181133.77777775        7145823.99999946        7371887.99999990     
   7783259.77777732        8741400.00000065        8650053.11111091     
   8543832.22222287        8448817.33333372        8945631.77777746     
   8574106.44444334        8447676.66666767        8192698.66666649     
   7760544.22222223        7614127.99999957        6450893.55555583     
   6974443.77777819        7170682.66666578        7299081.99999990     
   7735993.33333319        8413345.55555613        8556801.33333433     
   7742188.22222237        7223334.88888883        7820654.44444359     
   7172835.77777723        7998068.00000029        8010391.11111123     
   8710707.77777761        8686033.99999858        8308637.77777803     
   8585233.11111240        9075954.66666610        9374273.55555704     
   8594828.22222114        7665205.11111230        7184671.33333251     
   8677502.44444473        7610994.88888874        6545667.33333344     
   6839261.99999939        7438534.88888801        8431658.44444587     
   8731099.77777769        9933840.22222477        9696406.88888834     
   9154138.88888868        9156587.11111151        9174931.77777907     
   8180794.44444513        8538835.77777778        8517197.77777790     
   8706433.11111137        8788192.66666613        8651079.99999973     
   8938252.00000159        9686304.22222160        9994912.00000045     
   9809232.00000105        9650387.11111052        8820327.77777750     
   9724962.88888880        10230419.5555560        10008758.8888883     
   10571997.9999996        10195841.5555559        10014933.1111119     
   9750973.77777859        9914918.88888854        9574910.88888922     
   9678910.22222318        9080017.99999960        8634872.66666743     
   8701700.00000026        8898076.66666562        8846317.55555626     
   8210975.55555449        8407711.77777644        7819872.22222296     
   8091843.99999801        8415125.77777657        8814436.66666889     
   8302427.55555760        7803898.22222045        7336746.66666586     
   7266929.55555522        7035525.11111322        7099107.11110867     
   8382198.88888751        9977840.22222402        10180702.4444474     
   9233697.55555383        9293110.44444168        10055857.3333344     
   10027942.4444471        9384728.66666758        8727633.33333500     
   7902548.66666473        8121381.99999805        7859338.22222283     
   7446821.11111061        6989991.33333581        6039570.66666509     
   6769125.77777735        6728802.88888873        6517800.44444630     
   6819520.66666639        6385853.33333694        6470201.55555641     
   6192686.22221978        6634488.66666338        7195832.88888947     
   6521547.11111051        6331967.55555687        7330815.11111213     
   7354489.55555501        7023942.66666334        6651715.33333497     
   6329520.88888790        7079626.22222201        7240299.33333247     
   7267839.77777812        7387207.55555739        7121815.77777796     
   7054823.55555264        7084734.88888786        6500313.33333481     
   6086077.99999766        5588338.44444582        5139314.88888760     
   4964742.22222134        7737168.88888860        7899584.22222223     
   8709222.44444543        8342480.88888741        8302520.22222065     
   8644099.77777818        9846677.77778092        9961761.77777699     
   10156632.8888931        9885939.55555538        9381632.44443844     
   9198589.33333024        9224660.66666438        9398729.33333217     
   9927974.22222145        10686490.4444479        9737897.33333394     
   10311369.5555539        11041285.1111111        10793457.7777729     
   9676397.99999922        9051870.66666552        8643316.00000028     
   8713111.33333677        8315740.00000347        8193086.22222078     
   7884474.00000073        8149087.11110893        7292342.00000084     
   6563525.11111252        6234436.00000032        5772049.55555551     
   7218715.33333539        6308183.11111159        5635536.44444452     
   5721317.77777513        6231305.11110745        5992617.77777711     
   6556907.11110983        7058188.22222011        6902734.88889126     
   6252528.22222438        6839808.22222012        6449039.99999922     
   6461242.22222191        7007694.00000023        5845027.33333080     
   6719492.66666728        6115123.55555319        6068654.88888671     
   6633985.55555646        7032489.55555571        6583164.66666751     
   6931125.11111284        6831397.33333383        8012933.77777882     
   8472127.77777724        9125766.44444314        8878067.77777724     
   8133620.66666416        7929413.33333350        8446113.33333362     
   8653278.66666682        8663834.66666577        7561080.88888922     
   7383377.33333198        7843695.33333359        9098887.33333250     
   11124612.6666691        10581324.8888893        9911492.22222143     
   9819847.55555774        9669197.11110875        9679974.44444341     
   10013989.7777772        9866820.88888760        11022651.9999974     
   10335584.0000004        10944372.8888911        10991812.6666658     
   11061389.1111122        11143084.8888874        10581053.1111102     
   10419574.6666689        10421889.5555549        11451872.0000003     
   11700439.1111075        11674195.3333361        11293676.2222212     
   10036804.4444430        10125682.8888840        10377352.0000005     
   9647363.33333256        9893806.44444235        9791625.11111429     
   11159804.2222214        10626787.5555569        9259892.44444324     
   9481307.99999998        8740523.77777901        8989790.66666458     
   8810960.66666558        8597410.88888907        8844036.88889167     
   9519069.11110836        9012874.44444254        9428762.88888958     
   9775363.11110869        11664926.6666716        12394256.2222185     
   11929766.6666649        11375326.8888914        10136204.2222217     
   9863667.77777611        9480448.22222103        9812264.66666705     
   9324875.77778119        10061149.1111125        9710561.99999946     
   10671913.9999993        10792642.8888871        10907824.2222215     
   10796914.0000018        9991369.11110879        9769947.33333183     
   10101020.2222225        11373778.4444441        10689190.4444448     
   9800957.77777762        9564377.11111390        9569361.55555842     
   10159729.5555574        10723419.7777790        10344329.7777754     
   9775574.00000207        9776202.44444593        10072052.8888893     
   9730995.11111305        8051816.44444535        8058330.88888871     
   8875514.44444327        8336482.88888899        7868315.99999671     
   7056000.66666739        7147148.44444490        6977644.22222233     
   6944217.99999918        6839514.66666442        6255345.99999905     
   5941688.66666816        5883135.55555634        5829192.44444503     
   5583751.77777757        5814012.66666977        6088056.44444447     
   7058514.88888806        6515409.55555538        5818445.99999973     
   5704800.44444325        4871359.55555710        5199603.99999988     
   5615432.88888615        5863982.44444545        5537282.88888634     
   4943057.55555564        4999982.00000119        4904927.77777556     
   4399509.11111047        5166369.11111169        4501038.22222335     
   4683596.44444363        4995867.55555476        4988291.33333425     
   5151233.77777871        4951551.77777737        5138325.99999992     
   5060754.44444268        5131781.11111141        6057489.33333286     
   5585760.22222172        5886773.55555266        6022768.22222027     
   7062833.33333278        7713694.66666523        7299449.55555866     
   6927884.22222173        6605008.00000085        6571498.22222292     
   6674899.55555820        6356840.44444403        5862595.55555693     
   6067542.66666716        6617616.88889147        6136667.55555712     
   6354134.66666880        6265104.22222168        5925166.88888900     
   6818776.66666920        7253895.11111036        6824839.33333258     
   7220969.33333025        7721131.99999872        7477462.22222272     
   7303936.88888913        7186892.88888948        7036285.33333133     
   7065378.88888603        6650590.44444364        7166277.33333079     
   7540599.11110984        8328688.44444627        9345886.00000007     
   9256785.77777695        8636380.22222212        8175455.99999963     
   7738565.33332996        7293158.22221923        8291118.44444397     
   9490624.22222026        9875699.77777918        9611806.66666370     
   8302007.99999882        8786983.55555582        9030051.33333538     
   8932068.22222262        9044644.22222329        8799880.88888702     
   8382339.33333586        7998171.77777941        8382690.44444392     
   8685997.55555619        8684724.00000041        8520676.22222507     
   7890200.66666444        7928855.77778017        7823180.66666584     
   8409129.11111166        8433610.44444508        7477193.33333342     
   6623334.22222036        6395928.22222404        7504572.88889003     
   7502456.44444393        6946061.11111036        7001721.11111366     
   6495826.88888742        6930272.22222249        6284013.55555492     
   5812112.44444279        5566749.33333207        5854197.99999930     
   6117846.00000117        5632355.77777679        6945822.66666767     
   7426006.22222171        7266497.33333413        6256706.22222239     
   6448346.66666618        6469294.88888805     
   2593550.03658259     
   4761497.50910958        4833671.57099894        4767049.87739496     
   4605016.28242858        4844210.71317864        4480450.13277678     
   4957337.89883426        4221371.98148725        4646140.98076346     
   4463366.08386566        4660976.59000424        4898538.59279684     
   4841402.10813813        4564777.73110793        4191092.30352381     
   4285315.71744334        4332613.58971701        4363399.07904042     
   4004506.51296768        4145354.11950972        3729442.61266013     
   3839236.07329422        3859227.57047513        4194434.89332082     
   3694554.08884244        3817414.31096660        4012581.84659516     
   3797740.24305878        3837921.96130793        4363445.07006602     
   3942188.14543320        4040727.81008700        3894821.91861476     
   3602326.34582282        4033750.91678355        4220895.21120882     
   4106986.46939168        4098994.58826435        3595475.40170522     
   3841261.18901786        3921342.31824889        3982742.91398768     
   3706774.11558203        4066650.79929360        4267400.36875300     
   4447600.56184740        4435773.83947731        4124296.90426044     
   4270163.30198836        4089632.54733857        4233981.00826336     
   4082742.81734490        4066312.64522022        3936525.16575019     
   4674052.01987335        4058731.58957132        4275692.51691006     
   4042705.02572359        3806994.99379305        3837947.71942437     
   3960614.21708367        3488728.05637890        3569404.96602262     
   3774412.68487207        3721788.33134128        3646855.32329351     
   3860512.43078100        3787403.24429394        3618879.71084056     
   4158325.32834691        4724318.41153893        4747073.17336995     
   4827532.71888601        4414744.07508192        4227490.24005178     
   4550390.52433780        4160720.59824416        4203967.61846587     
   4086622.50760872        4307358.22414369        4223083.58564756     
   4255559.63161479        4419454.01654192        4441376.56178773     
   4398955.18219127        4505335.49477929        4763248.21281577     
   4176338.90802909        4327456.94563278        4504856.49517827     
   4731271.67652860        4668644.03394968        4497394.74052180     
   4467809.51161643        4320909.19135309        4292984.61745758     
   4134999.99550312        4133292.24893156        4205925.38426872     
   4407679.29537720        4737882.68354783        4316833.72291641     
   4503897.51752853        4354447.04752482        4420183.98476556     
   4102317.37406806        4209315.70659792        3730360.73458350     
   4015832.64578757        3810207.39378661        4135905.38156548     
   4391018.46400039        4583497.04108792        4403655.83230163     
   4702717.58902972        4527458.58656551        4092404.44613734     
   4476654.44538703        4283262.26647877        4283530.20678434     
   3875525.14099874        4071414.76971647        4230235.59266350     
   4059916.54353832        4675266.27133337        4730189.01069871     
   4797412.79721843        4717143.56080996        4647709.41162730     
   4966302.39562733        4953382.36889118        4950844.65629736     
   5144193.51819437        4670516.80525731        4876077.03953634     
   4458784.29275947        4285235.23087972        4337568.85698039     
   4363809.46874881        4299947.28672206        3844180.94061142     
   4005230.65394551        3754133.05730404        4261999.55430282     
   4006992.75133513        4078000.38497858        3936230.72693243     
   3815075.37394145        4692263.22456750        4390136.96653195     
   4325824.99920037        4422616.91817386        4329983.45136909     
   4328386.33563149        4291552.20841298        4471581.68154012     
   4433781.12279748        4254011.35526254        4481565.15730670     
   4229032.61555470        4031507.79530119        4512330.94680419     
   4434316.69626976        4278569.40872774        4170583.58036606     
   4295543.81553956        4332246.05378942        4550536.07098786     
   4786718.01741404        4478481.16280828        4365207.24183718     
   4348147.67621210        3957014.02941698        4366458.11736013     
   4146108.84346241        4407172.12316719        4647132.38056024     
   4223089.00643688        3808122.71046697        4644156.57796989     
   4630357.13974020        4289397.85621428        4167643.79904342     
   4066750.83471702        3858666.37092493        4242684.97487596     
   4200595.55788838        3918054.80007121        3927426.35419983     
   3614904.50258326        3826326.93883903        3558245.67352078     
   3292518.48774158        3540385.91813598        3445640.46822595     
   3888038.07355250        3995527.53620377        4202818.02320933     
   4092331.67232242        3989905.17290167        4363500.04108762     
   4797885.91362486        4349494.68758749        4465274.63707953     
   4592392.20124524        4705123.15079883        4712100.43570633     
   4246791.99148409        4472452.27851449        5034585.83967810     
   4579077.29663559        4408797.27374217        4010384.90875734     
   4529041.99967405        4393008.51237463        4316043.78664959     
   4807807.36669378        4739305.01241712        4678130.22367914     
   4598013.58268041        4764532.89829334        5070682.35103057     
   4477339.96585663        4847675.32410254        4815546.97039250     
   4551539.56063784        4314894.13372933        4528363.75069374     
   4142780.41878660        4305776.45558144        4290925.63917870     
   4522324.14579611        4357602.16677861        4138996.23913642     
   4670137.74944554        4336314.74726630        4577097.77689832     
   4401459.74087273        4163482.50992400        4589327.78483917     
   4234475.90869025        4562703.39663656        4628616.05956976     
   4966004.47122517        4786012.52442206        4998131.26250249     
   4597277.14424121        4588918.61541632        4772739.13982371     
   4881909.60066376        5118707.40819673        4932257.69557458     
   4899352.81676111        4583031.30354277        5055412.55035498     
   4841493.49201144        4761760.81633527        5037345.01212522     
   4694761.94730933        4675161.90201997        4706408.48630006     
   4898818.04632665        5250630.49028018        4459606.89173583     
   4515261.63848393        5158742.38436121        4860187.76265582     
   4658568.71480593        4466686.94347367        4230377.20923002     
   4247166.54096604        4240922.06140313        4336178.35687305     
   4680848.70247983        5208849.94278333        4816041.49807141     
   4646264.91253905        4580472.39950771        4494155.69629896     
   4578825.89610996        4676571.99333949        4579325.03255352     
   4474902.14931105        4143014.45251196        3998115.40324642     
   4250701.81494939        4238473.43513349        4624516.54613145     
   4389598.66032686        4502322.07554899        5204989.97795433     
   4656707.73687641        4747567.70274692        4572399.50079160     
   4565639.71201295        4666481.22276615        4408534.99817891     
   4393986.00514981        4755641.00345356        4550220.85436775     
   4393808.95352151        4468448.37363078        4346237.12362134     
   4420292.10037220        4664658.94289141        4855620.16681389     
   4769026.94845958        4752632.11889611        4602703.63424940     
   4701100.14741228        4757872.08698539        4635522.84511132     
   4824917.45188556        4651033.07078430        4283327.32559236     
   4224982.11124007        4140699.87440744        4584182.56576474     
   4626122.08882128        4487232.94712416        4503584.55970206     
   4627831.92817969        4636274.29201830        4509695.75285480     
   4499421.09352617        4548482.26748804        4496499.07527331     
   4525600.79682156        4553866.35282078        4523003.45634318     
   3929547.22204019        4147256.68345816        4771896.66321061     
   4505047.80672232        4065229.80171800        4278315.93250545     
   4294042.95416698        4005388.07312641        3992799.78526194     
   3853434.17008676        3662203.18615630        3699579.71387159     
   3927973.21209399        3449676.90960925        3384008.70505605     
   4071825.64953032        3955523.35067889        4110767.41544280     
   4727526.67441955        5065356.03052610        5172786.16977614     
   4644592.18650538        4671825.30529522        4610634.31451802     
   4723232.75332602        4616454.34327734        4032183.24187456     
   4048996.65422172        4004515.66314850        3916456.56592751     
   4504126.11344581        3994094.37956308        3879870.69456439     
   4055306.93505511        4366291.93335703        4438725.82757413     
   3986272.13153726        4105619.49976018        4773550.03283133     
   4456936.88687040        4422018.49902997        4284930.22894845     
   4347168.02122220        4081983.12329145        4286535.48537225     
   4364365.01849715        4493802.70444451        3921942.90585229     
   3992476.36200389        4335970.82774218        4280567.65869321     
   4144566.77105435        4088559.93532916        3731278.65129054     
   4193264.15977643        4314700.76940134        4548111.47193740     
   4372041.51356382        4453807.25852774        4405646.44389397     
   4658680.10381075        4569345.91260024        4518373.14371865     
   4303904.59085512        4438487.81525174        4158081.93101134     
   4124919.00369965        4289692.21304533        4347900.30194701     
   4485345.05478519        4199064.03734348        4448228.66819161     
   4258542.41023439        4342080.46481092        4201605.74223692     
   4515517.87812609        4755940.23838250        4587445.26579260     
   4505703.53508336        4605566.78704997        4356036.98035434     
   4418481.49188723        4692801.09702754        4986468.98806128     
   4561774.26300117        4294496.84620989        4464268.67898571     
   4515753.99702140        4313623.36518880        4589043.32242400     
   4136818.05028723        3909050.63808151        4361309.33258898     
   4215595.00833382        4387036.11582031        4580449.00989112     
   4719174.88925370        4817306.38402465        4528036.53166229     
   4199521.12527936        4620266.98508757        4630520.31190142     
   4336915.35936056        4307073.77043853        4449025.38847626     
   4054857.04778055        4492880.35696737        4073943.08847381     
   4184813.91551977        4226664.68012208        4639581.73284397     
   4575868.36084444        4948958.58138999        4502041.57030535     
   4494672.14269722        4533241.81793812        4689343.77856625     
   4390658.07063109        4368827.91474964        4628513.55441596     
   4590081.06703100        4670749.53724728        4606859.52294613     
   4854189.14872910        4679594.31594221        4622963.90810044     
   4914968.33677217        4507393.25673920        4290788.09741897     
   4588635.53665301        4253792.64235858        4429213.73591007     
   4550252.19923677        4422387.28085100        4541439.44846053     
   4921055.26824390        4901030.64098481        5272262.09710981     
   5037922.77300534        4493767.07511294        4465671.23167602     
   4010764.34708750        4288093.85879799        4219507.18034180     
   4608222.27393444        4547148.81759053        4443472.21930270     
   4473122.26491208        4492103.95192678        4469627.48567959     
   4395834.72343439        4162577.42294165        4287937.15461529     
   4740292.51386250        4776452.63575620        4812331.56374115     
   4878466.59064899        5026962.42057620        4657497.30456442     
   4507721.37809238        4700363.67586323        4812531.35599388     
   4276358.59200306        4215672.26097253        4404824.39233627     
   4605575.34327923        4497464.40170931        4419748.74475468     
   4336767.62416007        4165164.95098959        4118021.25205786     
   4392207.89693313        4637194.98670740        4504862.31605317     
   4189274.64354891        4241854.46888655        4350391.98568143     
   4133219.47985396        4096455.45882059        4070295.44964866     
   4540232.18176655        4909646.00571029        4869976.50555762     
   4709865.00456791        4701026.86532068        4702539.84159476     
   4579740.41650597        5073801.30799220        4812584.19196840     
   4515062.14061853        4595831.10764540        4443807.08007977     
   4398316.82806161        3899442.52847098        3663857.90361950     
   4205700.70345313        4188201.80139583        3986017.40921097     
   4398987.54009188        3596854.76436558        3880576.29447305     
   3562272.37180996        3750730.44943131        4003359.60975721     
   4054670.13084857        4032936.59492511        4513345.26151111     
   4542113.89486542        4118273.63625139        3915855.40423461     
   3912774.97658006        4427403.23741001        4409165.04535371     
   4325682.80736293        4194048.86120741        3978805.23088771     
   4030492.78407819        4041456.63986239        4312695.04133012     
   4010155.79808648        3776004.51513014        3725247.63736818     
   3598199.31679556        4533678.33643094        4264750.50238251     
   4528577.27443189        4312303.16433831        4292535.83028677     
   4497605.72691114        4438084.16560259        4830753.73165514     
   4435178.06261278        4425008.93815278        4508237.59869898     
   4485343.48612001        4606980.20610668        4539142.72471388     
   4759159.10271274        5045199.69785274        4922445.30111117     
   4766824.00385457        5137747.00717051        5000782.27177042     
   4831530.75585494        4903698.43720282        4611311.56428728     
   4519224.81698093        4235686.59592807        4365704.56676658     
   4399083.04776609        4504175.13846778        4416152.41267022     
   4212078.85103911        4243916.95103721        4015713.02292234     
   4426835.46895719        4098245.79142346        3916801.97296430     
   3808187.63638904        4211330.33590304        4184589.13838225     
   4127827.97187454        3951259.51236825        4074965.31006388     
   3842233.07061811        4149444.45230282        3867586.30068663     
   4064450.09332338        4283169.76212284        3920792.64828136     
   4251983.55214336        3646560.09521543        3786977.03312827     
   3916403.75846116        4040141.48459750        3908193.74777393     
   3894265.60610517        4369612.08121607        4680271.00695262     
   4607872.99371662        4715731.75408211        4724299.01533614     
   4448572.64750776        4374847.91107000        4654663.03152784     
   4742136.51025704        4242255.34993489        4447236.83077473     
   4271902.84930202        4582755.20074622        5100291.73623002     
   4987356.97871737        4812918.81923708        4700228.53190017     
   4855840.04576844        4787331.99098926        5101185.37831193     
   4697285.44808160        4663105.37242530        4885582.38355605     
   4572031.35154876        5058697.73434674        4863019.48976814     
   4711943.53161292        5059081.68607732        5139635.70835586     
   4817828.53976643        4965080.80668856        5201415.94711264     
   5203661.05544169        5191927.49797991        4850241.54069300     
   4941573.61645766        4677663.41422794        4759085.68535533     
   4557844.03581334        4445648.37066792        4450430.32117549     
   4894476.87302913        4622661.86526395        4453450.29596327     
   4334967.47171023        4018818.58196932        4101527.37657238     
   4515313.34378113        4246391.46322741        4527508.72006160     
   4705516.10907059        4655264.26107602        4280473.37801277     
   4440291.25370864        5132618.35304434        5092225.20186801     
   5216036.64607820        5236050.83437254        4814919.98034992     
   4783623.26332929        4798440.03432978        4890053.09643200     
   4715153.17060285        5046353.66858026        5102742.67596365     
   5047961.02169493        5083976.18827898        5064159.67960668     
   4711680.82193308        4823888.46517801        4457140.53467286     
   4907701.80960456        4812631.99102143        4652517.75487936     
   4459892.04820877        4274527.62210193        4297058.09181555     
   5009116.74730473        4783012.92047368        4548944.27738132     
   4822012.17153164        5027541.88976091        4827666.27361616     
   4826459.42015792        4300905.32512799        4412851.27636516     
   5049209.10739330        4643713.45296158        4407161.77870073     
   4263764.24687136        4296190.65602763        4438596.76422404     
   4119950.95486924        4258297.07154584        4049594.34085446     
   3946011.84201595        3699874.65132185        3577413.24514838     
   3686025.00920446        3661010.79041287        3698099.74378754     
   4026685.95729188        4440165.94025313        4068004.20232141     
   3726072.94396276        3563756.44539765        3796677.15030452     
   3902949.97517054        4095828.44111799        3714495.40013073     
   3791771.92659248        3580892.81877970        3762219.78226477     
   3362416.60103308        3428774.71299084        3625177.05560634     
   3431081.44702259        3858409.30160558        3817058.71044685     
   4283423.55568936        3751093.30968474        3968130.21379041     
   3660693.76503662        4040742.75877046        4229304.55037552     
   4187603.94766070        4159981.51349059        3675732.43294132     
   4237010.02528861        4503605.81252204        4797179.81729307     
   4272749.02670249        4206972.52847159        4097486.99411242     
   3777963.37113225        4030832.51694315        4039315.22841638     
   4324330.53790165        4374806.32121912        4270348.65337729     
   4343206.41502584        4495907.28417627        4155478.21835718     
   4472559.79133156        4448044.19858526        4321025.61420768     
   4449655.79729533        4421957.08652602        4117711.99503697     
   4151682.81424685        4058334.75928461        4269272.05177932     
   4162134.71545352        4103068.00916681        3801623.52506191     
   4021353.60905094        4480916.04897735        4635439.82700287     
   4745880.33165304        4269883.89522419        4337883.81108265     
   4169729.57510160        4230089.73036089        4482062.60743524     
   4665741.14880467        4429355.44997435        4565400.17946834     
   4388116.09286065        4254645.51773461        4382658.17316611     
   4703137.55711803        4507480.52293189        4369183.66319040     
   4106317.46719702        4166044.41668421        4117171.94170541     
   4290781.72567344        4344169.17902075        4246575.97961874     
   3991087.61824599        4076975.00988620        4444175.06298812     
   4705126.71007059        4613333.89572213        4187192.02796792     
   4046852.29275205        4146173.94398207        4288583.17653370     
   4093823.37351282        3939725.57953307        4092596.75688192     
   4062432.56282912        4195764.38897462        3790398.42205276     
   3893859.81837985        3843642.92542989        3844333.46839586     
   3805639.57181259        3524784.91168280        4056459.69611101     
   4052104.93306601        3974572.61074351        3865466.93065739     
   3841916.01333698        3893780.92166248     
   3890.84946509260     
   6891.67279262733        6895.16360690828        7020.10763612786     
   6830.19950916148        6907.89808500287        7083.54680358754     
   6979.03049563497        6350.00648410138        6753.91243393376     
   6671.98946847759        6908.72322540830        7097.08804025988     
   7234.90675690393        6732.19509858595        6128.55231684780     
   6122.70845603049        5854.08824064227        5488.05637655464     
   5515.52265100660        5501.64936590363        4660.60136388811     
   4514.94945862935        5223.21355941437        5359.71647954511     
   5102.11772919918        4919.25663535788        5043.78140567348     
   4674.97871019594        4787.32831117919        5389.03223214973     
   4879.98134583746        4717.63400988665        4874.55969514054     
   4626.29069192941        5250.94366531584        5453.53580848244     
   5649.57629718206        5680.06220202150        4620.74646184270     
   4854.58229707118        4865.73905255804        5136.95959498474     
   5271.59023519744        5525.04817989252        5701.23270576012     
   5933.17708114130        6211.97021626964        5994.82470719478     
   5996.36640393800        5799.08328996344        6131.81221904472     
   6065.71481499516        6012.07559173451        5762.38638043077     
   6201.81236290584        5850.53162096319        5649.66428776459     
   5433.63415537846        5318.71435151162        4939.26122939765     
   5180.14423140253        4702.66676540885        4577.19269088638     
   4961.61550502674        5061.48410526059        4706.52860157038     
   5137.48710731836        5206.44477069548        5085.15815233879     
   5517.78691559477        6351.30681565560        6800.20283030707     
   6895.18199608797        6476.32584497626        6089.26940000321     
   6474.01209392549        6021.72118139452        5721.58159099204     
   6061.42028257424        6058.88135974590        6147.20047010210     
   6386.06405841355        6604.88884439647        6653.82343897719     
   6819.76420444418        6700.50281073264        7182.22659630759     
   6198.84416965983        6342.60577124743        6146.06534100298     
   6823.12522728342        6795.82551259997        7177.13648234125     
   6542.17191642804        6154.78130256903        6020.62363991998     
   5909.37362338607        5389.60470250013        5346.61951484652     
   6025.72545988441        6786.63247391943        6331.50823517580     
   6199.30500710082        6197.00209304391        5942.65934572536     
   5856.88699629261        5667.08867697812        5241.03094564761     
   6068.76519232508        5713.26181919294        5871.10828241157     
   6168.18282734043        6478.40632870335        6486.95272367416     
   6971.21353340075        6917.99112419427        6452.50014408532     
   7153.79092659799        6891.67607642375        6256.74888673153     
   5957.03783468048        6147.71878802475        6583.76607180352     
   6713.95831136260        7484.49648725127        7607.98328893843     
   8102.44145121138        7640.10357253222        7825.28969398345     
   7707.36132028759        7877.56219558901        7982.19821963962     
   8348.77016061778        7924.99647855443        7561.87792092865     
   7127.54978116675        7022.34402331489        7231.80781721505     
   6633.15924877435        6624.14936975710        6189.23986425806     
   6391.24920090110        6054.75319784134        6421.80367297718     
   6128.58242907368        5887.25303716441        5667.78637663381     
   5463.60052422476        6233.73220070062        6211.18180610242     
   6097.22328850480        6180.09542357206        5936.24488786845     
   6296.34116434802        6111.46957015232        6211.15215759050     
   6158.92467817642        6558.81404172694        6273.84907917329     
   6236.52974643947        5896.35169356784        5978.63832572074     
   6148.31323396256        6329.65268070326        6197.30095240919     
   6731.10166646978        6300.74675974026        7359.91151017328     
   7727.27567961105        6416.47157447845        6486.59907134462     
   6278.47010025455        6134.41213354082        6376.17135564502     
   6463.81743757112        6662.95659698735        6574.53199874451     
   5876.47318260017        5847.53532784240        6703.05257282902     
   6855.41611911474        6021.72531802540        5801.31467663055     
   5660.59252317143        5644.65425378455        5694.97507399548     
   5563.01144084688        5398.98500922748        5354.96526175701     
   5244.27486602443        5103.61101010672        5185.00621869633     
   4548.59418724344        4625.91330170622        4477.98862627717     
   4885.14224359641        5382.06579050294        5888.43360796113     
   5519.75808381268        5518.98884685027        6104.59401345843     
   7094.32958847051        6995.10707426583        7118.98925381970     
   7153.55414231630        6902.06807190476        6986.65538178553     
   6153.20488334031        6443.86762044517        6677.83539562291     
   6262.93463947872        6458.05997110863        6216.97816334798     
   6385.28272392432        6647.09179008385        6685.94670177671     
   6518.43054052084        6666.74294711918        6886.33134366815     
   7240.79567213974        7200.80478784349        7467.44182756592     
   6674.61300505925        6801.31837534834        7143.32198101072     
   6831.14983178400        6180.39007747348        6592.44850666254     
   6049.09214096286        6338.01727133208        6184.61920678351     
   6494.73324381027        5982.93990125281        5754.10541678940     
   6329.24620316897        6764.71615495012        6764.22608797262     
   6424.92420623238        6242.01222732836        6576.93563690246     
   6052.62345439801        6413.78485399944        6857.68191716190     
   7414.98635368229        7166.63391287451        6834.79125170134     
   7008.56297721540        7139.72961469657        6809.61354083330     
   7195.84842017659        7820.87459105409        7567.65335424002     
   7734.10212255556        7797.73561203380        8059.47353799407     
   7898.89652572372        8146.59351699745        8279.56836620344     
   8037.40620994616        8200.07187094594        7550.50064369988     
   7777.42431932404        8164.60718997725        7510.44020544493     
   7474.87891684983        7946.78445031276        7366.33139376725     
   6932.63429337970        6750.26527500278        6504.00886272257     
   6607.28760801018        6661.86652450576        6366.98506338813     
   7064.21208689123        8113.45971519027        7282.52772729636     
   7052.92912307202        7151.75971303308        6834.10094087718     
   7062.90294696489        7652.95779825300        7663.72310623998     
   7411.47603743062        6809.39469855379        6706.44172993677     
   7052.61490654646        6748.71348343557        6718.21307393867     
   6963.24272434288        7094.59144557425        7672.48645896132     
   7107.10462187115        6936.05384527800        7236.26979061323     
   7184.52676602448        7382.05784796438        6768.54658352759     
   6871.85674627049        7473.04277666069        7145.81751442582     
   6957.78418022507        7437.05590807800        6554.82271405851     
   6641.77366008501        7398.67890744324        7788.45131359115     
   7895.36426746848        7675.42957739764        7701.41926630659     
   7476.32887847608        7335.91062769406        7194.66443928232     
   7638.89442025000        7162.48412836370        6621.43639208756     
   6411.88432789967        6372.73562372358        6968.42086712860     
   7144.08962548200        7204.78805700166        7020.97114956878     
   7401.41481279332        7007.22808317422        6896.31367615806     
   6545.74813833301        6589.47806524234        6683.09836164540     
   6361.70199814632        6469.85509415887        6280.10203916468     
   5539.50680155164        5809.88880181019        6449.92088269724     
   6153.94839166640        6089.01782991679        5616.13641464525     
   5827.82837073671        5473.19090746212        5615.52486172235     
   5018.63731498748        4493.73720095313        4460.40407295062     
   5281.11870050700        4780.24072702806        4720.76043743621     
   5470.75019796432        5029.13961955243        5661.97211407070     
   6458.16263723462        7196.34168612180        7533.84922686397     
   7107.76110870816        6869.00908806525        7302.31158445890     
   7550.32415597843        6669.86657832134        6021.24957731203     
   5959.24244977282        5580.68002871280        5866.44890258833     
   6617.13344531517        6423.97546541078        5982.08193270708     
   6191.50532598265        6202.68310918870        6667.07564601413     
   6048.73583035877        5985.95539224431        6374.63133725761     
   6174.06377185084        6088.41222373065        6467.86503021953     
   6411.67463732647        5902.78970986390        5742.74496746339     
   5871.58926711761        6160.44150738529        5178.87927101326     
   5432.44102958535        6161.63625955698        5787.02663303595     
   6033.07609659898        5769.17685632737        5605.04174559966     
   6314.58903511017        6657.81307798901        6722.51310115752     
   6856.52704546620        6825.04448141136        6704.12442145855     
   7241.81472682634        7537.60004944527        7226.25662811446     
   6961.01963974142        7018.48318170785        6716.20181331371     
   6260.83695912183        6359.02137653827        6460.06778610203     
   6374.95742871967        5999.32705177790        6267.05375452142     
   6225.08302736022        5873.51891093611        6233.71321688933     
   6386.11032165420        6661.91006167645        6299.93106374145     
   6580.70869733551        7078.84184197424        6551.24500372441     
   6845.94591043247        7102.15453782758        7113.98535900503     
   7189.28643252899        6675.12854144280        6683.45164189151     
   6981.89278779167        6678.70513375047        6785.02879213311     
   6228.67188716783        6051.15464689686        6023.67690246794     
   5983.16351207356        6034.12695920965        6347.62490423418     
   6635.65438984999        7047.15857969411        6723.78843035147     
   6555.46120729634        6993.70357270228        6869.71809448647     
   6542.85358952586        6661.86386270487        6508.54736653618     
   6190.78478122499        6207.64501933458        5620.08277169531     
   5806.31112726056        5798.07655894955        6112.66553686639     
   6365.28357506617        6806.27790980048        6635.08499963255     
   6407.07964282911        6496.41383628733        6516.70985181253     
   6056.16978534305        6423.56071067419        6594.92774667312     
   7073.78266189803        6884.77983170495        6959.86012286977     
   7053.77236790790        6847.70157111467        7269.75263422837     
   6984.38729905570        6562.74373084604        5913.08012506617     
   6992.51795160088        6288.82486294277        5904.58001794346     
   6148.77563095446        6463.72838722953        6818.76168730397     
   7093.06824939009        7277.68412144801        7683.33114751620     
   7221.98049726715        7120.62784131125        7158.49312585461     
   6478.14150207122        6760.78239193748        6606.53587770071     
   6823.14780047731        6981.07708256505        6805.88643200134     
   6943.89551477405        7126.96897603358        7229.37675136910     
   7408.91490416038        7144.45044725338        6959.51383310830     
   7433.61798895438        7681.44356130247        7601.81101432181     
   7731.01384809351        7970.02396207642        7463.77833110567     
   7287.58473250699        7469.96029889784        7529.72838798144     
   7135.31199630841        7004.78289411073        6943.83281450777     
   7086.53129099718        6717.16704724069        7106.98815789946     
   6628.29963471378        6521.87314828937        6339.13542828937     
   6798.30261434618        6525.60328131358        6864.83353457609     
   6387.62300005806        6180.65305766867        6306.03559285324     
   6203.27321421938        5884.81884042055        6147.91918949001     
   6950.11806147429        7624.22959116334        7768.82051340683     
   7394.69518558368        7548.24166796816        7508.57598993156     
   7574.51877468594        7307.96982797664        7210.52813178159     
   6588.56328014168        6458.30873732690        6249.23206427290     
   6408.32448080170        5673.51715863872        5279.55293365290     
   5882.02735973550        5929.24334738633        5906.56461853694     
   6126.60204637416        5433.31433593009        5452.57008192104     
   5167.93271976128        5438.62846949230        5981.78194844385     
   5616.41894416480        5691.20524284830        6241.47279750829     
   6051.56185885753        5991.57829854863        5554.81434130104     
   5446.77473070279        6161.43960737946        6103.55677096551     
   6020.88913110801        5906.83729575882        5800.25237561440     
   5526.53512867226        5798.52626449018        5584.16297280866     
   5509.16579996774        5145.03563533870        4802.27124539813     
   4698.23016803197        6363.65038008376        6455.24994842160     
   6767.75557558468        6686.30161325794        6558.75195867915     
   6687.98389593231        7501.10433796190        7485.04058305565     
   7362.02418688085        7280.39658014851        7379.35691726801     
   7177.88104054880        7181.51666651621        7062.80726662286     
   7653.40777315623        8261.71137662171        7709.36243584994     
   7750.93946671251        8183.80417259116        8053.95392189530     
   7336.12812644672        7152.29318180351        6967.22255195371     
   6605.46796370436        6551.92071703574        6565.11177847463     
   6427.02427101678        6614.62137783032        6026.13443824945     
   5829.58906770522        5443.45997804955        5166.42740615012     
   5929.63197739498        5454.52915288644        4986.59057979570     
   5012.17398713143        5626.59705572025        5554.82340859697     
   5543.73484298413        5466.68704560710        5642.61397565329     
   5468.74554874425        5860.99815955063        5558.62095866751     
   5573.59513220741        5992.64068275487        5348.86703752919     
   5873.72893734354        5365.94103277338        5377.81755349278     
   5400.71412252399        5825.36697767032        5498.58987936115     
   5610.65979397278        6048.95019169200        6714.43776676011     
   6741.19531911763        6979.90676313684        6750.38424587175     
   6683.72620105022        6526.33541201872        6693.62407668355     
   7056.57329220948        6370.11733157292        6346.04020071256     
   6206.17878814607        6503.79145120468        7140.60931648906     
   8007.41013555553        7616.69864547519        7518.04366074516     
   7291.80435834880        7613.33892372006        7732.58030201850     
   7708.07606890103        7463.40942063013        7912.56339861526     
   7423.87629697586        8098.81430631729        8005.05461812554     
   8151.61433541107        7860.23652829983        8043.51858096820     
   7734.46394099779        7930.24517437639        8485.70315819308     
   8571.42683828263        8651.39568828481        8414.70488062466     
   7637.69882193606        7722.98428554395        7439.73794245618     
   7265.67730514739        7483.45564811690        7205.71283963269     
   7874.11500442996        7714.63161219252        6875.34585316204     
   7104.54726362723        6608.18844925308        6733.75640056311     
   6935.42303968368        6587.02428407739        7061.16535845578     
   7181.92442916969        7169.28822956956        6891.64980600175     
   7006.56776713920        8408.63614656968        8506.45266442102     
   8768.59534633064        8190.40838987436        7563.75552913131     
   7678.62774150728        7354.85370894967        7451.66373642320     
   7271.11763408706        7933.13437815529        7673.24758217796     
   7990.42593359340        8123.62926122053        7988.43415601477     
   7918.32007877313        7661.80652555245        7284.11729609392     
   7273.08428473291        8016.75242924294        7471.00513392360     
   7268.75117105715        6905.37394276569        7115.21815902247     
   7544.36766493406        7824.23612389031        7578.15541486483     
   7143.53880827644        7550.24598830956        7384.97904347327     
   7428.61158136272        6402.64038304403        6596.04497835152     
   7408.64280772480        6956.76688566170        6541.87215042951     
   5904.67197059943        5898.29318313417        6123.99353530674     
   5899.67174225291        5895.60210323614        5477.75714454638     
   5494.42356805780        4974.35665865252        5227.60340741702     
   5029.09272917272        5192.06454715751        5225.16131718907     
   5883.57742449128        5758.11229689714        5232.32970249147     
   4953.14345158327        4577.67051293245        4963.36840123077     
   5026.15371664234        5229.80379692880        4920.70359800906     
   4543.76056792001        4701.00986801150        4710.76610387549     
   4272.61283234585        4598.58842047184        4455.85420633550     
   4391.27708377741        4883.45975604319        4889.90434550092     
   5211.26145073794        4936.30662790775        5171.39297987849     
   4903.52821045716        5119.64476473718        5628.11630748371     
   5176.19337117331        5322.21358104100        5303.25466832861     
   5912.73450989871        6594.13487798121        6642.07946963151     
   6078.23483589855        5814.32782258714        5727.64843940811     
   5533.35639007271        5578.60478989603        5354.85904978589     
   5712.80327194205        6065.62286475118        5492.12731236541     
   5773.91430932632        5801.27387113800        5392.61620656750     
   6178.44680283808        6315.45193774786        6111.20722099980     
   6263.13766044589        6524.00190053042        6524.79256114709     
   5963.97364280469        6085.07911403247        6160.40670868871     
   5996.68613931999        5628.64423389303        5748.58274419450     
   5937.87020254682        6385.51277159856        7155.24818409641     
   7043.58508110099        6696.48148208210        6396.28765048706     
   6242.53827734414        6002.31955759852        6686.33371110101     
   7337.89555789961        7316.96751465360        7200.17007818016     
   6468.29959702482        6839.12718533939        6872.16466675677     
   6910.62994398909        7053.10514591561        6719.46789133660     
   6424.41048369912        6169.44125864848        6338.39918286571     
   6708.75218389982        6570.96919801187        6393.62171756391     
   5971.59346824771        6470.28810608070        6714.65236220801     
   6789.84803929537        6688.83660191224        5958.14549219656     
   5668.39521714074        5688.99531952668        6217.94561184914     
   6010.99175358382        5656.25861014403        5672.21860180364     
   5437.18956147753        6033.08992014019        5395.43202751056     
   5301.43432077262        5170.69584901474        5338.55732955502     
   5463.65890815716        5220.00296283952        5593.21495001136     
   5928.47238354410        5635.30164982479        5188.39707246937     
   5413.94174993910        5276.80180571908     
   91113.0000000000     
   5574.31180162212        3165.75133732763        321.332412899324     
   1442.37435109848        1209.33906870173        2809.90422526174     
   4631.49873456829        3689.80359054136        1549.85466497017     
   3291.91693607746        2514.28404198106        602.438385452648     
   1791.41998189147        3050.66163142412        218.774718070441     
   2315.54738959441        7169.08066820233        1878.93738456857     
   2388.09965460893        1391.51355053023        2433.32386848694     
   605.294256042369        1919.66172340554        2022.57640205814     
   835.849440295407        1255.85969751850        1998.57393706887     
   906.616786191347        3240.99976964231        1983.37394162753     
   6905.21325660999        2941.12396341049        1289.43496557002     
   991.409838634829        1134.27852261006        1120.76010886464     
   3039.20996613178        2262.79833248493        1300.82087068430     
   650.706356143387        2669.26199302915        222.851849109714     
   1377.78846193950        1886.88497180181        1393.02603462544     
   1757.39378690473        245.726996760930        930.083775445038     
   376.063669661536        498.687613107665        1905.72995996950     
   1613.35081403570        4961.05116972421        1268.63596068304     
   1997.13660746286        2611.13938994165        892.215307197789     
   299.293358940493        2337.29521990758        914.301332712372     
   1501.09819009961        1145.71139928010        405.900001875196     
   671.195348762402        864.511483615268        661.087069964575     
   457.070814711407        314.906704072452        409.817429624911     
   706.827970955858        3906.62429189252        3293.98368453054     
   3111.86556856895        1380.73827564072        2106.89973894410     
   3027.57041461644        2564.41208627957        4113.14882822285     
   3646.65551942759        1514.55084366698        665.831197095526     
   431.123727314011        858.499124479014        3314.09690470354     
   1480.45888850219        3848.18228222590        6721.00960357301     
   1030.90352271110        1312.97710931291        874.281567211681     
   4095.68480379426        1488.47223591348        2095.41049640716     
   3011.27128477050        2157.36597844403        2687.42119648287     
   1282.88713069819        1964.63229088249        1136.43921417466     
   599.338262773017        2200.65496422506        1658.65957671406     
   2934.15338453689        1100.07383571147        3142.54738878615     
   196.369285976745        1854.85037077895        1788.40440801220     
   1098.08224174758        387.055013707500        364.386540901592     
   2585.81232708018        2454.70532066524        6451.32711337856     
   2762.43477101879        1149.94823360893        2886.57119856013     
   1259.94622286892        1677.28849572530        2221.37881462283     
   2183.97066762195        3436.20416103640        1846.94975510147     
   1466.23590142049        1941.13711869535        1817.17918306586     
   3250.14982870279        3298.66205148344        3674.28418852091     
   5403.09108659499        1151.62042099370        5136.75297117008     
   8748.88439711997        3546.16457305179        8417.11490453255     
   3415.70577410623        1648.80494431730        1847.59796257085     
   1344.03470197612        778.901126101702        924.400217199048     
   565.424799520084        1481.81166930784        894.479336185034     
   574.208480445706        772.353291229875        1839.00216786823     
   1112.26765158468        2090.75091807657        2005.56330456477     
   696.174822111308        1721.68601022208        2094.56500840363     
   3707.54944430446        1879.42588874839        2818.82882085462     
   2743.54281129534        1395.12096601198        2060.82064275140     
   3637.17665947684        1220.92225435017        4261.54136715451     
   4185.38168665825        2405.49791885946        735.414859786515     
   4336.60191324618        1032.86693374153        4810.91128891857     
   3719.73386586653        6411.94616103610        1976.87307831146     
   1766.27141094186        3386.24521433859        579.488083312229     
   574.293029246059        3980.96147602561        5111.89562386613     
   1375.42109552960        758.383950549235        4577.99813256678     
   4440.51238888072        2719.54974061723        695.028716150959     
   1227.67676406731        593.457423992869        4303.43060057413     
   1122.31956451561        1461.56692877874        1992.57097224377     
   2265.68238600811        723.521661870113        1253.95265235497     
   309.063442536905        208.055809047839        761.493467540017     
   2778.25479099606        985.453845365477        2154.12494109714     
   5390.60604707611        2330.48434432354        3241.64797711168     
   3336.13595866237        1586.87764521388        2407.64921611290     
   1342.48464063631        960.493160638873        1808.66793716360     
   2735.94281357467        5969.82169536498        2419.92758078647     
   2148.95806996443        2796.95886449650        1352.57413081183     
   3690.34846058809        3406.95967042522        1829.39178756138     
   962.757189626118        1653.59604300400        2213.00848338783     
   2679.30451164893        2304.64998865995        2880.27701008937     
   4619.12642678322        5785.60864801684        2630.94259784669     
   7361.63586385202        1319.57191574049        3088.56767691597     
   2029.18999710802        2505.03064549792        2887.79245900968     
   5501.66559349610        4461.79989794752        932.761154122901     
   1471.66581326542        3316.61458009185        6501.45515767708     
   1556.44007708660        322.300026947814        1499.59510031555     
   4045.06825531592        3717.95834105910        7291.28186764670     
   3398.21356674420        3484.48152603829        4382.99102170684     
   6086.77147487626        3228.97505136980        3473.52775923693     
   4321.95618216272        2017.48468541462        2612.16336985704     
   11754.9700221354        3156.96765640201        2047.90346491961     
   1633.75525785436        5558.15358644344        3687.36106964226     
   2673.98733153780        3310.88405029011        3170.27000099097     
   2109.35165415435        1500.30906796298        1953.90398754874     
   4268.31466549395        3610.93834843378        2159.77092209853     
   1147.32722079796        451.828789089486        2173.91875469103     
   834.073915487983        889.894912343640        2509.45536604975     
   8978.72561372558        5861.57104797895        2025.46045558131     
   3008.01145880131        2217.20774047206        2795.17394537792     
   4692.21416753331        1559.74687461154        3124.80153502305     
   4741.86310196315        507.847066479302        318.081981241286     
   1211.37763422137        2116.72618840741        2066.44783513049     
   3415.79032290659        1378.32393767507        3252.24476008933     
   6348.52516645977        1353.86115143944        3682.98332064618     
   3390.14385346601        3673.05353376021        821.410384057248     
   805.937953592544        6265.78007384708        3075.15260059320     
   1743.39626329064        947.773263341236        1460.71204646405     
   1230.94598434765        3023.02356801965        1516.17605949600     
   3288.55377268561        5914.01009282047        3433.87437187110     
   6644.99083774400        3455.30279560516        3876.99463452417     
   2408.41954962724        5434.97537863943        1594.49643155685     
   1307.90418129170        819.174538003453        995.111197228085     
   1718.94287136616        1489.11104907170        1605.06503160105     
   952.348292871479        1347.96152403699        3006.92171870787     
   2420.68851998965        1691.34238520629        1665.12286278554     
   4789.26679602806        2155.50590483625        5472.08290768350     
   442.716307273601        1671.27613658905        1191.60260924979     
   798.328561560723        511.661156806363        6127.35489904598     
   3072.47522191534        3638.56701752710        2292.71921349895     
   3379.55646479951        232.527989594622        1948.15466912469     
   2652.74679402676        585.509836759633        608.009211964833     
   1425.49277396122        1902.62044297872        1822.82516406725     
   3085.31724525793        1892.14578604603        5406.47303860913     
   2286.47199658393        4194.38143674033        2166.00874470240     
   2643.13641371990        5896.53667408073        3914.06458632364     
   1305.80924990516        1192.15687360766        608.657419434211     
   2288.43540761437        243.697825552444        725.165666321432     
   566.909100681847        1878.49585194450        2327.43119319966     
   2704.04912721907        2344.52883949339        580.333571315764     
   1120.74132024234        2612.16336985704        615.787701597362     
   2476.43436235611        1489.51500445117        1281.52495558138     
   4731.85816058798        1835.04716287392        1316.91332568493     
   1417.45124361648        2117.75016832281        2701.90722427678     
   1008.01898074873        1454.86878492851        1422.51477732654     
   1473.06556562682        1048.65877078535        3582.76480929374     
   245.013029113500        4650.98253589421        518.462638079251     
   4056.10657091764        4559.98923809147        906.992558637363     
   886.240525306136        769.262562861395        1188.28641741369     
   1980.88444917268        1598.60174552958        8415.64939199309     
   6166.95192054490        1247.80877286261        1026.55395664846     
   3637.94699299117        3513.19054091390        1839.24641995814     
   3332.47217731372        1902.37619088881        1921.05208145580     
   3388.61258074849        1843.23900219706        1253.09777004028     
   5086.04247958024        1529.85417653097        2928.61074095816     
   2721.50375733651        1278.50938170211        776.665280047908     
   2527.24819136861        2575.11220667988        1578.83611486914     
   2702.18905361130        1278.88515414812        3709.36254635649     
   1383.79142676460        934.630622041830        3552.79695672398     
   1380.84161306338        2352.11944290291        1928.76481091027     
   2665.72033772545        1808.22640453953        3111.57434492329     
   1909.57223323001        1085.36234444995        856.535713448581     
   1633.52040007560        2993.08389838333        744.461581424347     
   1380.86040168568        2681.30549992396        3190.74959929883     
   1228.08071944678        6330.88265011933        2944.06438280056     
   4507.24018098199        770.418063132894        1641.43041006424     
   539.562260923042        3020.17709174108        1489.77804516338     
   3656.29408266790        3610.90077118918        602.522934253001     
   979.225417072764        772.653909186688        1170.64390107325     
   5101.97523129132        2626.37696262759        5540.26681801308     
   4355.46569003618        4335.04245759522        2969.13779926097     
   1943.42933061604        3081.82256150998        3624.73859151371     
   1137.53834857925        3828.91455005644        4671.02999588916     
   1949.82685650946        6662.24818732727        2701.59721200882     
   972.489695977930        503.873272862684        307.043665639570     
   1423.82058657644        374.259961920659        919.421232289338     
   1205.59073855273        584.899206534857        1125.38210995064     
   1379.75187296993        1361.84631591728        1547.07394886965     
   4105.93399725934        1628.50383792129        9726.67248458672     
   1869.77793119693        4280.07634305425        4336.84616533609     
   1511.53526978770        2544.31765472888        1347.61393452443     
   1631.04969624305        1596.51620845419        2139.65770192553     
   2308.67075383232        828.033373418278        1798.44692663197     
   2202.44927765478        1859.00265630743        1454.75605319470     
   1860.74999818140        316.935875280938        3638.34155405949     
   2916.09751850583        1926.45381036728        2118.44534734794     
   448.268345163486        829.235845245528        652.096714193646     
   1655.52187678983        1191.93141014005        5631.31648168272     
   1195.05032144198        5382.14177272960        3972.99510017008     
   6228.12767475629        7690.81252656192        2985.12691683895     
   2318.24355689458        1333.78550851104        1185.87207944804     
   1851.37447565330        1452.86779665347        636.624283728942     
   2617.98784277029        3389.68353221964        942.155465273298     
   251.203880161611        799.972566012042        836.206424119123     
   322.083957791355        1446.06631538058        952.094646470418     
   677.423777055115        5189.41747947921        422.950676613166     
   2977.99663467579        1464.89251492598        2705.63676580349     
   165.837774737955        2700.75172400528        1859.96087604477     
   692.266788672742        1688.82470981799        1263.03695123740     
   563.536542978855        3720.93633769378        2066.86118482111     
   295.695337769891        1093.53539515079        504.305411175603     
   1761.35818621020        6948.54921394677        3015.57387927738     
   2288.25691570251        3029.29896786811        2827.68765626945     
   1807.68153449281        1356.09699749323        1327.33161675072     
   1770.17005006928        917.504792814657        791.451925798632     
   2338.86406986970        1333.99218335635        852.571314143114     
   2430.38344909686        5069.06695933148        2497.05487533123     
   4806.10140160957        5041.08130641444        3413.31961907403     
   8494.12946734350        3443.55051235601        4621.36227283701     
   1945.45850182453        1086.14207227543        844.614332598728     
   798.150069648865        2450.90062464933        5013.28353972042     
   3460.06571135841        6422.58991556950        1184.35020104168     
   5299.38728580575        2187.85991243822        1483.69053153792     
   902.051150972254        738.890754912162        1081.23824185492     
   1813.24296669384        477.888608220687        2929.30591998329     
   3414.34359898943        3514.14876065124        931.586865229102     
   2491.35252846294        1496.23193692370        2068.04486802606     
   455.389233015486        1822.51515179929        1040.26965092804     
   1416.80303614710        1321.01863965765        892.309250309293     
   947.641742985130        1758.30503508632        1897.57569789096     
   5317.40557459222        6956.77863051451        3364.04645709020     
   3475.31267835550        960.624680994978        3959.23243433474     
   5630.77161163600        3034.84161144685        4056.71720114241     
   1990.63574414679        2708.93416901728        2823.68567971938     
   12909.8220861649        2735.35097197220        2638.71169316806     
   2090.83546687692        1604.37924688707        1408.02874953263     
   5742.58270294803        1585.91003116539        3837.24730404684     
   2095.08169551690        12208.8185881223        3283.55599915360     
   2960.47624438031        8708.31976157255        2691.15073800958     
   4648.72790121812        2694.00660859930        2205.90638415813     
   4565.20308077994        1920.90177247739        4062.09074712044     
   1652.80692086737        1903.77594325022        2152.02061539945     
   2843.39494451291        1417.21638583772        836.262789986025     
   1161.13685818905        2091.61519470240        4019.94786729976     
   2940.19392660660        1685.95005060597        612.922436696491     
   1661.77848801600        258.465682680868        1031.38263257977     
   413.246353194806        421.663655985562        1094.18360262017     
   1077.90326139653        6468.16171896007        2338.75133813589     
   3852.13728722022        4534.66217523000        7831.21990101575     
   2628.03036139006        1696.19924407105        2748.16481238134     
   2636.00613155675        2348.70930795531        1091.96654518868     
   3895.92417149222        1590.07171100502        3918.46112394202     
   1731.69095159725        3099.79387874069        6545.58963146165     
   8700.19368242746        2621.74556723045        2475.07218723930     
   2358.31029395102        824.735970204488        1144.79075678736     
   2543.82915054906        3587.44317624664        2639.14383148098     
   1820.96509045947        6698.40689094515        3837.93308876082     
   4597.07797851324        2573.36486480590        1786.13098471380     
   5899.40193898160        2565.13544823816        2543.97006521631     
   3443.94507342433        313.009053220072        738.167392953581     
   2941.66883345721        886.484777396046        1716.85733429077     
   981.066702058242        2518.53966493219        451.020878330552     
   611.889062469947        384.856744898307        635.825767281158     
   1406.50687112626        2675.83801083443        742.235129681703     
   874.873408814156        1377.04631135862        1091.11166287399     
   1099.57593722050        1398.02380815745        1401.80032123991     
   473.510859224602        1306.95535586551        630.893753927200     
   850.316679467019        732.934761642810        435.445110443194     
   1208.14599118563        1282.41741514067        1799.63060983692     
   996.407612166840        989.662496760855        719.669994298450     
   255.130702222477        1031.83355951499        1652.11174184224     
   356.429559357206        2477.07317551434        1244.99987382864     
   3049.66583444217        3180.76344654596        5132.06520990604     
   4501.15266735654        762.874431279125        1798.96361374524     
   2028.27874892643        1607.27269472139        242.316861813336     
   1301.46907815368        2098.70789962095        376.495807974454     
   1540.41338226402        2580.85213079277        4025.67839710150     
   3636.85725289773        907.424696950281        835.285781626384     
   2844.37195287255        1011.81428245349        1070.17174331976     
   1951.49904389423        663.153818417663        2320.38545983687     
   1760.25905180561        3853.02035246836        492.910111750171     
   1878.97496181317        1700.62396462289        5246.46913109557     
   2179.88414227153        2079.77836265290        1972.62684967148     
   2791.26591193936        2045.91187095572        7339.71893593814     
   1981.19446144064        1085.95418605242        7545.14433786387     
   5686.05713275609        3509.14159280808        1485.08088958818     
   1898.48694607254        1547.16789198115        6621.34535657845     
   460.678230193160        1404.62800889618        3305.97082555845     
   1191.14228800342        4374.83675962830        1393.07300618120     
   1522.77086592357        2947.63422103771        1060.52378576830     
   1763.09613377303        2383.77827147974        2990.93260112989     
   1416.75606459135        1319.31826933943        2847.60359590829     
   4073.43907499012        749.017822332290        976.087717148532     
   1641.63708490955        1285.63966386526        1363.09575930028     
   1200.35810724195        943.254599677895        1125.76727670780     
   801.851428242122        686.357766959143        1505.74837411906     
   847.911735812517        1661.94758561670        409.169222155534     
   499.655227156156        1138.89112938491     
 ------
  0.000000000000000E+000  0.000000000000000E+000  0.000000000000000E+000
  0.000000000000000E+000  0.000000000000000E+000
  0.000000000000000E+000  0.000000000000000E+000  0.000000000000000E+000
  0.000000000000000E+000  0.000000000000000E+000
