           3           8           8           8
   5.00000000000000        7.91500000000000       -5.20000000000000     
   60000000.0000000        2440763.00000000     
        2533         963        1484
   494743.600000012     
   821077.600000007        803510.799999997        800286.200000000     
   795564.600000003        807426.000000007        808718.400000029     
   808667.400000024        810222.999999958        814474.399999966     
   817611.000000014        819546.800000032        804275.400000037     
   772576.200000025        755692.600000017        739643.599999987     
   729572.000000019        726464.400000018        730814.199999966     
   744642.600000025        775591.799999956        804093.599999994     
   776781.200000002        743494.400000015        744068.799999976     
   732607.600000036        728695.200000034        734019.399999982     
   725457.000000010        713539.999999973        716361.200000010     
   716427.399999994        741832.599999997        740751.599999974     
   752094.200000001        807407.999999986        802482.399999997     
   799408.199999982        790802.000000027        796246.399999971     
   783757.599999958        761710.400000010        760486.000000018     
   767963.399999969        771218.999999978        780528.000000000     
   787739.599999956        790802.599999974        783089.200000015     
   774139.799999975        792285.399999981        791531.800000027     
   785285.999999963        776952.399999961        775756.199999956     
   777484.800000015        786691.799999963        786085.799999975     
   803786.600000023        825749.800000013        826193.000000000     
   818178.400000029        813798.000000012        815119.400000029     
   817425.999999980        810466.399999988        787315.400000001     
   782697.000000000        783467.200000001        786383.400000000     
   787744.800000043        785528.599999998        783655.799999989     
   787606.600000000        790185.999999973        795257.000000000     
   801465.599999985        821552.400000020        824725.400000024     
   808362.799999996        816635.200000023        820021.599999972     
   819961.000000033        817573.999999996        816016.399999998     
   815378.799999986        815821.999999989        812073.799999988     
   812079.799999963        813714.999999996        813901.999999987     
   809629.400000012        807158.199999971        806634.000000013     
   806476.200000002        807368.000000026        806430.200000008     
   806507.200000036        807808.399999986        826826.800000000     
   855658.000000000        854049.400000011        872211.600000009     
   868474.000000011        872193.000000030        873152.000000000     
   878137.599999963        879323.799999996        908515.600000042     
   908777.400000014        907474.400000041        915831.799999962     
   916946.000000000        913020.999999984        907151.000000047     
   906116.999999971        899188.999999988        894426.400000010     
   894149.000000000        896869.800000041        900811.599999965     
   901684.599999955        906728.599999990        907526.200000041     
   908389.800000013        909245.199999999        910810.600000011     
   918792.799999958        917729.399999977        917709.199999965     
   915704.800000014        916874.199999963        901321.999999977     
   897568.000000024        842924.399999991        841184.599999958     
   841008.200000000        841052.600000022        841754.999999996     
   847517.600000041        846786.399999970        856746.799999963     
   863477.199999981        864993.199999992        876576.799999996     
   854684.000000045        850337.599999965        856868.600000009     
   899247.399999980        899820.399999969        897220.800000022     
   893652.799999986        884352.799999985        888208.800000012     
   859675.600000035        848401.599999971        847747.400000027     
   845522.000000018        845852.399999995        826230.399999988     
   818017.599999985        812277.400000013        816640.200000012     
   805880.399999978        825900.200000015        801431.200000017     
   797352.600000005        764123.600000017        750544.400000009     
   752582.200000001        768018.199999978        793013.000000014     
   684473.199999978        689750.600000013        701296.399999989     
   703166.999999967        713177.600000004        763207.800000028     
   828273.600000000        828316.600000001        832855.599999956     
   833613.999999963        831732.199999993        796181.999999984     
   778866.600000014        784194.199999965        807577.400000037     
   822231.999999962        796600.199999976        780059.599999998     
   762950.399999962        737609.599999981        737959.200000014     
   715393.399999997        689898.399999996        675964.200000018     
   695391.799999966        699171.399999975        699993.400000015     
   751000.799999994        791478.199999994        789901.799999963     
   795752.000000033        800777.999999982        796048.200000022     
   845257.000000004        844417.399999987        843190.399999985     
   843851.800000034        847794.399999979        845613.799999980     
   847957.800000038        850210.200000028        849647.999999957     
   848989.999999986        865047.399999973        873790.199999984     
   857919.399999990        857530.400000006        871031.400000019     
   883590.600000005        873169.799999952        884138.000000016     
   879541.999999971        875543.000000017        869428.399999994     
   871611.799999998        885557.400000004        898697.800000006     
   898665.999999977        877602.200000040        876996.399999965     
   879726.999999991        883634.800000000        883404.599999963     
   871854.799999960        866245.400000021        863365.399999961     
   851901.999999999        816138.200000049        825842.599999991     
   821958.999999958        822597.399999991        825434.800000002     
   837409.799999963        838352.400000032        831469.799999964     
   835882.999999948        819827.399999981        811066.599999972     
   810836.799999989        787302.600000033        782336.000000018     
   821301.999999984        825843.599999941        824754.599999974     
   813983.800000036        804268.399999972        803927.000000036     
   803974.200000036        800459.399999996        799310.800000016     
   806606.400000033        817287.999999990        811515.600000027     
   821783.600000041        806715.999999967        790960.599999972     
   773430.200000014        764731.799999989        772146.799999965     
   771654.800000001        771133.200000035        812809.200000033     
   830200.799999968        843803.000000011        853502.399999992     
   871080.199999989        880081.399999980        905683.800000029     
   925584.000000045        924559.399999962        926200.600000018     
   929197.399999962        933703.199999996        944582.800000004     
   940864.400000006        945653.800000050        947288.799999955     
   953663.399999965        944551.199999955        943824.800000046     
   937151.999999976        936642.800000040        944269.599999948     
   914917.799999966        915944.400000028        912203.400000008     
   908699.199999951        882145.000000005        875052.800000036     
   875116.600000016        880082.599999965        881975.399999981     
   882624.600000007        880383.000000000        885472.000000043     
   913735.199999984        920964.399999971        898732.799999980     
   874046.200000009        881207.200000026        884371.800000003     
   878506.800000035        877885.599999988        877431.200000038     
   877618.799999984        883066.399999996        882554.800000036     
   847445.599999966        837722.600000029        838493.999999962     
   848420.799999994        864268.600000042        868901.999999982     
   869168.799999984        868220.199999975        868496.000000002     
   869985.599999961        862866.799999980        859360.400000010     
   859794.000000016        858077.399999985        855647.400000033     
   855492.400000022        842329.000000021        839860.200000000     
   835463.600000004        835019.400000013        832625.600000038     
   843431.599999995        900532.599999999        910305.200000020     
   906286.200000013        888307.799999969        880986.600000006     
   876129.999999955        877383.800000028        873805.000000004     
   907556.399999956        903267.000000042        903733.200000016     
   913916.600000057        848049.800000028        848054.599999994     
   850703.399999983        845689.000000011        833507.400000045     
   833945.399999969        829808.000000022        830572.599999995     
   832343.799999963        832343.799999963        835430.400000034     
   835324.399999999        833357.000000000        842701.200000009     
   846728.800000020        846587.799999989        814191.000000028     
   800228.999999973        806775.200000003        808515.600000028     
   809101.800000022        811414.599999988        812982.800000026     
   814892.000000030        820557.199999995        820675.800000004     
   820622.400000001        821502.799999965        814768.199999969     
   820472.400000017        821843.600000040        821705.200000037     
   848854.600000040        808364.000000038        806878.399999973     
   792742.200000040        746345.199999991        766062.200000026     
   766604.799999992        756137.399999995        773631.399999999     
   751683.799999977        750466.000000001        766084.200000011     
   764261.799999980        754554.999999964        753820.799999965     
   748320.599999974        695561.799999967        718694.800000016     
   716684.400000026        718589.800000019        729565.000000007     
   730016.399999998        747218.600000009        746381.199999980     
   744695.999999990        742675.599999980        735392.799999971     
   718636.799999998        718057.999999956        696921.599999989     
   672258.200000032        672258.200000032        677303.800000021     
   736743.600000003        740708.799999998        745757.799999964     
   747297.800000007        746430.599999959        753369.600000022     
   756277.600000000        750030.999999954        750706.000000004     
   802203.599999998        821207.199999947        799390.999999970     
   790302.600000035        788516.400000037        788700.599999963     
   786634.000000011        785126.399999995        785554.999999970     
   785744.800000024        785129.400000025        780296.399999960     
   775306.600000012        792424.999999997        793186.999999990     
   792414.000000002        796333.800000026        808660.399999972     
   876285.000000022        877047.199999955        850141.200000012     
   851277.399999979        870454.999999977        871546.800000008     
   872675.000000007        865202.799999959        872913.800000033     
   878410.399999959        888166.999999990        883800.800000000     
   878726.799999979        875573.599999954        870468.399999963     
   866286.000000000        862477.600000044        853076.600000042     
   852524.200000014        853740.599999996        852111.200000038     
   851390.600000003        853733.199999984        869056.400000009     
   868524.400000001        866186.799999973        870679.999999970     
   881142.399999956        879594.800000013        881413.599999986     
   881225.400000039        855444.999999976        841351.599999994     
   841370.599999984        842399.599999976        843452.199999969     
   816942.800000012        800835.799999967        811257.800000009     
   813276.399999990        809114.600000042        806804.000000028     
   806240.400000038        822324.799999958        850103.200000005     
   856660.599999967        854525.599999967        854588.400000022     
   858967.800000041        846841.200000030        855482.600000022     
   854204.199999996        858620.400000000        865407.999999949     
   878263.000000013        886975.200000022        885609.599999987     
   886345.599999993        873247.800000046        869666.599999981     
   876561.399999960        892150.200000050        893150.999999959     
   892138.000000007        837264.200000019        828343.199999978     
   830382.000000050        830129.000000047        823743.799999987     
   810459.200000037        838594.000000032        849776.599999967     
   852069.200000041        853001.199999993        855270.599999991     
   862655.200000009        860946.600000024        868514.399999960     
   873901.799999962        875916.000000042        870128.000000013     
   861990.400000016        857814.999999957        857170.000000038     
   843236.200000024        822049.800000011        872248.799999960     
   891758.399999975        892799.200000013        893558.800000047     
   895260.799999983        933585.799999985        975055.400000027     
   1001975.59999996        988397.200000011        990403.000000000     
   970237.399999993        1039296.80000001        994381.000000045     
   947466.600000013        926529.599999968        926064.799999961     
   929619.400000005        914064.600000007        887056.599999964     
   894864.200000019        915081.800000008        941906.200000035     
   941437.599999975        945350.799999952        958962.999999998     
   931722.800000036        938130.600000025        944789.799999982     
   945653.400000002        956012.000000055        959579.599999986     
   959889.800000019        958624.799999992        943709.599999997     
   940279.200000023        940580.000000026        941025.600000016     
   941262.799999960        941372.599999950        935098.399999999     
   931780.400000004        869592.400000040        830899.200000039     
   827746.999999971        827126.199999961        826375.599999973     
   804112.400000012        792966.399999992        793961.399999965     
   819238.999999988        868765.599999974        851364.999999983     
   810421.799999990        813729.799999974        831586.000000021     
   829515.200000032        828971.999999992        828980.799999970     
   830154.799999987        830153.400000050        826982.200000026     
   819348.400000020        820243.000000016        820438.999999970     
   821164.599999979        820217.000000024        822913.800000008     
   838155.199999973        839436.200000037        839170.999999985     
   839402.399999961        844798.199999969        844687.799999960     
   847901.200000029        850432.799999960        869226.999999958     
   882368.600000017        889848.199999994        891717.199999975     
   903376.799999978        910797.200000023        906923.800000015     
   894825.999999958        864619.199999958        855560.399999994     
   892573.800000035        869995.800000026        864988.199999984     
   871803.999999981        840382.800000037        836780.999999967     
   833307.399999970        820322.199999963        809756.799999984     
   757367.000000000        757367.000000000        797912.200000009     
   812169.799999979        752201.400000028        759316.599999949     
   775473.000000022        780096.599999973        805602.000000010     
   809258.999999986        807160.999999963        807391.400000032     
   806691.199999980        786483.399999960        788203.600000010     
   767914.000000026        749949.399999961        745436.200000015     
   745220.000000006        744702.000000000        743814.999999963     
   722988.999999959        719225.400000023        716839.000000000     
   695386.200000007        685429.799999968        721468.000000002     
   737307.399999997        743384.200000018        767103.399999977     
   792996.799999972        796743.999999965        814292.999999990     
   821954.800000004        818008.599999978        793335.599999974     
   793726.200000039        784825.399999968        788883.000000035     
   799195.400000029        795225.999999964        793335.599999974     
   806436.600000011        789282.799999964        800809.000000039     
   808974.200000013        810378.999999993        809781.999999981     
   810066.800000012        810171.600000029        808900.799999969     
   813245.999999964        846915.600000025        873225.399999982     
   873778.199999957        875159.400000042        873893.999999991     
   879301.200000011        878114.800000009        851396.199999979     
   848736.999999967        848066.400000039        846365.400000004     
   847578.400000017        851175.000000023        856489.000000003     
   858090.399999975        900521.200000019        906875.399999971     
   907467.800000014        894448.800000037        894176.400000005     
   896157.400000006        871909.000000000        854915.799999972     
   834441.599999958        824817.800000043        826400.799999987     
   852813.199999996        860759.599999945        861726.599999966     
   864376.800000014        862920.999999992        863530.200000024     
   863163.000000021        874835.800000016        911991.999999963     
   919600.999999973        908783.200000038        909065.799999989     
   909001.799999985        907823.799999998        907098.199999988     
   915937.199999969        924134.000000045        924675.000000004     
   926064.799999961        975139.399999960        984177.399999994     
   1023905.40000002        1035761.39999999        1037978.79999999     
   1056252.19999995        1055781.59999998        1057311.00000004     
   1057715.19999996        1056075.20000003        1052853.59999993     
   1059362.59999997        1061929.40000006        1063668.59999999     
   1062180.79999995        1063659.20000001        1063108.40000005     
   1082496.79999993        1085056.20000002        1097452.20000003     
   1097473.39999995        1097412.99999998        1098033.20000000     
   1100437.60000001        1105907.79999997        1105949.60000003     
   1069071.59999997        1066681.20000004        1067325.19999994     
   1066532.00000004        1068707.39999999        1074200.80000004     
   1093189.20000001        1094075.80000003        1094100.20000004     
   1014819.40000005        980690.799999957        977261.000000005     
   950120.000000001        942486.800000001        946627.800000012     
   946018.000000044        948254.800000000        953993.399999986     
   940726.200000021        953703.799999950        949795.400000046     
   956877.600000056        962497.400000051        961616.599999963     
   961192.400000007        964632.400000014        941284.600000044     
   906251.400000021        900092.200000031        898332.599999984     
   899437.600000027        910190.999999973        939078.800000014     
   940047.200000007        955642.399999975        966188.399999983     
   923561.999999967        900539.999999974        897940.800000042     
   918305.799999973        968554.999999972        969927.400000031     
   968849.399999996        969408.600000033        970618.600000030     
   968800.200000012        970891.000000018        969410.600000037     
   964367.200000012        974338.200000013        979436.600000015     
   956273.599999952        937115.800000026        872563.399999949     
   843352.200000037        839398.400000048        837270.000000009     
   837637.999999954        856791.799999995        815505.599999994     
   808753.799999987        807967.399999993        811046.400000037     
   828425.000000026        923896.799999980        915613.599999996     
   897121.000000024        886418.600000039        919455.400000015     
   933826.000000011        915195.999999960        911483.999999995     
   900805.200000016        912656.400000017        960854.600000030     
   959751.200000011        964219.599999991        965073.000000000     
   933497.199999960        935221.800000027        922279.400000005     
   923402.600000044        934813.200000039        937802.199999958     
   928937.199999943        946301.599999961        946803.600000024     
   954815.999999995        962702.199999986        985484.599999962     
   974541.600000048        978914.000000026        982339.599999984     
   954298.999999982        955231.000000025        1014630.39999995     
   1000424.20000003        998442.199999956        1032862.60000003     
   1036807.20000000        1006422.00000001        991860.000000044     
   964484.000000004        953215.200000008        977984.400000005     
   977738.000000000        973490.800000031        975399.000000030     
   982316.000000018        980704.600000009        979249.599999964     
   976104.999999958        975656.399999967        974059.400000012     
   974230.999999960        972482.000000031        969805.200000040     
   915434.800000003        898099.000000009        897356.200000013     
   897777.000000041        898943.999999989        902610.199999999     
   899177.999999963        896483.400000033        911686.600000039     
   908842.999999993        902746.999999996        900228.200000039     
   898653.400000038        885769.400000020        884691.000000039     
   835663.599999937        836396.599999969        834330.200000048     
   853912.799999993        844731.400000008        841340.399999980     
   828081.399999991        824072.800000014        807697.200000009     
   807521.599999976        835766.799999963        836463.800000039     
   838810.000000000        837720.799999999        825973.599999983     
   823244.999999993        821670.799999966        803224.800000055     
   798984.199999960        801663.599999980        806083.399999983     
   807013.799999964        809182.400000026        810039.800000033     
   787605.400000027        744929.200000013        738610.000000039     
   740957.599999963        841078.399999981        881333.399999980     
   878460.799999962        868147.000000038        865592.600000004     
   850585.600000038        846914.200000038        834089.599999985     
   803318.600000029        774090.399999965        774082.599999974     
   773517.600000014        788347.399999995        815391.000000028     
   824382.800000002        822718.400000029        821068.799999983     
   817781.999999973        818346.800000035        819746.399999958     
   801773.999999965        784751.999999972        779175.399999949     
   792238.199999961        815773.799999962        795010.199999966     
   781213.600000019        776167.600000022        753754.599999977     
   760517.000000017        773863.999999998        772814.200000024     
   777455.399999993        788485.000000012        794089.999999990     
   803454.800000013        813937.399999978        852987.399999961     
   866892.999999954        872036.199999962        871848.599999968     
   868166.200000027        864793.000000039        863739.599999987     
   862807.799999959        848764.799999962        799824.399999968     
   826954.400000008        809814.200000012        755982.999999993     
   766653.199999980        803628.600000033        804421.200000016     
   804812.400000031        828435.600000035        844502.200000037     
   201310.582318903     
   373422.800889922        347403.362217538        376510.965637553     
   413090.657201076        407481.097315666        368188.280777753     
   349479.402608068        392127.730299884        347697.400488195     
   401084.744881838        423719.728498751        330865.772574023     
   357559.968017230        331806.281601137        410497.397504230     
   406186.488476137        364719.710441414        354278.247395706     
   380267.866851855        349652.005207031        413747.713075244     
   359066.660006673        380589.346084392        339403.817046722     
   370819.473783277        344188.966615289        368828.512001173     
   325188.377447923        371465.599753547        370316.865610871     
   387367.886684612        353288.005409117        327008.448879140     
   330385.574573652        321843.662047629        394442.526390588     
   335257.468127436        378199.907482131        461059.034750004     
   335233.923782606        282524.590809088        326785.911456054     
   371455.387222646        408566.514730806        347329.641588727     
   359005.359643901        387560.828018016        353940.090315784     
   355759.350488495        373663.587503796        336039.145100572     
   375543.149132423        343178.055930441        326327.250756725     
   349271.993236764        335112.433319697        298782.880163356     
   308714.877015391        381042.870997843        324655.676850328     
   363393.661553376        362932.528966131        378349.840554193     
   358946.807932500        361962.966823407        409249.009556880     
   374455.204568875        339168.934234073        371675.722364383     
   306280.633026775        354346.124195500        293108.875727140     
   364409.422499548        354602.396100579        377328.456094857     
   288368.222028375        346682.984484648        395036.809406971     
   372377.369014096        336009.492727206        392709.318665653     
   338362.045267968        337188.936508775        371947.169852732     
   362411.682400915        416233.990288087        342829.908629038     
   367083.468259848        390354.541136683        351184.052010822     
   349251.566987169        395084.384942068        361781.207393748     
   379689.085941006        379552.157921902        374180.619860443     
   369210.567021025        353962.466262345        336117.938820227     
   414490.113482641        426312.153092095        382919.128334876     
   383537.459277471        382188.956053238        353649.137187364     
   321993.185230352        385432.289394377        344306.983999351     
   393385.034728050        393214.825265507        423496.961050069     
   334563.424274373        330810.096389808        356290.369435715     
   386658.317641018        394249.352448207        403323.519914905     
   422983.822738399        368327.344110038        403124.477240148     
   384676.667522974        320592.770931665        412923.265404885     
   367757.712638888        423885.573353632        407504.037294339     
   434349.238801919        355153.790229426        343623.136842365     
   315376.948442654        418605.133253841        336035.021820669     
   352225.126182070        367842.657302603        360553.492890998     
   337662.634911792        373356.980223785        387821.224785871     
   351595.883945927        397400.621854089        383725.367284660     
   393559.097229202        312467.565449748        357062.741439502     
   344623.130127136        338388.015623003        364722.482678691     
   422431.645203920        448498.922495304        507574.488663093     
   425387.648215616        381582.285671022        380655.709541376     
   534101.882176740        384986.825619332        471065.517426164     
   379879.630945041        411147.630350546        436691.924000233     
   432365.931813416        356501.942801664        362142.570352481     
   345199.355587118        445099.749885292        415446.800996664     
   406321.664377210        366612.742170315        380119.952476683     
   369094.919292392        316972.992902814        348136.023750622     
   401832.755572875        363735.677326876        390767.902015371     
   393131.311022659        316261.701887253        341078.357730600     
   378636.881174640        412794.756233342        367665.048694536     
   380500.066849119        364665.655950259        365422.847424089     
   375941.367183535        382113.540125232        365758.368015239     
   368059.705947330        412365.601020154        407711.077877871     
   401136.935121225        368338.711793145        366049.011004264     
   392503.920436006        355111.936036382        329897.726636203     
   422099.821326296        356764.672582863        345637.036177440     
   371263.755885918        376189.651854106        390470.119680219     
   389164.384819138        359965.803901044        377887.969520871     
   417120.771145388        331628.005198089        379019.545846439     
   379446.411527414        371032.226286742        470361.520296109     
   456757.599345945        399804.068076547        417382.278012186     
   370353.956668751        365988.288651363        363791.582341216     
   369634.125763831        403094.786151417        436240.117434318     
   366943.704127293        318562.997073998        413854.142672890     
   353340.182687628        442147.133967902        540326.421493653     
   435657.053669416        375648.042448226        393044.600604278     
   386121.121050625        365877.468658525        374903.768961647     
   418141.491988302        476629.944310707        427096.593858229     
   357727.707076588        434741.244299616        389636.741375001     
   453543.704010496        424562.262166308        389192.221552398     
   406424.514663925        372433.419423146        363344.133154732     
   433241.685043706        421827.656927147        361283.756159499     
   369016.715532915        383155.970268891        358035.210188197     
   359408.381734420        404569.386254821        429065.160757518     
   386827.972935368        411045.044888584        345149.211384545     
   409524.952469962        357510.720845383        367721.637535518     
   348907.979170231        359951.570138448        299312.990973834     
   371923.909698397        385343.825780694        339720.397821057     
   350013.390049565        574475.199350201        404322.893670284     
   365785.753876390        409238.403064389        347870.072873851     
   343359.792332089        362735.885793217        375322.301142830     
   344704.605695903        359976.076559323        380368.357105539     
   373073.922081562        374423.051133861        437958.024744934     
   352321.047268042        405395.391705928        436897.902633680     
   433418.886989221        437288.833195097        423896.963329131     
   371951.851383246        381818.653394266        450312.736808498     
   377241.242398634        468059.284017598        501045.477211378     
   391949.674411953        366542.857224031        391539.842356742     
   455549.651466279        358563.843240383        327249.395728466     
   365791.948891644        419770.867818102        350684.198299677     
   376017.345804603        364490.398571899        376170.577762169     
   376385.330731256        391727.823345052        352973.616410852     
   366838.955426620        399729.279591290        416879.389806990     
   425551.664017171        413786.296171667        372364.169597039     
   392889.987820328        358465.465143382        407285.344916559     
   433133.389987679        376856.232349212        416361.999277970     
   324421.781389225        366983.006020751        406099.796914783     
   417601.891410948        384931.241647154        391333.244743617     
   436370.421114953        365431.927436393        368400.344354543     
   383176.108580766        387992.356739643        372121.654845750     
   400085.291253792        392161.462550382        360369.039542842     
   355217.402603435        339710.903422448        384648.437499035     
   348995.376956709        385914.440529742        415083.687318096     
   395111.291299840        380721.438628679        476163.996003854     
   403519.545750717        426823.675400083        353273.566821450     
   337969.358504537        382088.412422097        410260.381357041     
   369269.326052344        342926.522693276        332945.368006400     
   344698.963357130        344331.692354232        353922.182852565     
   356222.136159707        382017.449012588        459753.089131028     
   432840.415797819        421515.410363346        421271.117601825     
   423826.982473672        437132.496044412        451933.119318681     
   415241.656865194        390618.839884943        372197.300833749     
   399156.806900365        413003.652132891        358667.933614904     
   356113.014987345        415173.387810281        385102.195963870     
   390784.779028294        379328.679954890        406709.377705370     
   387356.655001436        390471.003506445        413471.532937398     
   396710.380640000        361610.492265129        425854.257372581     
   396967.808581204        398822.356326576        364438.580378735     
   398462.029108290        389852.272201705        347520.123244090     
   342569.914693569        333198.921558042        325835.302864865     
   332084.438890083        311590.060684602        330480.932609618     
   332184.043977740        393934.269193511        385124.620786692     
   381663.038167737        330476.387471775        403803.048203639     
   350145.267354405        337752.038592180        362065.268565695     
   382119.270916744        349722.602688094        377240.530567572     
   456798.102732670        352220.011767210        345274.288731681     
   351877.455343125        374953.638023541        374943.228247876     
   305734.008072574        351389.474022655        318494.537429207     
   322347.845055124        332636.152505616        307407.706334357     
   336722.123275692        377111.871092117        343988.946337601     
   342710.513949963        324356.666828760        338046.546188148     
   349829.782890204        350252.316445565        338154.898568272     
   365400.518760235        338218.005371444        388167.948822027     
   434448.416764320        363923.301815314        413496.000705507     
   379100.782502802        380713.973717738        410205.818696326     
   391191.176436875        398510.825281587        386205.575529912     
   344607.966183655        354724.130260994        415674.434755455     
   394699.060361259        415934.480573434        358696.050260327     
   382749.468532066        418859.021076420        454016.546768290     
   365489.877710112        373761.830400197        443224.786189369     
   368461.022147613        369836.785084241        420708.877944360     
   393075.503872948        389841.246892414        465922.984145742     
   368732.327422590        313491.374416008        387678.066607925     
   363595.114356092        373921.536116284        371565.057705967     
   425742.192095869        341466.434533963        391031.960465341     
   371089.445841867        324006.103670104        344886.271564473     
   338002.384084311        403027.536052164        322381.854595993     
   368411.698942506        367169.859782048        370660.348819872     
   375791.476042327        373404.264729347        391866.342342218     
   363166.849524809        426787.587701126        315639.262225296     
   375806.398567876        355347.107615092        398605.065537595     
   364147.699435459        377009.880541915        393434.689386448     
   459585.716813066        433383.152737526        395580.717150619     
   357834.419723732        396339.416378617        372357.482059086     
   363371.275885796        387891.503311267        359685.943586018     
   377159.705692445        360881.118477667        380381.545731583     
   373781.447951697        403584.458424350        393055.747676091     
   397196.766603446        361168.630623797        419265.103773920     
   390538.887738019        427686.601276250        385634.907032079     
   458778.059077494        410316.401614365        341734.924632114     
   386611.161325383        370714.879816816        398454.275032251     
   391358.729377490        423176.347778572        404632.478562511     
   387979.397498341        324150.178291466        369443.055653332     
   397507.796224280        362184.539423884        354643.701487574     
   346989.875497072        404676.278832902        367081.138589700     
   437205.966717951        380871.984453267        297283.707832597     
   348244.226964530        335099.958709733        358639.147973869     
   350098.013945603        430206.741861231        348530.286715993     
   392202.865313956        381819.732140651        375895.849732648     
   416803.102829853        397072.438681750        393337.122713109     
   407757.512122362        394104.511176376        386400.007201854     
   389270.481228707        418899.895190974        376752.897043415     
   404800.274551249        405495.717386749        326597.318792198     
   363414.223469913        332570.943310984        372473.325246954     
   392152.236311764        341997.743325165        360672.811761810     
   348177.949479257        413083.714849218        386715.058143655     
   381431.399536155        400572.764942349        399015.567480019     
   361018.237751343        415080.570578128        385066.018816982     
   420659.054508166        397272.270425603        424573.344908132     
   383661.211876514        393899.184143585        377347.575062558     
   430219.308938299        411042.749715876        362714.606485831     
   338978.199524729        392288.263660513        370599.979349173     
   424039.819490101        307191.141495376        366735.642797613     
   406909.570664681        398629.037902909        490997.421642888     
   342247.372522087        376492.456233571        336754.594776964     
   374329.467055751        341362.884553086        345939.274161179     
   409246.042202248        387345.131643164        424144.906809991     
   342352.006368524        352382.867905176        364963.697733406     
   343566.147982380        351559.270786922        393222.497171268     
   410847.265130253        375338.346919230        389690.802840511     
   440072.142602320        402770.734357310        372438.887900941     
   378211.767132756        330433.440932114        425883.925117437     
   377264.480314501        442228.330881738        438079.737124070     
   389959.653954941        325536.847152874        385611.669212574     
   314373.977618495        345636.751854514        319166.200381850     
   322171.388882071        388824.787824095        340926.609381736     
   389434.629991875        429206.161209808        354364.301645670     
   361676.777332583        291540.669634308        346966.307542950     
   308490.167177918        310227.134044113        313876.027585417     
   354276.674310441        376680.819496951        322862.030761406     
   361426.752558576        305552.799813550        346365.358775649     
   327192.298852864        340381.009921878        355326.474279689     
   364454.587339606        346956.605535419        329673.144205215     
   333320.484901954        409177.441630927        357435.082388030     
   324728.669161122        308299.701461186        386384.766862905     
   301093.548028521        354655.331367363        363321.572311584     
   365567.717740144        291789.135720494        399124.567148660     
   396283.400521606        289035.091403766        280750.224855057     
   303927.730757608        329649.464169403        350172.928098740     
   356005.028140933        340046.977801661        370941.061016003     
   359505.500840128        308225.768884704        348177.758867016     
   302979.994858283        335307.275160535        408254.782121136     
   362474.150459989        342766.529327332        391206.277490995     
   349656.817650751        346716.958241733        385781.735725832     
   318053.222336917        368704.159672778        340646.768474087     
   344778.855441392        345429.878807723        378312.799722693     
   360083.892284369        337200.845597081        435932.182525881     
   388335.594508555        418547.437468553        354692.038005470     
   351299.259967815        315292.145772011        359829.784012717     
   395638.756495913        360487.410053676        376500.456674562     
   377660.185674626        331607.931340946        354459.950740489     
   411669.898680227        308056.021835397        360916.829014256     
   345539.314330590        346360.666102894        301932.957180230     
   363477.805318228        381496.813600339        347057.695895869     
   349981.848980750        361482.737972567        367793.220824188     
   381261.201002027        345482.508364506        362653.898063522     
   359415.064065040        391345.611189366        295825.596129349     
   310706.463466631        409252.320260666        375324.188698006     
   325474.725773458        357325.063930555        388556.896322422     
   345054.630798695        389552.085449673        398171.496125267     
   387353.129125940        392829.130601872        419065.631689990     
   405767.682718816        419050.857624280        422949.249810896     
   408480.754877671        393395.769244450        388520.923064200     
   334900.443977197        432735.491322787        375336.063044348     
   345256.428300610        427955.727614165        401911.118617772     
   435983.422156303        362484.433256596        417172.316165484     
   431487.103563080        431406.520009038        471828.020440820     
   452587.220238031        450716.388116018        403265.497076833     
   443477.461594137        389717.244260686        476398.548721918     
   367564.039874001        355721.816642304        426532.904540365     
   428961.004326475        460850.730866309        381073.160483195     
   327036.850989474        448273.987622873        399113.266284662     
   386710.566410690        359473.608486219        424837.073123090     
   389003.600295106        381440.222674665        394876.743647349     
   370496.050882471        429186.174919369        443522.997794210     
   380393.883483712        353988.119199177        358992.352753915     
   438197.635850055        349260.649216036        449619.406880071     
   426881.240504620        348740.747613886        395415.838933398     
   373763.193181618        320040.243128153        336089.800282174     
   332858.789053567        355352.154869916        383784.720726422     
   393430.969476227        372853.998541240        392967.374825784     
   402197.547446133        396314.192792408        415771.651623810     
   389512.503886832        370040.294495545        358473.351058191     
   375703.388430525        366849.973705675        339992.897903933     
   365863.582365508        407820.998537542        340916.560743518     
   381420.039834150        449182.829740027        335570.371346501     
   388871.300453368        404801.447014618        367582.908353229     
   327649.186281483        328189.496888805        364979.865511585     
   313000.471927255        338017.306227836        320893.854130870     
   329341.650077620        323935.444875350        305819.933706173     
   362895.170297868        368001.555783020        369454.055411052     
   361806.285376320        345482.553582294        364811.950248012     
   389900.448467685        374807.720830537        413974.920493914     
   448737.382958083        406510.164944499        371479.459286343     
   334717.117570144        365702.065749578        454660.322990102     
   385815.884191307        441567.920730315        345269.573588518     
   462150.413373326        372705.151952982        393280.195111773     
   355467.281093552        401391.450777195        431830.319745816     
   429060.536894475        338650.331226136        383745.492156895     
   399908.209787533        384487.198374465        349647.081981907     
   355227.981640670        359461.852202816        497192.983123748     
   375717.149809824        484341.103279878        447984.608701237     
   407500.536198668        423682.771743888        413044.087475326     
   443942.567322479        568585.288701722        370568.445368837     
   413509.213727101        387619.176874904        402248.050496058     
   360277.185058900        437863.454699703        398018.749196347     
   458355.114504851        424662.429348426        421383.733742457     
   384070.062326759        402247.408084587        397125.998311896     
   390159.999289569        404439.375797626        357419.761793229     
   328566.045215532        355250.541383864        371676.222727003     
   361104.310025968        382583.653882905        345389.039389908     
   347840.808753090        372400.855656107        327051.677351065     
   364106.374388711        351334.392532886        357072.787119119     
   345684.873528958        332237.877914578        333664.295989474     
   309964.542547467        327848.733026096        312095.141313654     
   332336.799208158        376329.120241182        399739.116155179     
   410792.431429091        416685.173167875        388033.888195664     
   354001.363439519        384200.618013237        316516.486206476     
   344468.505100736        439395.494797188        475994.987552473     
   394834.530815464        337721.440721585        359616.592724705     
   353778.087556675        374309.094141380        368945.801736439     
   316467.698503057        363442.952387641        384140.117960923     
   359735.834542447        430582.022452415        338525.311064553     
   402961.919332872        362260.851212279        467382.915684774     
   367731.488145479        365778.552560648        385742.269289215     
   440099.221673468        396057.770092066        376904.873042824     
   319318.765605276        369644.571735745        480394.325005000     
   403599.728044606        388815.281022701        375361.895975772     
   342148.457878257        345540.111086490        380581.883649019     
   443407.423050258        410978.370032626        393197.273602700     
   296703.996768444        351219.187807299        402515.308875157     
   355700.196787131        383479.626390431        391242.394463799     
   387356.619904940        325711.049190161        372001.628338933     
   348437.980028311        373513.487080931        347569.006116968     
   353862.514867920        388476.690964245        370921.863776391     
   361298.582238494        351959.268558677        394639.895103416     
   368042.327397299        307407.605197379        364689.164086822     
   358925.057889211        474545.771304763        379635.680176187     
   344255.221356670        359664.880167758        342140.820925975     
   349572.717006887        378413.138833321        381268.553389098     
   349973.514935034        350671.356850075        413335.317149084     
   346.627250901619     
   613.337295209032        594.236995009694        587.815509431606     
   555.971798710015        648.918152052535        608.736632197983     
   586.044158124672        638.803159189385        633.365526102176     
   610.307522662058        637.947574541204        597.698428153709     
   593.784923816719        569.849442477236        598.418188405150     
   583.202797571831        585.115584767384        574.790780764887     
   501.545222579933        529.439464507229        581.285583014874     
   550.889740651283        606.812005345743        563.711146975293     
   581.709218681204        518.548792687021        533.445724768186     
   555.556916646637        545.298148907078        533.506979594828     
   526.296415505106        573.200907271944        534.970934751323     
   549.178584765993        530.536059215044        595.417142832321     
   586.083372324423        586.669241167471        612.024949973257     
   553.101620369672        591.352434710323        567.847335527137     
   540.642574258183        525.568784603095        616.001345235247     
   550.761678153542        596.428859722276        583.538997955175     
   533.520659243705        581.914851976617        604.615299083643     
   591.090673380282        555.298912822259        557.824546182859     
   573.434443574693        606.371514702484        535.281716028190     
   602.962097404421        633.172550319683        613.603388056293     
   607.708797429906        636.415518083123        617.514946700982     
   656.359665237679        603.963120400889        533.137257907630     
   597.917148230737        605.117693335844        605.587268394382     
   554.707842264065        595.674079932876        579.276713035426     
   573.777179953876        564.895655393950        572.831477805418     
   566.690844139720        583.433588281381        604.881009635954     
   622.962073723596        571.207398009607        603.388335378314     
   575.593687713095        634.655609799064        553.623422077952     
   624.820501422375        560.291466070175        599.619753201492     
   608.651980739623        610.955900211809        604.285298390462     
   611.047747194548        619.607595207752        605.950416456099     
   529.438385183466        553.613124986251        628.643586659312     
   573.144474873936        580.666198057555        609.232562941850     
   586.438513434431        615.948947810049        568.973518856279     
   626.768193826607        641.605953001687        609.154802325075     
   630.139593329374        629.308591303681        653.573263212745     
   659.507005597225        608.574359616852        682.919042911176     
   644.050233465251        650.685838332083        653.448114271156     
   630.434703297774        695.720766736869        665.538961531977     
   665.395850046069        654.209215419371        615.218862266974     
   638.595021406634        639.251581590524        651.888017100735     
   657.085161713042        668.569213029447        669.130191366095     
   620.731481646149        602.547633744328        603.599860053595     
   571.796074363370        660.108114132802        595.677369700646     
   632.205978321529        629.402609264487        594.165682975633     
   568.143317904632        586.098659526633        573.952870816717     
   626.639295417229        619.792631772701        640.663294494388     
   649.702646757049        598.099784107089        656.999336263193     
   562.389263586179        608.153589760865        652.427350019658     
   679.601582425749        696.150185076420        648.452652065558     
   668.553668422085        629.679392942928        649.193594022894     
   617.765010245623        668.430395792305        652.857901534478     
   606.957798121713        624.783986561126        589.991135220025     
   619.160365893601        656.875233739987        633.891415059771     
   583.482925385667        635.189370443870        623.703021800631     
   607.504906821445        570.147034363341        546.302073079753     
   583.742354496241        551.069826099031        589.190263614358     
   550.459524559881        519.311559683719        539.738201326820     
   546.991136856503        539.201348788441        554.240788522877     
   629.819250238873        667.170467553436        632.613474846707     
   592.748605247079        597.882356772698        614.690909456179     
   577.938091897060        613.914635181545        613.650334938978     
   615.039303556636        553.612359800689        589.174965139919     
   619.129626960231        559.686157568310        590.485541501801     
   584.020683175612        559.048885876577        547.750171582202     
   594.872113204324        599.665254819568        535.718616544460     
   564.508205177474        572.233407020051        572.946283742781     
   603.297377320384        610.238005534901        624.671048186169     
   631.640674838391        613.360081992830        646.153371374287     
   591.373741128193        643.502257764827        567.581377346902     
   602.175792897490        620.133140492177        644.515717835182     
   673.237856368724        620.014543489233        636.175317833716     
   649.954592898312        611.781395076523        707.636143918350     
   619.858158670382        610.984357198193        612.972977678192     
   638.188059624805        667.474561808562        655.903985197006     
   633.614716550168        679.114178175181        665.988105090939     
   640.913176844665        644.197945247893        660.825724968685     
   650.738913061437        635.147558410861        678.138277411803     
   644.846063846436        652.990875031377        619.021570627073     
   627.710072142830        611.438100334787        608.985497180484     
   649.222927348053        621.707680084509        675.828401715211     
   616.675195935187        602.869987213830        614.763806156319     
   661.085969002321        664.134265427304        572.496042020966     
   652.138434196144        597.434399247859        618.015999726782     
   644.966782678026        664.568144429525        613.633265188832     
   601.619396868104        565.510304447525        593.457476352733     
   628.460538161234        652.669028668167        617.763472093345     
   619.684594755711        585.403897140972        586.624268440943     
   655.298256908414        604.539856635601        568.514018829092     
   615.174746527784        595.577675973032        539.137334710824     
   605.414120306159        662.297591137222        598.055919843743     
   616.653740380826        607.356087681147        602.286173730464     
   684.767699721401        627.172791178931        666.161121864593     
   657.872568377864        674.232896218324        660.951402287675     
   679.037649589378        577.338772833506        696.301150531966     
   696.644520377536        693.221287735664        686.943479163355     
   679.075693799934        718.962814127249        685.950464576487     
   671.140552589788        654.889388804667        671.220562163096     
   619.590364372666        574.743454067244        636.868834224791     
   663.065373559758        648.080171161058        646.722633638836     
   640.424775142711        627.313834462628        604.663148717312     
   630.543502511356        647.978635635829        661.590358273617     
   598.225969634949        672.608638937292        642.710035652020     
   615.832371530053        623.498535207053        671.665667635139     
   632.337423686414        675.346430128579        585.332380723295     
   623.856153214678        644.301174047590        631.709464792097     
   625.520203905094        622.161278420865        632.117506182957     
   679.885875264609        644.554220060680        583.304594634392     
   663.333565732592        616.030978560344        584.483921867087     
   642.700146117904        664.125815197129        646.363146873871     
   656.837751133325        610.508637642892        601.035863035314     
   663.219925316320        637.467604172477        600.538210237011     
   651.954066014408        578.963707202073        587.116018112427     
   569.818639207877        652.842921552212        618.986664751726     
   640.079986475774        641.217192542627        668.610344471961     
   610.547601079597        651.277465451501        596.380960583301     
   685.628295770387        621.428766956497        686.318946324038     
   600.847740381919        634.093013373204        658.814904173814     
   607.806564448089        603.032667333540        666.013339110308     
   627.593606232909        660.343063481915        639.602500045628     
   689.255010833324        619.618804558614        691.596948145702     
   599.826004814516        632.524714385406        645.152699691615     
   631.711512549871        694.591627403159        626.411686014653     
   642.354278164492        646.456987086878        581.173227804264     
   635.371275290869        633.482951304288        665.848432691722     
   600.768606399063        663.855734613048        640.120554588284     
   671.281871455530        593.668697909665        540.755733942916     
   626.059202135870        659.563060945430        626.176953257324     
   634.569481841620        591.880492660496        549.126776992774     
   579.518469170535        568.406470792861        564.413476420127     
   532.534711237203        572.468866964825        597.905861012764     
   573.082949572172        530.036932090073        590.506730999041     
   602.274062969918        593.205623861136        522.554575049781     
   629.270168193578        516.963724344028        564.265033937284     
   592.041393569062        571.699435417174        538.446504220821     
   561.743127021884        623.630309831273        567.728173546985     
   526.721439697653        576.920897125087        518.603194770094     
   539.970528211077        584.759497735557        534.609329842190     
   481.485023887168        474.208827499598        498.755228251573     
   556.034079045625        577.091998681805        525.469352907167     
   535.112907471948        564.758875844452        526.122917328861     
   540.569905488840        557.964784055650        582.550713295846     
   561.640897037545        640.333430186206        623.391832090078     
   670.726237433196        611.078497786072        579.879520274106     
   538.899263469259        590.143283078029        604.138541401153     
   591.368257725464        602.063309609909        607.130970854409     
   581.635168182122        579.828237597462        538.142586440481     
   609.018477311900        626.651277129310        631.105783751303     
   617.647270455210        644.403807904868        629.498246051635     
   613.834821143254        632.003463898057        594.660408016760     
   598.129622168640        637.055427937615        577.717279763262     
   647.151163540196        617.862737328501        626.571917231069     
   674.672777046339        606.507176769376        655.453252500817     
   628.022697890016        629.696250553287        684.661947985143     
   589.198872696457        603.098225357318        633.424739906495     
   595.357406036883        634.229093581222        677.375274423570     
   622.088687714392        590.539504360114        605.513054504230     
   607.613922407174        598.513754675525        665.850006812886     
   614.226645950719        612.296598978426        615.191696150747     
   604.155642339121        599.111642578662        588.197386814029     
   611.245707258401        555.394422696646        583.429653099697     
   616.847320641885        617.156653483036        563.168762875912     
   614.787449743606        650.182205356628        627.375673388855     
   604.532635118141        632.975459586648        593.548218681544     
   609.715865641057        594.059102083518        645.606615041407     
   552.889656572582        629.896332093741        610.164697660676     
   570.880404540517        631.124301089238        628.153354479086     
   642.156100212725        616.598413837478        600.503806028641     
   655.234071544821        658.203392023475        673.965369055810     
   632.155639773919        658.049949470358        693.055081479523     
   636.799882144876        618.384263530444        599.430939058917     
   626.875262392561        593.315865989748        614.911000759453     
   588.310193989266        609.639072026579        650.349342197358     
   604.487402656580        634.113491955402        632.584178389479     
   566.858110823495        645.996224580069        615.742316015441     
   603.063360180838        595.100455010079        592.979575876937     
   602.853814782240        603.442435082305        669.985284826878     
   655.575479084966        635.916058103734        609.851190866620     
   588.151801224383        617.364202897753        695.460787967865     
   774.391716863456        756.475234704925        753.789220513120     
   706.470657622494        719.346403101851        724.658373882200     
   680.171127268297        651.904499724996        652.047163998997     
   661.700769317954        630.097287776671        621.205383284410     
   647.503994416035        678.814248340863        672.372605873107     
   661.094180160943        679.586904198851        647.265293777151     
   652.061242273086        683.028970493323        716.856515740566     
   702.280923619454        672.579285661291        683.263966599091     
   640.597879462474        680.177311394271        727.284319807192     
   687.844208565741        696.095067140592        647.894396214380     
   640.513107937065        704.164041619510        699.892144839381     
   767.512221434159        609.312979776033        615.618271370650     
   635.453241606922        627.113724977649        637.217779355588     
   609.881707824529        606.502190531417        583.897145893472     
   624.557131071507        605.409501854194        644.105577203271     
   581.673004866434        640.258310627790        659.647667836828     
   615.078771667156        605.544698105780        637.991791817378     
   629.982116744500        626.785382468084        619.790176936719     
   572.017031663791        653.206312280637        598.046337642004     
   592.385091445348        546.912215463463        596.824348563330     
   567.787243227858        595.043671659789        598.926546479048     
   597.709391069708        620.417911187209        612.063181020133     
   603.630335970660        564.246773235710        632.154598975861     
   636.891036587998        617.778492303257        631.206966261766     
   631.520588418752        680.138306461802        632.435700467004     
   589.478625566306        572.927457190120        550.057502812358     
   608.323450664533        623.063781952258        630.686047454147     
   575.205583776863        552.687448330762        581.682435024256     
   557.413447892028        622.240745713733        606.687345984016     
   505.102664731982        534.914392941950        533.478506567984     
   606.732373682130        522.787525613159        579.833011495245     
   569.749771976862        594.943029753039        543.839312488156     
   598.182018649404        553.591126034705        562.426490240090     
   651.656983547164        597.018538441663        573.010163955456     
   531.109051475384        576.157077294930        548.701120460044     
   586.895161097242        523.867875586253        543.930049868060     
   526.528493664508        579.056254753952        488.263942958669     
   513.039659696185        532.339801649012        528.321298328414     
   562.391384031248        552.850786420136        543.817965283744     
   568.477516023919        586.331683557459        606.238149596470     
   569.642655319097        602.373966968700        535.241436348983     
   578.789775654886        585.765739931625        551.444115118981     
   586.517455847809        641.189987292407        551.152621910458     
   576.246631784254        620.980898556503        597.498880624054     
   613.200927251198        643.198476191645        609.187667740943     
   594.084853202634        607.848043093707        563.982733721727     
   623.230905490932        595.437238015259        656.637869916207     
   603.030756535349        628.763041970949        626.752451267449     
   662.662135094417        553.799499265355        617.785954780432     
   608.158685899284        617.031241257220        613.795962128058     
   632.892179448452        609.183562463007        600.640418545097     
   577.550372551745        605.130179261458        641.767456568149     
   622.732753452716        636.938716742561        614.571776684056     
   619.035530226234        609.413281902442        578.357760495610     
   615.119767378723        612.171436398272        566.100121292131     
   572.490776176228        616.748829567448        587.873982339917     
   617.796048277314        604.896905020540        586.546574602223     
   594.767417971530        591.549109943736        563.006903432611     
   552.978087681131        604.723210684384        601.306780421540     
   607.177408587820        637.695872132168        678.308370744554     
   621.037057023070        689.420327152485        623.347605422304     
   626.841669775301        678.786602663127        714.659773984358     
   700.881429583066        704.971164132801        694.696320881046     
   718.258588024992        711.738044135744        692.469312967170     
   688.523783531449        725.905621836928        724.976920982606     
   698.873482889554        747.318940545376        692.318319087241     
   738.636523562094        730.946077471630        703.163097588438     
   824.418308887601        819.950637155560        770.494157030646     
   774.866653090112        737.216098315374        769.143556081913     
   740.116927132485        703.163674856049        687.479703039423     
   703.124818275298        700.721171812247        659.511096433183     
   735.896034051709        740.075958186794        696.674749569219     
   732.693214390901        750.275159304699        691.344028791432     
   735.020944348876        660.969424920252        742.186924672894     
   702.271735832671        687.743569190557        686.081772604005     
   706.084807546646        684.233049757028        710.796887700000     
   653.302943461223        665.836051610615        643.807418698184     
   706.070464356754        715.736121028012        638.364160928354     
   691.498564933799        640.360797061509        649.855559948045     
   612.820625684448        638.305725920082        632.307020118005     
   620.944496301941        658.972881452065        687.284941549622     
   700.195673929612        635.793628601507        709.740544456001     
   654.835944341313        616.148608886290        717.071470625694     
   616.186936101234        741.015430589512        709.247226260082     
   663.924582231281        693.432208086278        664.437610233448     
   644.283107539552        705.270667986754        667.938025919333     
   628.396704872581        623.716293643127        595.514957365501     
   658.175594228208        627.280814429433        593.218817356848     
   590.537852929559        581.010499580075        577.023265779121     
   613.615920861985        591.197229396622        578.259088913003     
   607.275548840145        586.448316532731        620.114353318711     
   649.325093210673        667.390529629400        646.668873733468     
   600.165373295011        632.494152117968        639.842300004324     
   652.604028126382        640.022714870693        628.051112105356     
   642.287941195235        642.425783123063        646.168207056011     
   669.388577593382        624.200560075432        629.461512047086     
   709.195523496505        673.233512399796        609.281154005625     
   705.418329836730        672.091543132106        668.774348223545     
   641.236955032237        683.821188371558        684.968462784773     
   685.821681136770        650.492568963224        668.569761227820     
   707.538210010609        696.022604899192        665.314429325475     
   632.784563982226        626.539804412485        660.328229506703     
   745.783776631231        707.391191226577        727.588820807639     
   732.017930636126        682.695962997500        707.139474776921     
   609.445681164430        691.047916008620        751.122190941139     
   688.458064093279        663.226949136446        673.745524566617     
   687.316801755320        649.997516257604        668.548999568604     
   680.109613899796        638.138578640383        692.215479936392     
   659.620507983656        652.769482202249        661.489109197503     
   660.413760891825        650.928979536691        658.338136760928     
   659.446058174666        657.052390224469        641.803193440520     
   649.468729973855        635.291276530332        671.682106771293     
   610.612042365862        619.991301506100        596.524674513333     
   632.088639192702        681.239039652800        644.855942633014     
   629.948504478484        619.014755453429        616.130676922772     
   600.597505768426        609.331638548046        634.298163546422     
   605.064266213495        622.359973920704        625.105477755835     
   608.694762809335        583.572405353959        605.016896043109     
   616.366488165719        612.875245636032        611.521563904914     
   574.292317218416        633.670017959931        582.118475918739     
   612.657855385696        624.878784946359        604.010184490803     
   570.798855898316        625.873464720163        552.190609672652     
   567.870353236763        562.822151854826        546.897322696323     
   530.346355532415        625.288628762063        633.717055038644     
   646.279943480402        629.824714347015        594.302101840811     
   660.148353565777        584.481623639277        606.733476336872     
   593.754448434152        581.450921374050        561.632474474030     
   534.446886518037        540.623379105988        606.582787664394     
   585.348045253812        580.234317849488        560.530840702906     
   580.639456810675        601.998869716626        596.847054995073     
   593.531547304918        555.870148345668        611.861592532871     
   592.065882023815        579.448455066005        609.933553184131     
   594.743780068364        582.070117424743        504.284020157341     
   535.772288664960        572.030338530525        547.581347578653     
   562.695361429992        536.864919765629        608.222355978458     
   547.048160979014        562.572597209724        530.829786384538     
   610.615933450492        562.520901038865        648.749722726584     
   624.584453965251        638.223956676768        573.758025378886     
   564.025103939689        634.150322742036        580.340672417060     
   597.745326528373        609.908759750453        603.054298737023     
   572.695418790515        595.014255968552        621.270636390873     
   585.582950305145        625.726131303944        613.159302589917     
   43292.0000000000     
   605.487778852067        1.96153216820286        22.6844431348632     
   1143.38724670149        1.67406624700072        2.61255793092536     
   6.30734050637643        39.6618422458604        11.8791064496768     
   5.29275490213357        1525.19271933815        2270.86240917643     
   3444.41666784408       0.777848963252857        1455.35541024610     
   408.159333706866        4.41344737845643        1168.41369160615     
   1182.74471326608        1518.69091659096        564.557704600903     
   22071.2952346991        5.15747682156786        4.86155602033036     
   219.962158999852        1.36969056572786        235.155578423388     
   516.491711599897        3.57641425495607        12.0228394102779     
   73.9463807892336        657.823486270927        96.5462751237433     
   1542.16166356911        496.639653276879        2.33354688975857     
   500.909367694734        1402.86751498660        692.547678576139     
   397.066531100478        302.109773423382        302.321145424266     
   172.800838162629        134.221220561295        1181.77240206201     
   7.66857619206893        1.17522832491464        2385.64586053644     
   870.979466842317        68.3999794860393       0.845488003535715     
   431.663900205159        12.5554968525054        19.8097839228418     
   13.9336422982686        108.137915652218        2.79856529170322     
   1834.53987007179        25.0856290649047        7.06827970955857     
   61.2556058561625        18.1441725558764       0.744029443111429     
   13.1304286949097        313.092662589311        405.386133055269     
  0.676390402828572        3.33967761396607        116.905626248883     
   1.45423936608143        4.82773650018893        106.785134846561     
   29.8710911649168        183.834456608770        5.57176594330036     
   2429.18849271853        6.98373090920500        1973.74101497391     
   269.465481606868        47.9560795605457       0.955401443995358     
  0.930036803889286        156.609742894920        7.58402739171536     
   29.8541814048461        23.2171005770907        4.45572177863322     
   1.33587104558643        30.8687670090889        2.10526512880393     
   201.209235081429        4.58254497916357        5.16593170160322     
   4.26125953782000       0.769394083217500        29.8541814048461     
   1.72479552721286        20.7060012065897        1025.94896301038     
   3.83006065601679        375.126117408726        188.501550388288     
   2.14753952898072        43.9315566637157        1.47960400618750     
   3.32276785389536        2.57028353074857        2008.31301943849     
   1.75016016731893        2.54491889064250        166.933151418092     
   1.14986368480857        38.7571700820772        2.79011041166786     
   2.10526512880393        445.217072901837        8.39569587510965     
   2.35045664982929        72.2300401420561        18.4231835970432     
  0.946946563960000        19.2010325602961        1.80934432756643     
   1.03995024434893        2.81547505177393        255.455745388281     
   52.9951880616186        3.21285441343572        24.4346033021822     
   1.49651376625822        3.58486913499143        125.842434446256     
   76.0262812779315        2003.58674149872        1.10758928463179     
   4.23589489771393        30.9364060493718        673.245187455419     
   1.91080288799072        1.10758928463179        501.729491058164     
   278.013365322614        115.417567362660        102.532330188776     
   258.482592440939        3.73705697562786        7733.39975730002     
   4.01606801679464        2.36736640990000        504.874706431317     
   1969.41211639581        1862.04359482681        2.41809569011214     
   3336.81140963409        7.08518946962929        1.41196496590464     
   1.02304048427821        2.05453584859179        639.704678355157     
   687.263378554041        546.328983244673        2.18135904912214     
   1202.83350823008        5.02219874100215        2738.37500073151     
   4.00761313675929        732.471622103096        20.3931706452814     
   63.6229722660625        1502.88874580487        4097.65760913584     
   196.102487540074        449.351509239126        2000.65289812646     
   2.91693361219822        1730.53639075687        14.2887472597536     
   4132.02669647957        8.09977507387215        267.825234880008     
   380.249774710152        128.497266777358        1214.13768283736     
   7.28810659047786        519.450919612272        460.393582565303     
   4.86155602033036        1548.61273703609        128.793187578595     
   1287.35694394355        3.28049345371857        18.9304763991647     
   257.823111798181        550.387325661644        568.387765256920     
   1.12449904470250        826.937996738141        2307.66650197034     
   836.686473418908        70.8180751761515        1.61488208675322     
   493.528257423867        788.113187615781        156.423735534143     
   2087.85653081113        4.25280465778464        5.77468306414893     
   1.84316384770786        38.0385052790718        7107.93309692440     
   11.8368320495000        1.95307728816750        5.03065362103750     
   557.607793211839        2225.19760210547        3.18748977332965     
   707.876376080242        5.14056706149715        1090.71334408121     
   3653.89477560009        9.45255587952929        2006.06402134908     
   202.266095085849        622.896376844867        2.48573473039500     
   315.874318120943        2088.03408329187        4.38808273835036     
   908.265487798242        2.99302753251643        2.02071632845036     
   28.4422164389414        12.8598725337782        6.62862594772000     
   187.461600143939        3.94842897651179        8.39569587510965     
   2898.57806764146        2956.09661652199        895.989001986903     
   1.37814544576321        2.55337377067786        586.988501334705     
   1.13295392473786        1312.65394500934        178.922171308228     
   230.945048165780        1093.03843609094       0.879307523677143     
   460.638774086328        1036.65284113514       0.405834241697143     
   2365.77689245335        24.3415996217932        6.30734050637643     
   3200.56101786431        25.0602644247986        1.01458560424286     
  0.904672163783215        479.848261526660        331.735673067273     
   1403.79755179049        274.031116825960        1604.18666350849     
   40.8370705707750        220.613184762574        3.81315089594607     
   792.484360594061        159.890236348639        2.25745296944036     
   6.50180274718965        1.44578448604607        6035.26246683864     
   4.21053025760786        242.190038612805        136.157388089392     
   1.47960400618750        1374.26465582699        1464.28376356343     
   5.14056706149715        3.91460945637036       0.735574563076072     
   8.49715443553393        1267.26814897954        2155.07282709222     
   5.47876226291143        213.341987932167        1.36969056572786     
   703.133188380406        141.593875952126        13.0289701344854     
   333.688750355441        2.44346033021822        256.081406510897     
   4000.58713144991        64.1049004280779        7.36420051079608     
   301.103642699174        505.424273633615        1.00613072420750     
   3.01839217262250        1604.77005023093        707.648094319287     
   7.52484323146786        60.0211933710004        16.7152978299011     
   2846.95257014557        207.262929186745        1841.04167281898     
   3.74551185566322        354.580758922808        28.0110175571382     
   16.4193770286636        2.00380656837964        2.63792257103143     
   11.1942611668129        6.67935522793215        12.6992298131064     
   399.780547591827       0.989220964136786        16.4785611889111     
   395.037359891992        22.1771503327418        34.4620910241157     
   4.71782305972929        4.01606801679464        7.59248227175072     
   2.34200176979393        176.732357379070        2.71401649134964     
  0.989220964136786        7.23737731026572        2.00380656837964     
   1256.39517325407        5.52103666308822       0.676390402828572     
   549.964581659876        4.11752657721893        1.44578448604607     
   801.632540792317        566.003489086949        3.35658737403679     
   503.276734104634        642.198867965588        34.3099031834793     
   415.751815978617        271.663750416061        2305.03703427935     
   674.285137699768        14.7875851818397        29.1355166018407     
   868.798107793194        1785.73830250771        6.97527602916965     
   38.0723247992132        2649.28592979895        3.49186545460250     
  0.312830561308214        166.172212214909        2.86620433198607     
   1.31896128551571       0.287465921202143        277.134057798937     
   1.26823200530357        1.17522832491464        159.585860667366     
   4.52336081891607        2.50264449046572        447.263153870393     
   13.8406386178796        1243.66212392082        3.04375681272857     
   6.01141970513893        141.010489229686        2.62946769099607     
   126.434276048731        2.15599440901607        2.15599440901607     
   13.0543347745914        6.47643810708357        267.495494558629     
   12.6654102929650        2.20672368922822       0.558022082333572     
   474.082033342546        2313.72865095570        2.72247137138500     
   452.970197894259        508.780861007652        1.94462240813214     
   1.55569792650571        223.208832933429        298.626362848814     
   349.550105301771        999.282271378861        1.60642720671786     
   787.293064252352        782.837342473718        1.32741616555107     
   662.701952051329       0.938491683924643        1705.72977273313     
   1.24286736519750        4.67554865955250        1672.31608683340     
   343.208945275253        449.359964119162        23.6482994588939     
   7.37265539083143        3.10294097297607        695.828172029858     
   435.316408380433        1671.90179771166        605.470869091996     
   2.88311409205679       0.845488003535715        733.714489468293     
   1185.80537983888        55.4640130319429        9.06363139790286     
   2.28281760954643       0.574931842404286        171.380418316689     
   409.131644910932        229.161068478320        632.044557043124     
   3086.72451306826        139.657708424029        965.885495239201     
   2.15599440901607        2.20672368922822        7.85458355284679     
   1.21750272509143        27.7066418758654        3.83851553605215     
   3.98224849665322        2.00380656837964        294.196005710287     
   147.554566377053        3.43268129435500        4607.63060822848     
   2.02917120848572        197.277715864988        2559.97703198547     
   13.0881542947329        1.79243456749572        345.770773925966     
   788.578206017726        45.5633485105397        28.5436749993657     
   551.697832067125       0.591841602475000        1272.75536612249     
   426.861528345076        806.553280972895        124.405104840245     
   335.743286204032        33.2107687788829        290.670320735543     
   1.14986368480857        153.007963999858        6.45107346697750     
   23.8089421795657        1.40351008586929       0.786303843288215     
   5.55485618322965        101.813665385771        2.32509200972322     
   3.13676049311750        3.53413985477929        264.324914545371     
   38.8417188824307        3.28894833375393        324.109371275381     
   366.070940890858        697.519148036929       0.777848963252857     
   2.90002385212750       0.980766084101429        21.1541098484636     
   2303.89562547457        2.23208832933429        107.884269251157     
   41.0822620918004        1.92771264806143        234.242451379570     
   2.62946769099607        1645.13364751972        413.257626368187     
   1.37814544576321       0.574931842404286        2.29972736961714     
   211.388910643999        1441.65850458882        2.39273105000607     
   29.7019935642097        19.1418484000486       0.659480642757857     
   873.566660133136        547.394298129128       0.997675844172144     
   6.43416370690679        19.2263972004022        338.237475814463     
   784.232397679552        551.748561347337       0.837033123500358     
   1.16677344487929        1415.43992159918        1.41196496590464     
   4.05834241697143        3.48341057456715        1984.63935533949     
   3.56795937492072        1444.88826876232        12.4371285320104     
   8.76771059666536        9.26654851875143        114.174699997463     
   3.46650081449643        2.22363344929893        1806.53730739469     
   1.94462240813214        6.64553570779072        41.9953891356190     
   366.316132411884        3.04375681272857       0.811668483394286     
   5784.70209699083        1117.75205043429        1294.59432125382     
   1.64024672685929        188.738287029278        308.053554088238     
   384.037560965992        1551.37748280765        4298.88375397734     
   4.10061681714822        1146.07589855273        1.22595760512679     
   3156.42654407974        3555.87735135019        1898.21357161807     
   1012.02377559214        3.06912145283464        1.29359664540964     
   209.638750476680        1966.01325462160        1.39505520583393     
   2172.32923724438        3164.34876667287        1.98689680830893     
   2.84083969188000        120.558134424158        355.789806767864     
   15.8106256661179        419.049219192406        2.75629089152643     
   287.305278481471        1577.59606579729       0.541112322262858     
   116.888716488813        296.419639159586        21.5853087302668     
   6.89072722881607        2.21517856926357        4.07525217704215     
   1.03149536431357        8.73389107652393        7.51638835143250     
   4159.40359803405        6.91609186892215        753.397450190605     
   21.6952221707264        343.065212314652        1.49651376625822     
   351.114258108312        554.132837517308        123.424338756144     
   708.518946962929        554.859957200348        616.961051060046     
   8.04904579366000        91.4564373424583        521.995838502915     
   2.01226144841500        4.36271809824429        3.65250817527429     
   28.1209309975979        1.17522832491464        92.7838535080093     
   3.17903489329429        9.90066452140322        1.44578448604607     
  0.456563521909286        1.09913440459643        496.495920316278     
   3.11139585301143        3.06066657279929        2.29127248958179     
   2.34200176979393        39.4335604849057        4.19362049753715     
   10.0359426019689        4.35426321820893        3012.44839195765     
   77.4297913638007        543.099219071166        48.3027296419954     
   402.984947125228        5.82541234436107        944.858208591267     
   2.59564817085464        1267.89381010216        1994.42165154040     
   331.803312107556        1092.41277496832        1.08222464452572     
   337.797822052624        509.093691568960        5.76622818411357     
   284.286886308849        166.933151418092        952.197044461957     
   4.09216193711286        4.71782305972929        826.109418494676     
   1300.85938736002        4.58254497916357        131.879218791501     
   4.65863889948179        258.871516922565        207.313658466957     
   17.1380418316689        4.97146946079000        2.58719329081929     
   1.61488208675322        1592.12154969803        247.026229993030     
   1085.32758549869        418.913941111841        2.47727985035964     
   2.70556161131429       0.228281760954643        5.79159282421965     
   97.2395752866425        3.10294097297607        7.27965171044250     
   339.531072459872        1.72479552721286        766.198138564135     
   15.6838024655875        955.088613434049        1.38660032579857     
   2572.21124339663        3.26358369364786        695.126416986923     
   6.62862594772000        675.122170823268        1.26823200530357     
   1.12449904470250        301.002184138750        1956.30705234101     
   2.27436272951107        191.147927839354        2.05453584859179     
   458.651877278019        1.42041984594000        1206.09709192373     
   2.43500545018286        36.4828073525661        2.95920801237500     
   37.4889380767736       0.600296482510357        1018.79613450047     
   3.59332401502679        955.967920957727        1.14986368480857     
   3.43268129435500        1048.21066214347        345.212751843632     
   12.2342114111618        820.334735430527        120.980878425925     
   3.65250817527429        2.11372000883929       0.566476962368929     
   103.022713230827        938.939792566517        2.84083969188000     
   124.616476841129        1320.54234808233       0.625661122616429     
  0.693300162899286        90.3911224580033        69.6005724510600     
   2.13062976891000        1363.14648858049        3.70323745548643     
   855.380213177083       0.245191521025357        7.73621523235179     
   1266.99759281841        5.47030738287607        2.11372000883929     
   1975.17834457992        351.875197311494        24.1640471410507     
  0.202917120848572        1903.75151804123        1265.10369969049     
   109.448422057698        1.75016016731893        4.79391698004750     
   2.46882497032429        815.786009971505        9.53710467988286     
   181.475545078906        3.49186545460250        529.943425736151     
   1.93616752809679        2236.00293879066       0.439653761838572     
   3568.59349092337        1.45423936608143        1008.56572965768     
   14.4916643806022        1.47114912615214       0.938491683924643     
   48.9622102847532        3.25512881361250        159.932510748816     
   1174.83094555298        16.6053843894414        1.43732960601072     
   5.17438658163857        4.49799617881000        1210.22307338099     
   2004.28849654166        15.0412315829004        181.999747641098     
   1.05686000441964       0.913127043818572        2.19826880919286     
   34.1238958227014       0.456563521909286        423.166745769625     
   1137.51110507692        2.75629089152643        48.8692066043643     
  0.963856324030715        41.1837206522247        1017.12206825346     
   1172.60731210368        4.94610482068393       0.617206242581072     
   3687.13090901908        2.24899808940500        265.339500149613     
   1267.85153570198        52.8599099810529        13.8998227781272     
   4.29507905796143        2.34200176979393        848.032922426357     
   1006.40128036863        345.525582404941        594.073690804335     
   355.197965165389        225.449376142798        1.47960400618750     
   325.758072882276        156.736566095451        1820.59777289349     
   916.094706710982        13.0458798945561        7.17819315001822     
   1.61488208675322        1077.90420082765        2.45191521025357     
   3.42422641431964        349.304913780745        1008.45581621722     
   1993.00968657449        15.8106256661179        964.169154592023     
   1727.08679970244        1.47114912615214        123.432793636179     
   4.13443633728965        2.17290416908679        2017.97694731890     
   12.5216773323639        8.34496659489750        131.490294309874     
   21.9488685717872        2122.68218167677        28.0448370772797     
   1076.13713090026        929.935345328862        3013.88572156366     
   663.674263255395        1.47960400618750        13.6884507772432     
   3.74551185566322        2662.74609881524        15.2018743035722     
   8.78462035673608        7.12746386980608        213.198254971566     
   432.196557647387        894.771499261812        897.916714634964     
   108.349287653102        158.858740984325        1082.09782132518     
   384.815409929245        5.94378066485607        11.2365355669896     
   1319.19802215671        2069.61935457486        1.39505520583393     
   1.13295392473786        315.037284997443        1.69943088710679     
   1754.72580253802        20.4946292057057        240.744254126759     
   1185.90683839930        80.7610140977315        2.62101281096072     
   101.492379944427        273.963477785678        8.66625203624108     
   962.283716344138        484.828185867485        2769.48895926162     
   1.47114912615214        2063.30355918845        1604.71932095072     
   2734.04610215341        2403.17282684974        481.454688733377     
   384.071380486134       0.659480642757857        1814.83154470938     
   2940.64109581736        1.93616752809679        3062.78029280813     
   256.360417552064        301.222011019669        9.71465716062536     
   1.53878816643500        613.300088004737        3096.50680926917     
   2.37582128993536        4.78546210001215        113.151659513185     
   33.8871591817114        2.07144560866250        4.14289121732500     
   1.97844192827357        1.95307728816750        335.092260441310     
   481.784429054756        8.27732755461465        2.55337377067786     
   7.25428707033643        2.24899808940500        475.282626307567     
   23.2931944974089        140.959759949474        324.058641995169     
   45.6817168310347        206.036971581618       0.946946563960000     
   522.748322826062       0.879307523677143        571.609074550391     
   100.359426019689        1.75861504735429        425.238191378288     
   158.216170101638        20.7060012065897        1299.79407247556     
   86.7555240427997        174.094434808039        501.873224018765     
   336.275943646260        198.216207548913        1621.29088582002     
   2.67174209117286        437.954330951465        31.9256270135086     
   6.05369410531572        9.99366820179215        1749.73742331716     
   8.75925571663000        383.386535203270        6.16360754577536     
   1.18368320495000        396.178768696765        330.577354502429     
   1098.44955931357        67.3262097215490        27.1908941937086     
   1.79243456749572        6379.21544155700        110.395368621658     
   385.221244170942        3.63559841520357        479.822896886554     
   33.6673323007922        236.567543389293        32.1877282946047     
   1457.31694241430       0.972311204066072        6.44261858694215     
   15.6077085452693        1857.47795960772        1780.31026952501     
   1.03149536431357        1.45423936608143        7.32192611061929     
   22.8366309754997        425.863852500904        2.36736640990000     
   878.013927031734        4.92074018057786        410.053226834786     
   872.890269730307        3.72014721555714        1737.81604246731     
   59.3955322483840        1.73325040724822        268.400166722413     
   1063.12507052584        1112.93276881413        12.9444213341318     
   1266.09292065463        204.007800373133        156.542103854638     
   349.034357619614        2.28281760954643        405.986429537780     
   163.889394605363        3.09448609294072        1.40351008586929     
   12.8514176537429        140.291824426681        23.9357653800961     
   214.102927135349        2696.43034087610        1694.75533844723     
   216.943766827229        3738.80713579518        590.209810628176     
   1777.20732855204        4.78546210001215        4.00761313675929     
   8.11668483394286        485.479211630207        2.22363344929893     
 ------
  0.000000000000000E+000  0.000000000000000E+000  0.000000000000000E+000
  0.000000000000000E+000  0.000000000000000E+000
  0.000000000000000E+000  0.000000000000000E+000  0.000000000000000E+000
  0.000000000000000E+000  0.000000000000000E+000
