           3           8           8           8
   5.00000000000000        7.91500000000000       -5.20000000000000     
   110000000.000000        4628819.00000000     
        5066         913        3561
   1169773.19999997     
   1874359.80000006        1831692.20000002        1848854.60000001     
   1822182.59999998        1865533.20000002        1938860.40000007     
   1960520.39999996        1963670.80000005        1960137.20000006     
   2008434.60000010        1948791.39999997        1915221.60000004     
   1910224.39999994        1919147.80000002        1960348.00000010     
   2015792.80000002        2012721.40000005        2068019.20000005     
   2078748.99999998        2026149.99999997        1989699.20000002     
   1954649.20000007        1923451.20000004        1892225.19999999     
   1863425.99999999        1829178.99999997        1825899.60000003     
   1781476.79999994        1786941.20000002        1809776.39999996     
   1861834.00000002        1857990.79999998        1907772.60000000     
   1933892.19999998        1878777.99999997        1898845.59999996     
   1970957.19999997        1924361.99999993        1931798.99999994     
   1936300.79999999        1929999.59999992        1904481.39999995     
   1866060.20000000        1850743.99999994        1831409.79999994     
   1859142.00000007        1790441.00000003        1736015.60000002     
   1726648.19999997        1729785.99999995        1674215.60000008     
   1650561.00000003        1688017.20000001        1783620.80000005     
   1782563.20000006        1787133.20000002        1763797.39999996     
   1811177.80000002        1826387.39999991        1811370.39999998     
   1814320.20000003        1766036.59999997        1783692.79999996     
   1779681.20000005        1784846.99999996        1790132.59999998     
   1791917.99999999        1796680.79999994        1802054.60000003     
   1812028.79999997        1839869.59999994        1804486.80000003     
   1786068.60000001        1791196.80000000        1773642.99999999     
   1711473.80000003        1702686.79999996        1662892.19999995     
   1686740.00000010        1678988.19999998        1733574.99999997     
   1806993.39999993        1830851.00000006        1878362.59999999     
   1853099.80000005        1851684.80000000        1863237.00000000     
   1880722.40000003        1853313.00000001        1907218.39999994     
   1891972.99999995        1870485.19999996        1906102.99999992     
   1923709.79999992        1883072.99999991        1869388.59999995     
   1869909.40000000        1861508.59999996        1846448.20000004     
   1823328.40000006        1790495.19999996        1817677.80000003     
   1782180.19999994        1831667.39999999        1838591.39999998     
   1884885.19999999        1916125.59999999        1919546.99999998     
   1896749.59999999        1922564.99999991        1949515.59999993     
   1907394.00000000        1859952.20000011        1863681.59999998     
   1780139.59999998        1765926.39999994        1761588.80000002     
   1753186.59999999        1762330.00000001        1772413.39999992     
   1781751.40000002        1936875.60000000        1962532.79999994     
   1977542.20000004        1983873.00000001        1909869.80000007     
   1921769.59999997        1900050.40000004        1901288.79999996     
   1884576.79999998        1883093.79999997        1881860.39999996     
   1867845.80000004        1857531.19999997        1761441.00000002     
   1747383.00000007        1757898.00000000        1745423.79999998     
   1611204.40000000        1607203.99999996        1632940.19999995     
   1643546.59999995        1651841.39999999        1639837.40000001     
   1668518.60000001        1718401.00000000        1733786.00000002     
   1692307.60000004        1694271.80000004        1700727.00000003     
   1709020.59999998        1702316.40000001        1699218.79999997     
   1740083.60000001        1741795.40000006        1821731.59999994     
   1890261.79999996        1916607.99999998        1837503.79999991     
   1831657.19999998        1851432.60000004        1856330.79999997     
   1819813.80000000        1785697.19999999        1770614.40000001     
   1737965.20000005        1744357.59999996        1635934.80000001     
   1561053.60000004        1541732.80000000        1604993.99999999     
   1604096.20000001        1606131.59999997        1607800.39999997     
   1628835.79999998        1599812.99999999        1663978.20000004     
   1675161.20000002        1663310.99999994        1684258.40000002     
   1680038.60000005        1640121.60000002        1710164.20000007     
   1695674.60000001        1752979.00000007        1791501.60000006     
   1794909.40000000        1805014.59999995        1783226.99999990     
   1711768.40000003        1695109.79999999        1670306.60000004     
   1595462.00000001        1612385.79999996        1568496.99999996     
   1582524.39999997        1631640.79999997        1637925.40000002     
   1650926.79999996        1688739.19999995        1692096.19999994     
   1704094.20000004        1694056.40000005        1644905.20000004     
   1638996.80000001        1632453.39999995        1634730.99999999     
   1722895.59999998        1772333.00000002        1773138.00000000     
   1758483.59999998        1760248.39999993        1770555.80000003     
   1813215.79999994        1845183.00000008        1835754.40000008     
   1841973.99999996        1786033.79999997        1751877.60000008     
   1799696.80000002        1838787.60000002        1861377.40000000     
   1884635.60000003        1890072.40000001        1893788.00000006     
   1893452.00000000        1893220.39999995        1881127.60000000     
   1879980.20000000        1878488.00000008        1876583.60000000     
   1879347.39999991        1878711.80000000        1875997.59999993     
   1877984.39999995        1894178.60000001        1893427.20000003     
   1890604.40000003        1884903.20000002        1864758.59999999     
   1889797.99999999        1918695.40000004        1944621.00000000     
   1908769.00000000        1818729.40000004        1782368.40000001     
   1805078.79999995        1837823.79999998        1896607.39999996     
   1899029.39999997        1771120.80000006        1770939.59999994     
   1802678.80000001        1780544.00000007        1768577.40000008     
   1743402.79999996        1773324.00000002        1788523.20000005     
   1832858.79999994        1873315.00000001        1897380.99999994     
   1741853.39999998        1847406.79999999        1822564.20000002     
   1817840.19999995        1808781.20000003        1831356.60000006     
   1838238.80000006        1785775.99999997        1733110.79999996     
   1742227.80000003        1731176.40000004        1712361.40000005     
   1712456.19999996        1698711.00000002        1675049.40000006     
   1606774.79999997        1592851.80000004        1585435.59999996     
   1581707.20000005        1576522.80000000        1576946.19999998     
   1612220.40000000        1636557.00000008        1591833.99999998     
   1571323.20000008        1576246.80000000        1587317.59999995     
   1485067.40000005        1483319.59999999        1483888.79999996     
   1475406.99999994        1467250.00000003        1639110.79999992     
   1697434.39999997        1702198.19999996        1733119.40000003     
   1763831.39999999        1726427.60000003        1739570.99999999     
   1776102.80000005        1785078.00000001        1773056.60000001     
   1698640.20000001        1694959.79999995        1750720.39999999     
   1731831.59999994        1726741.39999995        1772225.00000008     
   1822687.00000000        1704796.20000009        1642259.80000004     
   1693544.20000003        1786454.20000004        1766352.59999995     
   1754953.80000003        1744520.19999998        1702300.19999996     
   1662301.00000006        1645568.79999995        1726565.19999996     
   1763589.20000000        1784727.60000005        1739049.39999999     
   1790931.19999995        1804084.40000000        1798283.80000000     
   1792884.99999995        1786491.40000004        1781999.79999998     
   1839409.79999996        1827454.20000004        1776677.00000001     
   1786368.20000006        1823908.00000004        1817971.60000004     
   1817965.19999998        1829842.79999994        1843836.39999996     
   1835967.59999997        1839134.19999993        1868203.99999995     
   1865411.60000000        1873757.60000004        1879122.39999998     
   1835335.19999995        1712354.39999999        1684965.00000000     
   1670449.19999996        1689988.59999995        1710266.20000000     
   1687623.19999997        1778092.39999999        1829002.59999998     
   1854713.60000008        1923958.99999996        1872500.19999993     
   1885097.40000003        1848606.99999997        1812720.00000008     
   1799387.79999995        1756660.80000001        1707488.20000003     
   1630011.39999999        1544544.40000006        1637940.99999998     
   1767364.20000001        1751456.19999994        1758907.00000001     
   1807012.99999996        1776061.39999998        1634044.80000006     
   1609587.39999998        1609734.59999993        1639001.80000005     
   1647361.00000006        1672857.19999996        1699268.20000007     
   1699136.40000008        1694793.20000000        1678704.40000002     
   1720966.20000005        1710677.99999994        1692268.79999998     
   1706614.20000004        1778513.60000000        1781468.80000000     
   1769334.39999997        1763007.79999997        1856395.60000011     
   1865620.19999995        1872970.79999990        1928634.19999999     
   1907638.20000009        1927412.99999999        1983089.20000010     
   1994920.79999997        1975535.59999998        2000882.60000005     
   1860708.60000003        1803793.80000001        1832341.40000006     
   1848343.59999998        1844789.19999998        1849062.39999994     
   1816946.20000003        1813098.60000009        1935368.79999999     
   2010179.40000003        1991520.59999993        2047571.59999997     
   2013930.00000005        2007634.60000000        2056260.20000007     
   1980164.79999996        2003229.80000005        1985173.00000008     
   1961498.60000004        1969820.60000000        2006650.99999995     
   1976327.19999997        1893216.99999995        1952676.60000007     
   1998062.99999991        1965947.00000004        1913821.79999994     
   1937039.19999992        1950771.00000004        1913598.79999998     
   1903635.99999993        1906280.40000003        1867406.20000002     
   1832119.80000003        1853685.00000004        1855497.79999994     
   1851629.39999998        1869272.99999998        1882274.19999999     
   1899397.79999997        1959793.00000004        1958545.19999992     
   1913180.60000001        1902781.40000002        1889202.00000006     
   1883424.40000006        1879975.60000001        1861047.79999999     
   1830297.39999997        1755491.99999998        1805281.99999992     
   1798512.40000000        1799100.79999996        1796114.59999993     
   1777374.59999997        1693090.99999994        1646496.20000001     
   1621064.40000007        1631138.80000001        1679577.80000002     
   1685844.39999994        1695488.99999998        1711340.19999999     
   1763981.19999993        1756807.80000002        1749618.19999996     
   1739409.80000001        1732154.40000005        1728757.40000002     
   1741439.19999996        1749048.20000005        1719909.20000000     
   1742434.60000002        1734918.59999995        1780975.80000005     
   1867711.39999999        1848248.80000006        1765848.80000001     
   1751718.80000000        1620877.59999998        1631474.79999997     
   1661020.00000003        1674515.79999998        1606924.40000005     
   1607606.20000007        1603777.19999999        1617247.19999998     
   1621878.80000003        1623069.79999998        1631775.80000001     
   1666688.79999998        1783078.39999999        1795185.59999998     
   1813548.80000000        1675552.00000000        1643057.00000002     
   1619591.79999995        1590770.19999994        1602197.19999998     
   1610993.99999999        1604667.60000000        1521419.79999989     
   1503064.39999992        1580496.60000002        1587687.99999990     
   1540243.59999998        1503731.00000011        1571926.40000001     
   1636886.19999999        1662192.19999995        1629462.39999995     
   1581882.59999995        1573655.20000007        1592376.60000005     
   1615464.60000012        1615373.60000011        1621367.40000011     
   1656143.80000014        1664100.60000007        1614821.59999989     
   1623360.19999997        1607932.19999988        1605365.79999991     
   1649954.39999998        1593481.79999995        1643659.40000008     
   1567585.39999999        1564833.60000000        1562211.99999998     
   1610051.40000015        1610380.59999996        1598776.99999985     
   1584806.60000011        1581231.00000011        1561623.80000010     
   1549842.00000002        1565451.20000010        1566780.80000006     
   1569227.20000016        1575902.79999989        1564477.00000016     
   1500724.00000002        1578605.20000016        1573964.40000001     
   1551244.40000006        1582419.80000000        1602324.79999989     
   1601668.39999998        1624496.40000007        1657530.19999999     
   1656310.19999988        1680223.79999999        1653308.60000014     
   1591778.59999988        1704091.00000008        1690877.59999977     
   1520395.99999994        1566646.60000003        1610722.00000001     
   1812475.40000000        1861948.60000013        1835858.60000011     
   1844692.59999990        1821200.00000000        1867694.80000022     
   1879495.60000004        1954462.80000016        1953929.00000025     
   1947967.39999993        1951731.39999981        1945936.39999999     
   1933995.19999997        1960146.19999986        1986345.39999989     
   1987356.19999987        1989753.00000012        1993535.40000005     
   2025792.79999998        2041843.80000000        2053080.99999999     
   1821593.40000010        1790989.00000017        1772619.40000001     
   1756944.00000007        1747432.80000000        1741078.60000006     
   1721527.79999989        1707275.20000015        1704181.19999984     
   1708044.60000008        1778215.60000007        1821435.20000006     
   1843558.99999993        1849187.79999999        1837521.99999983     
   1891690.79999993        1932004.60000001        1894363.39999993     
   1759105.60000012        1710908.40000014        1714142.20000008     
   1796762.60000010        1819401.59999995        1867396.39999984     
   1864116.60000000        1857999.60000001        1826922.80000006     
   1817208.19999980        1679238.59999987        1590819.40000014     
   1580052.19999989        1642792.19999995        1600859.00000005     
   1603424.80000011        1645215.80000005        1657595.19999985     
   1656011.60000006        1574744.20000019        1531154.19999992     
   1546906.99999994        1604928.40000004        1619850.79999995     
   1576406.80000007        1598733.80000004        1607252.39999995     
   1651504.60000004        1644146.19999996        1576181.39999993     
   1689137.60000004        1672117.60000012        1640332.99999999     
   1660194.40000015        1683394.20000005        1688834.19999997     
   1708054.00000001        1764974.80000008        1807944.79999994     
   1870491.60000009        1887928.19999996        1889266.19999993     
   1899478.00000006        1866308.79999990        1779523.20000002     
   1740989.80000011        1753848.60000002        1758156.20000003     
   1830641.00000010        1835612.79999980        1841105.79999992     
   1826923.40000015        1807350.40000011        1813169.20000004     
   1771911.20000014        1641164.00000007        1644548.19999990     
   1685199.00000003        1782373.40000003        1627902.19999995     
   1573799.00000002        1570419.19999987        1580627.19999996     
   1584115.60000015        1581109.99999997        1583453.19999996     
   1591567.60000000        1741287.80000000        1991682.39999995     
   1997481.20000013        1992954.60000010        2008909.79999987     
   1972260.60000008        1962341.39999998        1976645.80000013     
   2036563.60000001        2052281.19999986        2031783.59999989     
   2043690.00000021        2066644.79999982        2014658.59999991     
   1874586.60000012        2047522.79999989        1994544.99999992     
   2011950.40000000        2056239.39999984        2057135.79999994     
   2029696.20000001        2067199.20000000        2085559.60000002     
   2059378.20000003        2041179.99999998        2040658.00000020     
   2042257.39999993        2028929.19999979        2028188.39999987     
   2028991.80000002        1950688.59999998        1848867.80000002     
   1853179.60000012        1818207.39999995        1840863.99999991     
   1831421.60000019        1812524.39999984        1797765.80000002     
   1790588.99999980        1779131.80000005        1815308.80000005     
   1954015.39999999        1863536.80000005        1796760.20000001     
   1826394.39999986        1782162.19999990        1746589.79999992     
   1754009.19999993        1707019.60000018        1689751.80000015     
   1693155.20000007        1687683.39999988        1688687.59999995     
   1662972.80000018        1672174.59999990        1674852.79999988     
   1638500.39999988        1628428.79999997        1626481.40000002     
   1602833.00000006        1510178.60000009        1547705.79999995     
   1584262.80000010        1576985.39999984        1541974.79999984     
   1464096.79999996        1439906.20000002        1408092.80000008     
   1455494.79999999        1529310.80000008        1582148.39999991     
   1619685.39999987        1653712.00000004        1699599.99999996     
   1749044.80000011        1739805.79999996        1736402.19999984     
   1735463.99999990        1725424.00000013        1706903.00000007     
   1683698.60000015        1653078.79999997        1648860.19999992     
   1883155.40000007        1871733.00000017        1873031.80000007     
   1827008.59999980        1808586.80000004        1803860.39999986     
   1763406.60000009        1714634.99999991        1672130.00000002     
   1676591.59999995        1692071.99999990        1740951.19999990     
   1762000.40000006        1735340.20000003        1773016.59999983     
   1776764.00000005        1829240.00000009        1875172.59999990     
   1891229.99999995        1893831.20000013        1897179.60000004     
   1943056.99999988        1935116.79999994        1928327.39999974     
   1910204.00000002        1917250.19999997        1879090.20000003     
   1826491.99999991        1831350.20000018        1832632.19999991     
   1762372.80000005        1816744.60000012        1814053.80000007     
   1791945.00000007        1689032.40000009        1630037.20000013     
   1605993.19999982        1555375.60000015        1624939.59999992     
   1664743.19999996        1607417.00000000        1524273.79999990     
   1556848.79999998        1549036.20000000        1529676.40000008     
   1520306.39999998        1698111.80000002        1712271.79999994     
   1693118.40000009        1724415.40000003        1739116.40000003     
   1741004.00000001        1744892.39999977        1743511.80000015     
   1781968.00000007        1713308.19999999        1655493.39999996     
   1644631.00000006        1642953.19999989        1647271.40000006     
   1657890.60000001        1653980.60000006        1729422.39999988     
   1901653.39999992        1960801.99999997        1952979.60000010     
   1956439.20000002        2025514.60000013        2015271.20000016     
   2005847.79999992        1974731.59999990        1943652.39999989     
   1944671.40000008        1931161.99999982        1894839.60000007     
   1866976.80000000        1861910.39999980        1858352.80000012     
   1857143.40000005        1852676.20000004        1850652.79999982     
   1851752.39999988        1888546.39999990        1868617.39999991     
   1863007.19999995        1872014.40000017        1910372.19999991     
   1920512.79999988        1896431.20000004        1861419.79999999     
   1852711.79999991        1857171.00000011        1842918.80000009     
   1834985.99999987        1806913.40000008        1782754.60000017     
   1806225.40000016        1808394.00000017        1821133.80000012     
   1890713.19999994        1904354.60000011        1920569.19999993     
   1948531.00000009        1928050.20000005        1885314.40000013     
   1855826.60000001        1816288.80000003        1773754.40000002     
   1925964.99999999        2002252.39999996        1881347.00000009     
   1859846.19999996        1868670.20000001        1884290.39999997     
   1852842.20000001        1774219.39999999        1747445.99999986     
   1732711.00000010        1734998.00000012        1723032.00000007     
   1701248.40000021        1701965.60000001        1712789.00000008     
   1723433.80000008        1727547.79999993        1761747.00000017     
   1800093.99999997        1733424.00000014        1729606.79999991     
   1656898.39999996        1632803.59999985        1567567.59999987     
   1499556.99999998        1510519.00000009        1510787.19999998     
   1509500.39999991        1476944.39999994        1472343.99999999     
   1480112.20000007        1471041.20000015        1452902.20000004     
   1445205.40000015        1376915.20000009        1391810.20000008     
   1452061.59999992        1464617.40000009        1488268.40000000     
   1676339.80000018        1730395.79999995        1700705.20000002     
   1698894.79999994        1705524.00000007        1707475.39999992     
   1704518.80000005        1600253.99999998        1636523.80000004     
   1644256.20000001        1661313.79999993        1665776.19999985     
   1673761.20000008        1683350.79999995        1663488.00000011     
   1602685.20000014        1664161.59999999        1643706.39999987     
   1678375.99999995     
   529750.861042987     
   843004.579368429        814521.694249775        739102.141058687     
   712369.046327220        721082.869435738        736822.854830500     
   844398.199166480        746094.768951929        695086.973379037     
   741810.227604106        739733.189328179        747237.121078235     
   736970.206884998        742397.127064442        811124.076388197     
   715933.680660871        843961.473566499        766864.708196264     
   846928.344364997        801328.671919541        876880.303996987     
   872824.447917079        787889.673858637        865951.615355406     
   881801.690063682        785089.849819225        698616.383859000     
   735637.805854609        764568.013858742        773228.523209086     
   925396.355979674        720923.109107570        841047.310450088     
   745523.810579848        872225.931963169        765663.124398930     
   856605.265910627        769839.039063827        841275.039458809     
   841683.263952029        826009.783484879        776578.297334302     
   868511.078947753        836621.498892910        792089.714328612     
   765465.168290462        874569.125492043        806977.374275003     
   796994.011811240        756566.423902705        758521.389544369     
   728323.384773408        726439.586819848        830425.278261316     
   826062.437522978        718672.383605148        807565.079539331     
   707501.466261882        813783.400029029        807241.653643967     
   796354.865619698        816208.194445529        706689.604591435     
   719029.662360514        742078.610072332        783125.140840591     
   793204.151834551        772648.342235711        731954.433856397     
   803237.255563404        819628.505145261        763300.301852941     
   869335.937558646        794078.743850754        835941.186223723     
   964042.191150120        766742.794404040        682062.346674220     
   688601.239710703        821044.405630388        685935.314074637     
   759408.670029254        660523.822945374        769249.192879189     
   762492.387432703        759510.566288169        775927.703578730     
   757132.780015540        750053.515665805        794515.996219579     
   851749.754738235        907480.501259878        853953.800893478     
   937351.569864746        908512.431215239        852745.075306388     
   887073.088980476        787251.699984617        867076.936432306     
   801848.270708029        832131.226817196        748012.736807654     
   735452.475542342        787920.467216630        739865.567257978     
   917220.027107376        752369.005493356        796876.800803671     
   765687.793435195        751866.218786072        872508.381243154     
   746734.299633856        699275.750046561        785298.168222001     
   780751.888860206        802828.298432810        844574.003378007     
   757300.490226116        776775.565213440        701120.838468526     
   853386.640863087        739177.904806213        765774.054365457     
   818628.457534553        829252.220531485        800588.161765070     
   778490.298210508        758207.763759238        805071.667489469     
   798242.275142183        786748.673032896        781445.073594415     
   825269.784081831        810530.851038530        830458.658598509     
   807370.906626323        765826.583871397        842129.865682952     
   723386.238357851        774990.876391782        783126.579446756     
   731548.510909665        746943.580666634        762522.410421387     
   703717.748326452        716940.347717826        798704.915648649     
   758490.199408294        761492.287011883        695619.186716068     
   685837.026673621        720416.088819211        742880.922204000     
   751976.130848428        874851.746704912        859233.059430335     
   763061.962795013        787108.895493747        759588.309890414     
   863436.804581221        752325.684106478        758415.691121920     
   819336.097458068        855472.340352825        743347.166749797     
   732745.910485648        707208.748058096        843588.604133005     
   602102.176259700        662596.711281265        703265.315377108     
   656398.784416786        690398.414811544        754734.085538552     
   734623.772157483        764734.181959246        753189.800414174     
   740937.117562584        697796.930685617        774930.863375867     
   705440.999686267        850354.271431041        756933.319256590     
   763693.362777704        773110.835518788        811397.318993315     
   831542.276756940        741876.920710591        779092.586526356     
   793606.304431058        817610.813114442        749350.047227994     
   720005.769063520        821212.223128417        742951.387310802     
   701199.311864072        770525.580177985        724343.442755462     
   710237.228732178        654469.808762808        787309.419905521     
   704494.620831294        703933.087591777        603567.515052820     
   702856.763697570        737742.069212637        719041.072086064     
   757764.115009052        715391.575214736        718055.709873532     
   728412.502231519        767434.325747808        800814.143343961     
   731794.058793490        746293.607476514        704671.931395738     
   755039.131113261        868834.867856885        799978.220939588     
   807819.917916800        723775.325614505        770404.855307022     
   769740.034333627        758798.089191927        829975.722867872     
   753437.078213360        715997.579355157        781394.588476421     
   728486.148001821        774757.747697415        661979.280817075     
   776339.819546358        759921.186224779        686497.250598627     
   775881.368207894        704856.927266355        676177.875421743     
   714839.112410240        658817.003064493        753734.407391062     
   739255.380758805        793336.737872875        785698.225976600     
   836212.043792525        827991.525429685        1039618.21064085     
   829033.204070887        730628.742745796        852082.683028132     
   748176.080217289        689936.514229445        765623.383695427     
   760554.137202058        748589.362735590        851931.597327414     
   791974.821460979        781000.637425215        772986.523773362     
   793781.874083698        765857.335065579        886247.158234234     
   791861.611048678        824091.037616879        813864.369873626     
   775300.846241789        907949.003411876        766358.154583273     
   852858.231664420        845189.088934018        735656.012671365     
   764464.244612300        719651.578455859        774633.175288963     
   714544.446793537        655602.948907915        674793.351991224     
   707294.624228450        678683.819685429        768261.099825621     
   658810.747696037        647564.201177990        778957.091586478     
   769727.928022440        737461.643859525        749659.756340144     
   748109.974373263        722274.508230363        758465.332901368     
   699074.567688515        642928.253248831        704622.280060206     
   697904.456203781        696535.097113696        775594.179567487     
   788715.089714512        741872.930269875        779538.363761361     
   725668.227746894        678165.478718821        707204.801703262     
   732519.976383200        664050.033607570        785883.535884048     
   697340.630694489        707764.295556027        820440.100865293     
   759050.588423808        729065.984869922        661127.237458605     
   735199.851053146        766754.688909601        675682.644789679     
   727807.357735313        702305.674764726        755236.678423422     
   785634.693329444        820988.019268450        771537.982870467     
   713548.124315565        723954.563064293        819447.139624431     
   824531.781767553        898285.404111976        818814.118555842     
   828078.533871402        765136.631351132        804956.286562276     
   737053.242006334        666764.015590350        749237.019897658     
   735197.731051774        689933.928885062        747937.922979936     
   669703.422999811        783101.117303254        697085.276678985     
   730396.378725823        861208.082862064        775325.474764491     
   851728.235386984        763978.239516792        751612.496005588     
   848895.703731629        821722.642110772        898816.281452504     
   884478.061488731        708262.671946983        691234.675982804     
   667671.702382737        761456.528969134        683467.563074538     
   656050.982691978        782320.659310590        778211.188112241     
   768948.418314003        843047.387865861        829626.284837814     
   785318.979961684        662926.104007453        799078.645824769     
   716488.508454544        803813.476229465        783261.381299860     
   755742.512160870        759491.582266955        758554.372116600     
   787121.194495832        774770.189119557        817936.935334616     
   754920.019635408        703930.482411861        753933.863513178     
   816044.783199928        683750.047534540        785179.207389007     
   808687.681747345        759568.840075064        838549.706925446     
   814117.034592766        857435.976081108        758849.848633828     
   725325.625336536        682854.622509292        794638.042518635     
   764861.797485774        832470.370301630        892863.945547197     
   827140.309754281        849816.535473395        792198.514443568     
   954718.903009466        821006.674786015        782287.460786991     
   796926.795534838        784635.652020021        817892.684664726     
   773811.858372187        839477.295506002        816498.438135748     
   823478.833909765        789981.426897696        661994.363667773     
   742647.170231879        747243.898040154        749673.349606436     
   726411.461849542        750537.120241570        714592.772121813     
   815711.636674034        836842.747163947        838902.215793684     
   865939.847775102        838263.016059196        774965.602780592     
   800807.532912079        746852.607084867        759169.850993270     
   768858.489781405        741140.854302979        761658.786978390     
   783029.572338479        810355.229941965        847651.914082699     
   792968.824786646        756465.199012562        876973.817870427     
   726302.850950595        712091.033256622        786056.583388677     
   784476.936329584        821879.406170560        797511.986013140     
   725287.377190220        762602.502717495        764842.247206099     
   756789.392924582        773980.905891373        784537.847335402     
   737626.696687792        785534.958578085        796700.061496526     
   752172.202735820        746916.586707911        688175.375085575     
   817118.800898315        719998.210472662        767143.776964537     
   766848.527581678        786485.260604102        716592.469986109     
   713674.096959353        735342.942905399        856615.218949885     
   767650.108744681        758204.389034617        789171.058424143     
   728678.667888575        739075.402961420        747052.514715748     
   778303.984921996        764532.805609636        806307.463440177     
   736351.198724111        880209.468989212        823985.811842308     
   848424.320513242        834109.371396474        800968.415294191     
   813794.328478393        816547.960360903        712690.723834755     
   803469.168714160        846497.870889794        894289.539119580     
   820073.841298461        889039.040564262        877747.417059598     
   849074.808263324        795293.478875326        765469.985875240     
   727490.262952505        795991.764434083        712952.472054558     
   711089.336673855        751114.052258600        759431.072116475     
   808330.369873467        777918.882942026        859738.012309171     
   760713.218562413        754319.011968901        783652.221606665     
   915840.092723586        707071.115614734        784818.958517476     
   780019.748844898        810057.555332879        710959.005179148     
   693761.277395556        768902.954271961        701383.477120788     
   715485.759785742        785747.077145843        858804.597089997     
   732746.349061503        752208.331923386        752604.575116101     
   766458.561745596        790317.500631911        719619.476816623     
   705183.002902514        654087.456935963        708214.337839423     
   819820.030432141        664262.195488479        675580.256741394     
   692398.552082432        735678.689500036        696971.319559840     
   814024.793603047        733901.999020338        660942.517695358     
   865088.069044480        717416.877310172        801348.035987081     
   721115.346797934        738389.419924021        717913.590319962     
   823516.503784495        764827.869830599        718934.435261398     
   678085.382954727        788610.115495786        764978.722393168     
   719262.176973575        655646.818603357        782885.647183518     
   722468.494405409        731591.704870655        731803.506406458     
   650628.345128698        733454.277175965        707186.117679941     
   805349.543041087        785512.554686501        753973.246961889     
   711523.979795365        789808.505077106        733554.038995103     
   776200.454561476        855692.432779299        780229.568339101     
   804412.964523535        796275.324020487        690174.306712343     
   775678.845780148        781664.303172108        808115.544082034     
   864618.604872976        669022.383045853        728953.159305672     
   686468.870514446        890501.144518297        814992.918268174     
   725974.147549001        781628.817152754        778732.359411547     
   740893.117802760        747521.111375506        769147.481320726     
   815479.564517478        790742.778143906        756379.338327061     
   701490.548304055        722620.245503893        723848.234667004     
   786622.643739145        701746.318426964        710208.263011173     
   757211.648054544        725178.167925832        795799.859879239     
   691060.732643861        641783.407200086        685907.204037244     
   793713.782207896        717121.143991077        722195.333435320     
   703570.790454713        674046.853068964        734010.221482141     
   769510.999037626        772686.926038449        819671.347913338     
   852429.286301227        903602.230027443        929445.813227014     
   805031.369380985        829102.554034805        736637.467897099     
   744742.033576500        720642.155919244        728835.158350881     
   709618.117416845        696639.004712802        667167.314133447     
   730408.447473332        843853.538690316        731355.007887030     
   742340.286037919        760392.488910067        778133.944451977     
   739628.296620539        740032.908306796        825501.286827283     
   732448.369122210        789894.833526781        774593.053649036     
   693185.094770102        710894.973607537        729211.716002737     
   771722.558028355        736459.602447000        753205.667702311     
   743542.564082652        830968.354535428        717516.197347576     
   826192.575330002        932418.542809398        871285.951916023     
   816801.749795131        826071.314673427        843516.747969848     
   780212.424671238        839873.855147764        871138.366250853     
   955419.193084406        747631.667047735        745215.616153978     
   720170.418112969        783880.821709672        737715.552708170     
   705349.381385381        770985.310602465        805279.682194659     
   793246.521070596        786900.409021725        786982.389134497     
   784218.319388070        848844.393811523        758061.197423770     
   770118.108322049        730659.306149978        770421.879675497     
   994007.661981015        775618.581416557        800012.622695086     
   740679.114841953        754559.487891225        745541.350705382     
   712807.224950469        747833.348900208        799456.992145172     
   793215.444728368        831636.408987954        731537.968949497     
   736138.639343059        764113.923069894        796354.062343567     
   747182.753383604        886683.654147934        816685.978967953     
   644488.867747428        820297.438197255        751738.921622470     
   734177.336860300        817807.142198623        734579.700540635     
   785715.349298295        769760.632178472        851074.651807065     
   812349.108093322        892770.182079168        845845.746748403     
   846868.724171434        965151.761699283        847851.258263917     
   922667.507557544        776697.807509010        937445.485324412     
   831614.257149275        784646.697983922        840527.401597764     
   720614.671220705        803186.742208274        725509.866833389     
   751357.655018548        835678.479051139        805421.590590787     
   726833.231910127        769712.090521352        744666.439255178     
   676618.262954288        725480.248970262        794919.877750600     
   857467.647020429        810941.058576517        770356.791768986     
   855550.723243404        736488.496728886        686052.798504312     
   768632.293496473        727367.993916207        738705.732245059     
   752166.400716753        744544.641361371        753554.202615458     
   797377.767786958        801851.070663164        821490.456540687     
   715372.787290478        732650.928960419        721096.063398322     
   751709.181159969        742181.955470456        725227.416951681     
   736797.624365561        641239.966476975        658664.550222623     
   710786.950418348        655518.295471436        724102.399161938     
   827358.071009230        787585.269708682        712247.474658250     
   722910.163699555        782171.049912995        765641.787106962     
   717558.716462506        718417.898871486        691256.947369512     
   777066.211356056        739111.619870234        788886.359567845     
   777718.506329613        788140.329097488        702796.921900601     
   817078.565128331        716451.402819801        765699.139973195     
   843904.453461953        735195.831120918        706155.075111711     
   799387.550980288        724060.602290116        834224.377658514     
   708874.650448098        764738.406392116        693785.742005009     
   855533.507070965        765556.097488328        777491.464092464     
   617405.494399326        722825.091570383        787142.037951999     
   787977.602121535        853644.840597570        862195.318805838     
   788633.730536795        825292.018396295        745297.349402940     
   848082.492046536        710714.437662128        733227.081609441     
   705517.982166336        751884.599810870        821709.138991106     
   721780.703809523        779104.065826819        772097.077666774     
   684065.614722251        747876.904879035        700276.606919577     
   732252.459384136        638403.081051211        826351.498334670     
   729877.141559651        717169.437557241        818270.384368960     
   725605.317312461        872737.176661686        826449.115638062     
   752646.960125180        690120.883633096        701141.563006926     
   738779.902928190        720263.343669272        736197.068500146     
   779890.164229254        811393.310114765        702407.603273007     
   781465.347725802        733680.722746649        795858.943087715     
   625637.131723812        671364.313281668        695319.164593326     
   655692.638087080        710853.963534360        733441.864139155     
   728408.184888917        877751.524331897        887193.346702274     
   757234.852098593        676474.083235110        781092.369050249     
   826492.518501480        806216.175765743        744280.183035295     
   756887.977881033        711867.252096722        731292.460080936     
   735243.765898731        811855.882186656        731194.790530990     
   836809.386363613        790845.332836757        750202.837442780     
   768763.727908503        755406.857340500        775255.974736125     
   802543.138700100        761749.555925741        938742.526107437     
   881160.962055287        861085.127518482        852032.347038601     
   821598.952618468        824965.932694277        816519.364505599     
   818870.479731478        809043.561572798        836766.321104468     
   779845.208326844        825607.313145103        802651.868240143     
   868176.928049478        758926.239879867        849659.026975811     
   838234.885544856        745878.091856815        795439.694435372     
   782531.715155656        761984.514110526        796445.699453647     
   839605.820756807        782748.650749640        767993.218115659     
   806070.682840200        801693.844234483        799990.632493720     
   739783.642082642        816196.082824906        767539.515766145     
   716835.249582098        730144.088901083        784159.452069409     
   753143.005951353        762415.506955026        787390.337904742     
   706063.589237393        840360.303885173        684292.382762672     
   720699.256507101        704596.567336664        792794.802528744     
   768746.171905437        702444.269398269        759375.842479681     
   709741.806909565        746006.699454755        812251.514860416     
   805230.450393265        821375.165002519        768642.250958090     
   772031.767812782        765967.576426415        759170.403011735     
   724882.342134467        789397.589220199        737113.534664482     
   712678.480032348        783278.548027119        804100.974405587     
   708408.585208454        752313.661807126        699469.140243196     
   815034.348888853        730289.065784425        817064.118375496     
   697679.908147119        736032.282299203        696963.681424884     
   757656.224963789        648425.701720237        787419.004016709     
   767157.032835068        683994.065093938        692937.529375029     
   697455.218241143        761266.868302561        743969.578806808     
   841441.328560379     
   920.248776197480     
   1348.92788883743        1351.74923166843        1325.33963717801     
   1311.02005325687        1284.54418696972        1320.60086452051     
   1385.01511014525        1353.96384530539        1309.26041287188     
   1271.07962492573        1376.29324488635        1373.94563080323     
   1329.23007755807        1292.33942820493        1310.65227616494     
   1324.22081072801        1415.89090355045        1366.07383005866     
   1429.04904326139        1398.87156282506        1365.03287057626     
   1375.65100477153        1356.89234851340        1374.46499491980     
   1311.57466082255        1257.35657609955        1292.47303333024     
   1289.94740146806        1304.97593839376        1321.53351996426     
   1312.97665228976        1251.69216586814        1335.50999713569     
   1317.22247390412        1290.90741579249        1293.16055995773     
   1329.09123101901        1344.03508096569        1364.26803158194     
   1297.82564158613        1390.02203876320        1355.47253206054     
   1338.17696452332        1353.94451344252        1302.38523954857     
   1297.83556982762        1270.07479228111        1293.56445528966     
   1309.51436494891        1263.66193732372        1245.90598965953     
   1247.19901963882        1273.59829242087        1243.08891187284     
   1291.21730593589        1341.87078257359        1294.88007637480     
   1319.72748816476        1324.68600037911        1293.51356243010     
   1267.36803272640        1263.74048967573        1262.37269339572     
   1292.62541690534        1263.48368410374        1271.34023444884     
   1231.75934418675        1246.88454453391        1282.96239617810     
   1270.88529636000        1323.16476117362        1315.34374649896     
   1267.19775364074        1279.33172010866        1342.18491177220     
   1247.59772629760        1216.12407141736        1329.13011084933     
   1208.98166790490        1226.05299811624        1250.54175491591     
   1201.75071283912        1314.12439446682        1317.24950688329     
   1324.41603861646        1255.51320807508        1271.86744662799     
   1333.16138742269        1223.81677476148        1351.62694416605     
   1298.41637219518        1356.38761812404        1338.92738837546     
   1347.39305741511        1305.66721079679        1357.46332296211     
   1323.84459390165        1369.44309357249        1364.69986441344     
   1302.55246890915        1228.46188052942        1263.90078310583     
   1232.93683700884        1269.22068194925        1242.06743193334     
   1387.72234374525        1263.77469084290        1290.26704678149     
   1396.66350985512        1272.43238177871        1274.35172676127     
   1271.49685060506        1231.99213893370        1286.31706132057     
   1252.49259932517        1270.33122572399        1218.67975974053     
   1273.96959633855        1267.24046751619        1289.09369620190     
   1267.68933904781        1362.30360795685        1322.41400600627     
   1272.64689327489        1368.60992495363        1296.03038578651     
   1336.68416244357        1280.16696359614        1349.73685682768     
   1304.02528175206        1392.92940402536        1350.28832472954     
   1341.77803932721        1294.37232618243        1283.93538853063     
   1310.44001073547        1244.65597825381        1284.91124134864     
   1193.13696120913        1274.59776859142        1284.47048257331     
   1209.46685736846        1258.66274788040        1242.07526573281     
   1224.36438528628        1221.52700002460        1196.37604129117     
   1198.27633225975        1172.34001552801        1248.10943891381     
   1171.75644655152        1181.47068844745        1170.89757176998     
   1177.94619340156        1209.22719400646        1293.42826791330     
   1325.51238608252        1268.44827338095        1209.24762558026     
   1287.84037195207        1194.20438322490        1295.16721557902     
   1300.56699191838        1310.74654400732        1308.63980121488     
   1206.59217847434        1316.90852662050        1264.12749814845     
   1136.38534112806        1125.34131844408        1134.88201001713     
   1173.14817955748        1139.84114063325        1144.93072976514     
   1126.43896442510        1183.12634203557        1126.11198800167     
   1273.02187093834        1172.19041665231        1256.11360578929     
   1248.23217788832        1216.46349807605        1167.68666103650     
   1241.93611194368        1265.10137029553        1285.82098464676     
   1316.67325784829        1297.65502188001        1266.06857783803     
   1232.24588383501        1223.29180921942        1154.81797893361     
   1163.45179829025        1196.48699263582        1193.96246124756     
   1142.80411471739        1235.74734804028        1177.88817362794     
   1145.18385323638        1247.17917857206        1183.06025679785     
   1252.91852746587        1243.81307439165        1153.82767596152     
   1235.07965150048        1173.66596009064        1195.36462239261     
   1261.41079037442        1319.19527722393        1235.47818701253     
   1295.82670184997        1330.20622962661        1343.34767538659     
   1278.05222987859        1289.84579700813        1344.31174700100     
   1234.24131516543        1362.05011276945        1281.82518223642     
   1224.93340224815        1295.75558705969        1290.53159365940     
   1294.72434714445        1324.02489746093        1307.80761318416     
   1367.58470800693        1269.06070165871        1265.04581986647     
   1344.32329627483        1310.11415416172        1325.81547068140     
   1337.60668817961        1272.88128422261        1244.47272568169     
   1259.80688040610        1294.01109037249        1352.06966063634     
   1330.34614471731        1307.91360033865        1347.09386395885     
   1354.60230986398        1302.70763086575        1276.24985217191     
   1328.57177657815        1314.33307589582        1339.91235137602     
   1335.56563115372        1270.42797905729        1367.90052169325     
   1293.09674142831        1282.46144184125        1295.49848028448     
   1264.79515044927        1209.71274513710        1299.17315642329     
   1248.25054053057        1301.68653187773        1295.80393646111     
   1316.66841234969        1277.51126251078        1345.91353698447     
   1293.61017081372        1252.86782558997        1263.28885844918     
   1217.06569126536        1258.69933507719        1307.07920580963     
   1255.36607401737        1294.43392624001        1277.15775067225     
   1177.78898811299        1235.04624241440        1216.67234516836     
   1299.60082667017        1230.68659358270        1211.26436502949     
   1162.42918423879        1093.10077607808        1179.17708266592     
   1194.08655630033        1133.48729581025        1201.77927959364     
   1057.24875747700        1133.23059995232        1189.29622817837     
   1123.75205596425        1138.03862798103        1182.28901203274     
   1074.57375291459        1095.31219991801        1160.84245375532     
   1129.91113213492        1146.66932440775        1094.43420259360     
   1201.91252828503        1239.31154820070        1254.69384649501     
   1318.40682959933        1207.83574449065        1235.90818338337     
   1236.92284531551        1201.14747093862        1245.16941572595     
   1166.26126975736        1197.44337184107        1188.58181284189     
   1221.52427127350        1231.17527260845        1148.45458996894     
   1302.76653048288        1276.19884908437        1199.77494054626     
   1189.61529503817        1222.53882237823        1181.76736282437     
   1271.40112510509        1214.01542804055        1220.34974792438     
   1247.98354440374        1228.28514573241        1419.97478477344     
   1280.75156623723        1286.88404005266        1176.69639561895     
   1298.55042307746        1224.27520224435        1232.33163590791     
   1223.13494936486        1234.10997030610        1196.00127923576     
   1308.24227252350        1239.96403013840        1228.07939291995     
   1215.08278264103        1195.73461026442        1169.52609525579     
   1229.78145862393        1216.42677025921        1257.73680924016     
   1298.50727231555        1194.21990726193        1232.60068869478     
   1274.16560154389        1276.65037243581        1330.79047285174     
   1318.14324829622        1247.39256194900        1133.31528410686     
   1161.40233109790        1242.15589635634        1190.95731251840     
   1231.63855499336        1274.75178461543        1270.56602128167     
   1333.17722546073        1406.21862644331        1345.93635498092     
   1275.35834762794        1204.38280126980        1290.10320849026     
   1254.10027888129        1182.35402464188        1315.05261262369     
   1154.75550492027        1143.92519262700        1203.50296568520     
   1264.34994413848        1277.27239723317        1285.72749775866     
   1294.93490913809        1159.58587281874        1198.88886703871     
   1149.47459371381        1098.13405314382        1166.12056922351     
   1197.63427747464        1175.18669049982        1326.03559888374     
   1218.32908470620        1192.31845011688        1167.82628839299     
   1245.45577522354        1268.77017817690        1180.29346594754     
   1240.58699709679        1283.75095135170        1347.97156378978     
   1295.97855216358        1284.49026614597        1314.44960273909     
   1357.25766920806        1350.11239297646        1388.96747906002     
   1420.45755788665        1391.02424013323        1433.59839034269     
   1351.37821085186        1390.37561675840        1353.87978339748     
   1241.75231814649        1202.57215670205        1225.23864356732     
   1217.00372953833        1290.07599150777        1252.84802395103     
   1273.63389112300        1226.10697304869        1315.60683086586     
   1423.99583795283        1434.83477881226        1438.38618346002     
   1390.19498897103        1412.90112425645        1438.42029890295     
   1375.28515672954        1365.05569599571        1408.07102021895     
   1347.98844690933        1328.80373308407        1395.44207375862     
   1350.18164065026        1330.30502976545        1375.33641336999     
   1513.03249162985        1325.38336166955        1345.96384736181     
   1387.66703502059        1305.71317779823        1294.23305411360     
   1371.26998350244        1384.73678771521        1330.18781259812     
   1274.14602273059        1357.10981359384        1337.90636723640     
   1258.43533255015        1230.11731233225        1358.19306188551     
   1278.94885062959        1265.98721166593        1295.20737450723     
   1337.23183368447        1308.65311472121        1250.90282293463     
   1236.83615804863        1300.63531339338        1276.12281925839     
   1342.23383343418        1315.47600618877        1286.22942528658     
   1167.64118586837        1253.50857755989        1188.50561545221     
   1235.17455094951        1269.24526265025        1151.24348849764     
   1168.39673096519        1248.30752725595        1160.45590048829     
   1215.61424541606        1225.52780233404        1330.71058223154     
   1248.64026012266        1254.39199136226        1264.56580850772     
   1334.92554945836        1323.25292642843        1289.07354514435     
   1262.06544876672        1195.52490378311        1245.28763783560     
   1296.51711132746        1295.77595998331        1253.91607171521     
   1354.82965692897        1397.60931996863        1232.58321096901     
   1328.29275423532        1324.45122438174        1292.53923196984     
   1274.12764258191        1225.53182272516        1218.62208401377     
   1243.96596442555        1270.09703490605        1192.76211407664     
   1251.57742508762        1307.64110187263        1186.24201733401     
   1270.24210581957        1239.83151732207        1179.03083727595     
   1226.17308507175        1182.55786109464        1178.34616798170     
   1178.13173339373        1173.78097338518        1200.58666904869     
   1121.10871884387        1240.77616575719        1122.80277961589     
   1109.91043653436        1227.04664724083        1173.43459769330     
   1235.76063877060        1138.34962053534        1152.42590845311     
   1169.09776527366        1148.42008140188        1191.06614684961     
   1184.80799338454        1152.89129644708        1126.28183085369     
   1155.53689587269        1116.96198057046        1146.68177584877     
   1202.53051776230        1140.59131771298        1208.09890198943     
   1230.42981649826        1089.74320454255        1154.02366912269     
   1211.51819069310        1170.07002894549        1190.24260819921     
   1101.65339248821        1250.32867444893        1104.82464297749     
   1177.39507469303        1195.56237220540        1216.80681587369     
   1198.28683460075        1167.63086730722        1160.68571651565     
   1127.44698439061        1164.39614681222        1257.22592677779     
   1195.05859462359        1179.86317624397        1133.49368437471     
   1112.47656295040        1081.02800645288        1167.77761197396     
   1178.41372711906        1172.03637847835        1219.47407812757     
   1216.88456670476        1117.54019800810        1230.22603202027     
   1208.06341742732        1227.45223198612        1215.63519455809     
   1221.70536857102        1157.06757356825        1200.85404989233     
   1214.83269777112        1176.74192929667        1217.56694798729     
   1307.29526638952        1275.70917173065        1307.70639235033     
   1344.69005393643        1281.07747451796        1341.99381693280     
   1322.31994153744        1427.97383142621        1374.77721093833     
   1374.33233267217        1373.74980316100        1337.52724064033     
   1430.96773657621        1364.23762928627        1441.19202456668     
   1351.78725577133        1294.30797265536        1347.40781373481     
   1384.55856336604        1382.24908879217        1446.83915825190     
   1319.81676701739        1374.87564426693        1248.93360616339     
   1243.08329807888        1271.98698386325        1283.74133144024     
   1273.54135593719        1285.57787716082        1196.82621971533     
   1287.28633973527        1273.27476195969        1299.36364189369     
   1310.15316581960        1325.35822330389        1237.74521045260     
   1334.40475527272        1384.23425476809        1396.14698981079     
   1336.41170343004        1334.88509581078        1277.16058638906     
   1246.83448688788        1269.99107508981        1333.36915618887     
   1321.10920810411        1350.26719158707        1277.96053762051     
   1285.70922312169        1222.20465277094        1278.47283947749     
   1155.55666636637        1191.09108260923        1153.48125856889     
   1194.06560015902        1204.35449788457        1201.12018574370     
   1241.89629018939        1169.20506283653        1106.62640292958     
   1161.77833967599        1147.61990516141        1282.77274780085     
   1199.67050019758        1203.12667352837        1179.30018170032     
   1229.36532579746        1260.30627240057        1227.09611563382     
   1336.58321708693        1146.31418922794        1213.81905399648     
   1296.23493341718        1365.85596824589        1324.86352345385     
   1305.77490321351        1327.21324611684        1384.09991532945     
   1406.74082295494        1337.78850815354        1287.85290006913     
   1357.51394286023        1377.17715789490        1411.11600514583     
   1304.34676949937        1343.67151545896        1300.64320220638     
   1349.65244766640        1343.64328415677        1363.30101865350     
   1331.55172238861        1374.74430884168        1297.59207592928     
   1274.33102582613        1250.13258023228        1188.61864654124     
   1253.82946763961        1313.75559322923        1250.17005620902     
   1156.63641762929        1209.12181777247        1202.66321123940     
   1284.87504184317        1190.08667209279        1183.88776576411     
   1232.69284373808        1292.02896572607        1362.68231626936     
   1383.02794180892        1455.49912723510        1377.47883913025     
   1449.36471588745        1401.34386735451        1391.56462207239     
   1386.50803943952        1386.94227934899        1371.87772677930     
   1357.11905603998        1435.98326710492        1380.48962646098     
   1329.32007516269        1381.19460761392        1355.69242139323     
   1437.73142413983        1462.84089899649        1466.21952020974     
   1402.98234760630        1413.34878889033        1372.23371951430     
   1419.23383978168        1443.86552111494        1412.67995415033     
   1398.88278340275        1412.72924907479        1443.56057538436     
   1401.18511440854        1302.83307780933        1290.76064779222     
   1263.53994243226        1225.70116645686        1272.71650096448     
   1231.42477843921        1256.19592111347        1224.58402704286     
   1267.74913945847        1260.69243854765        1348.49880712393     
   1375.77446374169        1327.91797644178        1306.54304525237     
   1303.35817341442        1317.41694762202        1282.26595322469     
   1273.17106293102        1230.01770646865        1270.87291094669     
   1254.39299832400        1246.06967639522        1249.06963810936     
   1223.66126582604        1251.33316258847        1250.64131825719     
   1276.20465194742        1186.00351444012        1245.91242878815     
   1190.45408725282        1141.55932353355        1164.07982783665     
   1216.05081926822        1117.65427069611        1060.90072704139     
   1043.85562888848        1161.86708101674        1187.77852642652     
   1179.03226933002        1204.93465377313        1226.40222723816     
   1288.05030792383        1239.56777328962        1287.13818693494     
   1236.56324028132        1215.55351495158        1252.51703574332     
   1283.30341273140        1243.65300529970        1315.29595460530     
   1177.63623591516        1163.79294699052        1117.58084136207     
   1281.38416768977        1279.00891161955        1241.80729056874     
   1275.10577209116        1223.59995928885        1258.09643619287     
   1250.33519222973        1286.22737661080        1249.13640904469     
   1257.23225623904        1249.10883579520        1275.15301288015     
   1321.46023326171        1302.53685830136        1358.34606368952     
   1303.36579056564        1329.33335584119        1437.76976910296     
   1288.02997994916        1306.72115493145        1327.80084480587     
   1279.50029726170        1352.16402827754        1309.83109630437     
   1268.73565301473        1371.47829803245        1303.54848568724     
   1232.25255797483        1267.97036068692        1305.10173447433     
   1295.44774772108        1243.82924588399        1270.30295016158     
   1304.38291135805        1225.75120153573        1228.19196650239     
   1241.64990765438        1174.12460608183        1245.10732333186     
   1198.38259506089        1219.03484705746        1168.91935647143     
   1272.90185783298        1209.71080978396        1249.42266712891     
   1218.07527566716        1259.59208163621        1235.21626847115     
   1243.92936821704        1260.40228282389        1237.12694554590     
   1175.09938673300        1180.54538969410        1235.72686614040     
   1260.18391304806        1182.74797514881        1209.24306920846     
   1218.74328258470        1184.11304986026        1202.19776095219     
   1211.39445320498        1158.75088555313        1310.96937226036     
   1278.80927415719        1376.69523839585        1381.55406278505     
   1341.42114055128        1498.86409441337        1423.07364405017     
   1449.44016512667        1474.74814236833        1391.59897145660     
   1400.44615096044        1366.21397701749        1270.98867234179     
   1328.80412098258        1289.90932863097        1231.56904407952     
   1273.57300051043        1350.99590529667        1311.63118074474     
   1250.30181795178        1370.48660143078        1323.31532418841     
   1278.58489158997        1314.92684640508        1390.06908916545     
   1358.61296723582        1407.24630846818        1372.62956245890     
   1312.73095850956        1279.80092624045        1309.03430902427     
   1317.80526340691        1290.01882919058        1275.99698059358     
   1320.32545082726        1321.79303982324        1408.53073376165     
   1328.79746431406        1347.34501577681        1374.04182813212     
   1397.89220512745        1310.47862549469        1328.86137234020     
   1286.46009087874        1284.12891055666        1352.54326415345     
   1343.74485564986        1369.92939754584        1336.62240890726     
   1257.48436239567        1376.90491258450        1347.13885640693     
   1341.91720531595        1255.66997903751        1278.66468707885     
   1275.71392060973        1238.89400444935        1236.87680615876     
   1148.77219562346        1261.96650655707        1206.94434251857     
   1275.95292810820        1304.63932687277        1214.93768805198     
   1253.16164175460        1219.32197485535        1102.09454818086     
   1182.97175494001        1238.99114742364        1206.32834353665     
   1100.55226102037        1146.00169360887        1211.69130936967     
   1189.49585050172        1152.35363426433        1100.58084818994     
   1110.44461635027        1088.74071389269        1140.54765771602     
   1172.36468145060        1126.48271049894        1047.53295187348     
   1107.01904970434        1152.88360964181        1172.44852663498     
   1200.16938698262        1170.43832959800        1271.20881953397     
   1141.93610433171        1174.17960061357        1229.26151537151     
   1131.61070257022        1162.73074159183        1175.89569372361     
   1199.62425909075        1168.41463161385        1136.94461202854     
   1185.35065791094        1144.95712076126        1173.34398478315     
   1226.83914440065        1248.84796130248        1305.10926018272     
   1245.66575462468     
   89612.0000000000     
   343.699328317303        1141.12133885201        5372.18850006575     
   1007.67796725397        2045.94569047586        1331.83806780956     
   46.3834718739693        2124.50843576440        174.813099611044     
   916.001703030593        1169.21690520950        89.1482550928058     
   26.8611538723297        9.22427411857465        1767.34893843081     
   7.93067747316500        4.26971441785536        358.013440217163     
   5.35193906238107        683.450227658095        2289.96198317631     
   7.04291506945250        610.366244632468        6693.50869711133     
   92.8007632680800        3851.25704026543        458.313682076605     
   58.4485856844240        239.112462279935        1144.96830926810     
   13.6377214970311        115.366838082448        7712.18646329131     
   1094.37430713652        1143.10823566032        2341.37610867131     
   92.8853120684336        1311.98600948655        5.00528898093143     
   662.947143572354        176.706992738964        1478.28504490198     
   4.94610482068393        1856.26045688263        1551.75795240924     
   922.731787538738        2.57028353074857        401.488433358969     
   177.890675943914        531.490668782621        756.179105722237     
   25.2547266656118        4053.97969887319        158.038617620896     
   4149.21546759145        1282.81667336456        3236.20679209337     
   1636.84786508507        7.18664803005357        638.749276911162     
   417.079232144168        3482.25225600230        16.1910952677089     
   8.16741411415500        7.89685795302358        34.6565532649289     
   4.15980097739572        30.0486436456593        63.8850735471586     
   356.855121652319        6.28197586627036        302.380329584513     
   3636.11416288573        213.468811132697        1154.28558706706     
   1320.82135912349        236.356171388409        564.574614360974     
   252.521902016012        8.95371795744322        761.801600945750     
   200.575119078778        911.469887331642        306.134296320212     
   63.6906113063454        835.435151173675        1207.26386536861     
   454.449801900447        5679.51493447095        1054.78010393095     
   3013.48834220199        2210.07182172222        1252.66657115848     
   21.8727746514689        499.336760008158        6.05369410531572     
   28.8734153207447        309.245692173223        142.261811474919     
   53.0459173418307        97.6707741684458        246.730309191792     
   1158.32701972396        434.098905655342        515.257299114735     
   662.701952051329        4387.76145290902        70.1332298932875     
   489.723561407957        364.464513684140        16.3517379883807     
   665.500517343032        20.8750988072968        65.4069519535229     
   4450.49666277137        19.6660509622407        721.869202538758     
   27.4529954748047        58.8375101660504        13.9336422982686     
   2946.07758368009        9.82457060108501        4404.83185570040     
   251.253670010708        852.429460044743        552.796966471721     
   929.977619729039        177.391838021828        5.20820610178000     
   2864.75854750003        3.13676049311750        502.710257142265     
   9.10590579807965        5843.53115227685        445.775094984170     
   10.1458560424286        892.150486450851        977.181214966438     
   3.37349713410750        8.90298867723108        1463.51436948022     
   22.6844431348632        1356.79687367394        134.162036401047     
   27.8165553163250        1855.49106279941        3671.08354671197     
   704.697341186948        5.91841602475000        1441.15966666673     
   26.8696087523650        5.05601826114357        4.53181569895143     
   1149.99896288914        32.6273820564432        1496.86041633966     
   1189.21269649312        290.966241536781        564.253328919630     
   1037.68433649945        119.171534098359        61.0865082554554     
   680.195098844483        58.8966943262979        1756.44214318520     
   44.7432251471100        1032.54376943796        3782.78942173911     
   2.48573473039500        999.214632338578        662.558219090728     
   12.9275115740611        93.9252623127826        8.44642515532179     
   783.234721835380        2026.06826751274        548.789353334962     
   279.991807250887        111.798878707528        36.6688147133439     
   5.38575858252250        1147.16657807729        1044.62579300848     
   194.555244493603        2238.24348200003        145.415481728108     
   5.09829266132036        1278.32713206579        2799.16558818573     
   1080.56748803878        62.6083866618197        1035.45224817012     
   1679.39282142299        1340.43668080552        127.085301811453     
   1539.53219587811        733.486207707339        235.392315064378     
   987.732905250563        2.68019697120822        5.74086354400750     
   87.3050912450979        1238.08190309749        1013.31737223755     
   112.940287512301        261.966003015506        20.0465205638318     
   1911.62301135415        56.5716023165747        4.72627793976465     
   706.396772074054        39.5772934455068        64.9081140314368     
   759.873888297688        1623.13404966772        53.8829504653311     
   6.07905874542179        2246.41935099422        229.270981918780     
   702.642805338356        5641.87380855354        1238.46237269908     
   42.7055990585889        14.7706754217689        172.403458800968     
   32.3314612552057        48.9453005246825        48.8522968442936     
   4.35426321820893        5.66476962368929        3.83006065601679     
   3.29740321378929        57.9159282421965        26.2439476297486     
   38.6641664016882        27.4445405947693        35.9078755101618     
   89.6809125350333        15.6584378254814        96.3179933627886     
   2461.03802581172        2117.14423525361        120.203029462673     
   1058.45797674633        5063.09499573317        673.372010655949     
   1580.44536036921        1019.88681402503        528.700558370953     
   4602.16875572564        2400.41653595821        144.874369405845     
   7.15282850991215        687.500115195031        1088.48125575188     
   1761.15151136489        1390.67557797561        570.340842545087     
   1127.78799303625        5910.42616311659        2797.92272082053     
   370.230741868254        4467.13586668095        1387.20907716112     
   38.8417188824307        15.2272389436782        626.354422779328     
   212.200579127394        2310.98081494420        1859.40567225578     
   5.26739026202750        91.8284520640140        3.43268129435500     
   4.07525217704215        488.235502521734        26.1593988293950     
   1120.36460836521        595.054456888436        5.87614162457322     
   87.1951778046382        5.26739026202750        93.8407135124290     
   555.680080563778        9.30036803889286        4179.62767107863     
   4.24434977774929        112.948742392336        4097.18413585386     
   6.88227234878072        169.148329987355        152.982599359752     
   72.6612390238593        8.58170323588750        1846.21605940062     
   364.963351606227        27.7573711560775        1156.55149491654     
   543.919342434596        286.781075919279        777.375489970878     
   236.618272669505        2.46882497032429        836.678018538873     
   2600.38290367444        910.328478526869        126.493460208978     
   95.2104040781568        1803.08771634027        521.809831142137     
   2391.76719368204        3288.99060815411        3.83006065601679     
   835.773346375089        59.7760018499750        1114.93657538251     
   26.4722293907032        818.702943583703        111.951066548164     
   2100.04001294208        5.30120978216893        5260.72781655964     
   55.1934568708115        37.2099270356068        4989.24161862432     
   391.427126116894        83.0691963473840        5.49567202298215     
   25.0687193048339        1263.87774208536        2766.53820612928     
   33.7941555013225        184.443207971316        420.571097598771     
   90.3826675779679        43.5933614623015        73.0163439853443     
   542.346734748020        62.8958525830218        158.622004343335     
   60.2241104918490        379.302828146192        3245.02523197025     
   536.918701765320        2026.97293967652        8.57324835585215     
   4211.24046753083        4882.68476553872        437.819052870899     
   902.068060732325        1117.49840403322        503.843211067003     
   856.741448862775        427.563283388011        1073.49920832923     
   1290.12168971511        675.206719623622        1000.88024370554     
   6.08751362545715        694.407752183918        3.28894833375393     
   1765.74251122409        5305.21739530569        1022.75301835701     
   1588.61277448336        384.265842726947        4450.49666277137     
   1150.43861665098        23.3777432977625        2053.74108986846     
   2.81547505177393        3505.66381882020        258.863062042530     
   3169.74298013543        982.194958827404        3291.85681248609     
   351.105803228276        892.902970773998        443.889656736286     
   3.98224849665322        1308.47723427187        68.7297198074183     
   2855.53427338145        115.798036964251        60.2156556118136     
   147.503837096841        2051.30608441828        3.63559841520357     
   356.280189809915        136.740774811831        5830.79810294360     
   4.32044369806750        1704.79128104920        1786.45696731072     
   156.009446412410        492.589765739943        469.389574922923     
   21.8474100113629        1108.95897519751        15.1849645435014     
   4059.46691601613        464.637932343052        1400.14504361521     
   33.2361334189889        2.33354688975857        57.3663610398982     
   435.925159742979        25.6098316270968        5888.77321534604     
   2815.61878473453        4.94610482068393        1332.38763501186     
   490.873425092765        2178.27301790924        1559.62099084212     
   2844.17091461393        372.606563158190        1565.96215086864     
   2.05453584859179        424.713988816096        784.198578159411     
   495.625067672636        3406.58107968585        5.75777330407822     
   884.735556659843        3989.35905076295        24.5952460228539     
   264.975940308093        329.410581057550        669.355942639155     
   409.300742511639        102.549239948847        1872.04571790864     
   1389.33125204999        9.86684500126179        3.89769969629965     
   2277.04292648228        7198.04520834124        5.45339762280536     
   6532.54469099820        3.41577153428429        1045.76720181325     
   349.423282101240        601.488620595343        646.865961745105     
   11.2872648472018        24.8066180237379        1484.85448668946     
   1675.64730956733        1464.99397348640        279.340781488165     
   221.128932444731        42.4519526575282        32.2891868550289     
   5435.89602113217        1088.32906791124        442.198680729214     
   8.54788371574608        378.372791342303        1226.87918705064     
   101.881304426054        273.481549623662        2031.25956385445     
   12.2933955714093        633.701713530054        512.932207105012     
   2016.19296763144        16.6899331897950        964.287522912518     
   3.83851553605215        890.620153164451        725.259609432936     
   14.7284010215922        2.90002385212750        2207.92428219324     
   1121.77657333112        40.6087888098204        2178.10392030853     
   431.934456366291        56.9097975179890        147.140277255320     
   1247.55982361712        66.7597327591800        1731.86380692242     
   540.545845300488        310.116544816865        39.3574665645875     
   263.707708302789        378.533434062975        2.77320065159714     
   5943.02818053293        5.15747682156786        4669.68942768800     
   1124.75269110356        7082.77982881921        59.3278932081011     
   555.215062161833        941.992004259281        2860.25209644118     
   741.848084062307        4847.89293419322        1679.31672750267     
   1023.21803675896        2829.92444175436        630.285941995769     
   30.7588535686293        2386.48289365994        1496.03183809620     
   3178.57832977238        685.166568305273        500.909367694734     
   348.822985618730        291.634177059574        1259.96313262899     
   1331.11094812652        9.19045459843322        3.53413985477929     
   947.115661560708        665.229961181900        845.208992494548     
   1077.54064098613        163.018541961721        995.452210722844     
   2370.37634719259        211.777835125626        3504.78451129653     
   4808.16345290708        5.77468306414893        8.22659827440251     
   2184.02233633328        2741.44412218434        2159.49472935071     
   29.5328959635025        55.3287349513772        690.924341609351     
   46.2651035534743        44.8615934676050        36.0008791905507     
   6.95836626909893        4.21898513764322        374.508911166145     
   1258.55116766309        637.641687626530        2605.09227185414     
   1199.13027077460        479.805987126483        1684.49111408431     
   2885.15171814531        2062.09451134340        4.04143265690072     
   10.5094158839489        2447.36648479455        1351.25892725078     
   1528.08428831024        7531.57331597601        2838.29477298936     
   1726.65560082064        2115.25879700572        373.511235321973     
   6556.75101253943        416.259108780738        9.34264243906965     
   5.86768674453786        556.195828245935        117.734204492348     
   3543.38103865793        8.18432387422572        6.73853938817965     
   6.60326130761393        3.44113617439036        17.9666200751339     
   259.810008606490        605.039670210193        3.87233505619357     
   14.2633826196475        16.6476587896182        52.8768197411236     
   2234.41342134401        1152.17186705822        1772.19358469107     
   1636.09538076193        765.065184639398        100.156508898841     
   296.791653881142        1.75016016731893        1281.68371943983     
   646.722228784504        16.7322075899718        18.9473861592354     
   104.662959957686        1700.07345798947        194.056406571517     
   324.946404398881        2.56182865071322        62.7774842625268     
   934.407976867566        13.0712445346621        6819.27503763727     
   3052.87962828672        4.98837922086072        12.8260530136368     
   1168.12622568494        247.820988716353        26.4553196306325     
   11.5916405284746        182.363307482618        115.958679684923     
   15.2018743035722        1697.32562197798        1614.80599283290     
   7.42338467104357        441.750572087340        622.778008524372     
   909.110975801777        353.397075717858        4.24434977774929     
   816.183389333167        1939.98913387277        18.0680786355582     
   396.144949176624        339.091418698034        3.04375681272857     
   661.323806605565        7.21201267015965        25.1955425053643     
   2103.10067951488        1841.00785329884        15.8021707860825     
   1452.38774735369        2059.10993869091        1642.08989070699     
   304.401045912963        245.081607584898        30.3445644468968     
   1505.87331845736        222.887547492085        757.971540289733     
   732.353253782601        6.73853938817965        198.985601632130     
   2.24899808940500        1609.69079041151        1652.92059203229     
   4.93764994064857        701.907230775280        865.720531460324     
   828.459875144505        837.937795664141        1005.16686788347     
   1062.96442780517        750.818711779821        418.254460469083     
   2720.75503073782        641.547842202865        277.159422439043     
   2794.92969328801        2.27436272951107        5699.50227087454     
   8.09132019383679        243.272263257331        7.71085059224572     
   2.51109937050107        4.88692066043643        29.9133655650936     
   37.2944758359604        7049.63669908061        1358.83449976246     
   1242.28397847506        15.0496864629357        8.04904579366000     
   414.804869414657        22.0672368922822        516.762267761029     
   670.581900244281        424.223605774045        379.108365905379     
   1.31896128551571        1459.10937698180        3077.70315607053     
   3410.12367442067        2830.10199423510        6.43416370690679     
   1430.10068358048        10.8645208454339        891.677013168871     
   2692.86238150118        2544.76670280186        43.3650797013468     
   213.671728253546        4.25280465778464        1.94462240813214     
   551.545644226488        4.38808273835036        3.52568497474393     
   8.15050435408429        6251.78348966410        492.200841258316     
   466.269724189876        77.2099644828815        147.884306698432     
   28.7973214004264        276.981869958300        205.081570137623     
   3076.73084486647        835.976263495938        2334.30782896175     
   752.433593866574        2906.40728655420        316.271697482605     
   426.667066104263        1045.45437125195        295.405053555343     
   565.124181563272        1700.96122039319        3.50032033463786     
   194.935714095194        111.215491985088        675.046076902950     
   716.551082996518        822.482274959508        3700.44734507476     
   864.410025054844        4.04143265690072        1008.88701509903     
   1039.29076370617        79.1799515311197        1895.37273192619     
   1910.09267806775        4.88692066043643        1427.37821220910     
   558.783021536754        136.749229691867        26.8019697120822     
   1300.63956047910        90.4333968581800        591.968425675531     
   738.618319888800        4.26971441785536        1873.60987071518     
   328.497454013731        3.82160577598143        20.0972498440439     
   52.4794403794618        1519.09675083265        2607.70482978506     
   1395.57940839612        6339.43523099065        3048.44081626816     
   323.576713833153        2.79856529170322        24.5022423424650     
   2436.25677242809        9.13972531822108        2095.02626908111     
   9.95984868165072        1731.63552516146        137.332616414306     
   103.741378033832        451.896428129769        1101.82305644767     
   385.457980811932        255.244373387397        100.807534661563     
   42.0038440156543        3045.59152169625        586.954681814564     
   48.5141016428793        13.3418006957936        1519.73086683531     
   3320.21448012468        48.9537554047179        802.342750715287     
   1511.48735880083        779.430025819469        1707.18401209921     
   513.625507267911        5.69858914383072        39.7717556863200     
   3931.21484075980        9.41873635938786        588.417376060681     
   595.722392411229        1562.58019885450        82.4858096249443     
   1676.99163549295        417.865535987456        2574.50251588622     
   3552.25020781502        1036.40764961411        232.957309614196     
   6.74699426821500        104.502317237014        429.085161794375     
   35.0201131064493        1985.30729086228        2.99302753251643     
   304.866064314908        1598.23442796360        6.66244546786143     
   3.58486913499143        69.3638358100700        232.450016812074     
   2029.83914400851        3619.84697369770        314.724454436134     
   433.794529974069        38.6557115216529        864.122559133642     
   5.14902194153250        463.682530899057        2432.33370809169     
   4181.05654580460        1037.16858881730        5.58867570337107     
   895.794539746090        1654.05354595702        251.693323772547     
   1371.35617709482        428.053666430062        1.80088944753107     
   16.8505759104668        18.3555445567604        1562.19972925290     
   9.14818019825643        23.4792018581868        3.11139585301143     
   19.8520583230186        4.98837922086072        7.04291506945250     
   11.2872648472018        6132.85714708677        498.491272004622     
   964.338252192730        228.991970877613        529.613685414772     
   12.9951506143439        1000.55050338416        43.1029784202507     
   946.549184598339        363.128642638554        506.582592198459     
   58.2963978437875        295.734793876722        554.809227920136     
   446.028741385231        6.61171618764929        3164.45022523330     
   419.615696154775       0.845488003535715        887.348114590768     
   2186.88854066527        874.522061577131        708.899416564520     
   32.5597430161604        1466.90477637439        595.773121691441     
   3884.58617736481        526.544563961937        1524.92216317702     
   2887.40071623471        101.813665385771        3520.17239296088     
   1340.68187232655        31.9848111737561        1460.54670658781     
   9.49483027970608        27.9264687567847        575.303857125842     
   6.98373090920500        6.73008450814429        37.9877759988597     
   9.45255587952929        67.4699426821500        1412.60753678733     
   974.966036397174        199.560533474535        1373.23316046267     
   2869.94138896170        65.8888801155382        1040.42371763091     
   11.9382906099243        1077.89574594761        536.479048003482     
   460.503496005762        198.080929468347        183.673813888099     
   526.265552920770        2755.25939616212        1721.50657887910     
   479.738348086200        9.54555955991822        455.954770546740     
   589.330503104499        17.0619479113507        4321.79647887316     
   1318.26798535282        1441.59932042857        724.042106707845     
   409.368381551922        41.5726451338511        7.89685795302358     
   4409.43131043964        167.846278461910        6.66244546786143     
   368.742682982031        39.8647593667090        8.29423731468536     
   44.9545971479940        80.7356494576254        1436.99986568934     
   966.105322120120        7498.98820831974        6.71317474807358     
   542.422828668338     
 ------
  0.000000000000000E+000  0.000000000000000E+000  0.000000000000000E+000
  0.000000000000000E+000  0.000000000000000E+000
  0.000000000000000E+000  0.000000000000000E+000  0.000000000000000E+000
  0.000000000000000E+000  0.000000000000000E+000
