           3           8           8           8
   4.50000000000000        7.91500000000000       -5.20000000000000     
   65000000.0000000        3646874.00000000     
        4558         800         474
   159790.666666667     
   1472630.44444449        1491446.00000004        1493188.88888897     
   1478302.22222228        1473431.55555559        1446693.99999999     
   1446803.77777772        1439400.44444446        1500357.77777781     
   1485227.55555556        1471143.33333334        1484681.77777777     
   1508593.55555558        1545500.22222223        1548710.00000001     
   1551749.55555557        1573898.66666667        1626996.22222223     
   1682780.88888892        1707511.77777776        1671847.99999995     
   1665007.99999996        1668494.22222218        1670599.55555551     
   1645080.88888895        1645763.11111113        1642649.55555564     
   1577071.99999996        1566153.33333326        1565227.33333336     
   1564319.33333336        1538577.33333332        1514829.11111109     
   1522391.11111114        1519218.00000005        1525271.11111108     
   1526568.66666661        1536676.66666664        1543049.55555549     
   1528469.11111117        1523314.22222222        1547731.55555561     
   1548685.55555552        1547065.55555558        1551807.55555558     
   1584848.66666665        1544097.77777780        1525690.66666662     
   1530145.99999993        1525941.55555552        1541737.99999994     
   1609706.44444444        1630951.77777772        1604264.66666669     
   1600555.11111113        1600926.22222224        1597627.77777777     
   1634135.11111112        1643818.00000001        1714478.44444438     
   1710292.66666669        1710788.22222223        1688181.77777784     
   1632529.33333329        1581483.33333334        1624789.33333330     
   1641947.11111117        1579494.88888888        1511392.00000004     
   1636346.88888894        1730176.88888889        1728036.00000000     
   1721237.11111115        1742587.77777779        1755327.99999994     
   1727405.33333332        1724275.77777777        1665456.44444446     
   1649682.44444450        1645788.88888895        1612558.66666662     
   1611108.66666668        1616287.11111110        1633304.66666672     
   1636262.22222224        1675561.55555555        1674818.22222224     
   1662130.66666665        1656631.55555550        1526966.44444444     
   1461775.11111116        1470980.44444443        1475881.33333335     
   1439418.44444439        1467849.11111110        1433137.11111112     
   1428616.44444446        1443914.22222219        1396344.00000000     
   1306943.77777775        1343017.55555552        1427493.55555555     
   1429698.00000001        1421845.77777775        1445581.99999995     
   1446417.55555556        1445750.00000002        1493059.11111109     
   1394226.44444440        1381898.88888890        1389641.77777774     
   1425761.33333337        1470230.00000000        1466805.99999997     
   1467287.55555553        1486652.88888885        1611441.99999996     
   1611885.11111112        1605222.66666667        1596287.55555550     
   1603278.22222222        1569250.22222227        1550825.33333333     
   1563617.99999999        1580311.33333329        1574867.11111111     
   1565118.44444444        1572513.77777772        1580132.00000005     
   1579234.00000003        1628158.44444440        1687231.55555557     
   1669863.77777774        1664170.66666665        1657360.44444438     
   1648561.33333331        1721150.22222229        1767343.55555552     
   1770078.22222217        1690267.55555559        1650152.00000003     
   1691819.33333333        1689879.77777779        1647114.66666669     
   1679275.77777781        1684831.99999993        1688343.33333332     
   1676422.44444451        1689230.88888883        1619843.55555560     
   1596845.11111108        1730506.22222228        1766057.55555553     
   1746887.99999995        1771776.22222221        1774060.22222219     
   1596137.55555556        1564605.33333328        1569227.33333329     
   1575787.77777783        1578388.22222231        1580169.33333339     
   1576975.55555554        1572140.44444446        1563219.77777779     
   1575337.11111112        1635954.88888893        1602250.22222221     
   1591382.66666667        1608725.55555549        1615752.00000000     
   1607381.55555549        1553502.44444446        1496420.88888891     
   1489721.33333329        1554134.66666666        1587110.22222224     
   1589463.33333336        1589328.44444445        1570060.44444438     
   1567808.00000000        1567171.33333328        1564405.99999997     
   1589152.66666667        1671092.22222223        1668271.77777782     
   1639607.11111113        1579476.88888887        1594906.44444445     
   1590830.66666671        1609418.88888886        1621781.33333327     
   1600819.99999999        1583550.44444449        1534728.88888888     
   1530876.88888884        1545757.11111105        1474889.11111110     
   1504708.44444442        1537749.11111113        1566687.33333330     
   1560816.66666669        1557887.55555559        1554137.33333331     
   1546953.99999999        1552059.77777773        1526930.44444442     
   1550591.33333337        1589257.11111110        1578210.66666663     
   1569437.11111116        1523207.11111115        1535937.99999997     
   1618114.88888886        1632658.22222219        1622734.66666668     
   1631496.66666668        1625835.33333332        1622036.88888889     
   1673862.00000000        1593454.22222228        1558235.11111108     
   1563813.33333329        1576070.66666670        1597012.00000001     
   1634726.44444445        1578042.44444445        1617981.33333329     
   1908449.55555554        1921808.22222220        1912673.99999996     
   1902161.33333341        1924398.66666676        1980333.33333334     
   2007771.77777782        1993141.77777774        1922812.22222219     
   1898274.00000000        1871932.22222220        1873414.66666671     
   1912726.22222228        1973446.66666662        1955439.77777775     
   2019964.66666662        2038655.33333338        1990264.22222220     
   1990263.55555556        1944673.77777776        1836906.22222219     
   1830513.11111113        1828615.11111116        1829742.22222218     
   1883196.88888892        1865345.33333334        1832660.44444442     
   1860522.88888886        1878598.22222222        1919493.33333333     
   1918864.66666668        1920840.66666671        1925641.77777778     
   1855536.44444444        1876342.44444445        1872009.11111114     
   1861070.44444440        1884915.11111113        1872829.11111110     
   1890852.88888883        1892761.33333340        1880171.77777786     
   1877283.99999994        1874262.66666664        1869374.88888883     
   1870902.44444444        1850567.99999993        1789114.66666670     
   1803388.88888888        1791044.44444449        1750765.33333330     
   1747242.22222225        1813045.77777775        1787063.55555555     
   1781246.88888894        1784796.66666668        1812536.66666665     
   1869222.66666657        1789917.33333333        1792922.88888883     
   1784645.11111104        1773828.22222224        1768051.77777773     
   1752188.00000002        1741754.22222224        1733036.22222230     
   1721750.22222217        1723508.22222224        1727016.66666668     
   1708348.22222214        1710395.11111105        1752900.22222228     
   1749107.77777778        1727020.66666665        1683168.44444441     
   1701142.00000000        1701007.33333341        1716294.44444441     
   1746037.77777783        1672950.44444436        1633664.44444448     
   1614510.22222218        1594819.77777774        1647825.77777776     
   1641229.99999998        1639073.11111109        1643813.77777778     
   1647583.11111110        1698798.22222222        1668920.22222224     
   1654640.66666667        1574666.66666661        1566058.22222222     
   1577984.44444446        1599346.88888883        1603930.00000003     
   1598648.22222221        1592872.44444444        1584739.99999994     
   1567251.77777776        1571175.11111113        1592830.44444448     
   1589973.33333339        1587399.11111111        1584484.22222226     
   1596446.22222229        1614465.11111113        1589459.55555551     
   1533452.22222225        1528878.44444443        1555329.11111111     
   1574559.77777783        1589408.22222220        1577266.44444442     
   1597794.44444446        1609052.22222222        1592647.55555558     
   1589817.99999997        1595576.88888890        1638317.33333334     
   1606029.77777781        1567733.11111110        1551960.22222220     
   1556511.55555558        1579400.88888891        1624922.44444447     
   1647956.88888886        1670523.33333338        1663584.88888889     
   1656486.00000002        1665541.55555558        1700531.33333335     
   1724480.00000007        1704618.66666666        1645318.22222228     
   1633005.11111113        1623101.77777776        1607392.22222224     
   1609323.77777771        1612227.33333328        1588813.11111112     
   1584771.33333332        1597281.33333330        1593947.11111106     
   1690276.44444446        1732472.44444450        1720584.00000000     
   1766384.66666669        1787494.88888896        1783827.55555556     
   1798007.55555561        1824589.77777776        1827708.66666662     
   1852557.55555550        1853167.99999998        1845487.55555556     
   1773823.77777781        1686836.66666670        1690210.44444441     
   1704749.33333340        1737892.44444446        1739389.11111106     
   1742133.77777770        1767774.66666669        1705657.77777774     
   1719281.11111111        1716981.99999996        1718477.11111109     
   1722864.44444445        1732215.77777773        1735562.88888885     
   1766849.33333331        1752473.55555546        1752161.33333337     
   1763024.88888890        1741039.55555552        1739759.11111111     
   1736676.44444439        1635827.11111108        1549588.88888890     
   1569837.99999998        1597111.33333334        1559076.00000006     
   1549865.99999995        1531854.22222222        1497029.77777781     
   1448365.33333333        1450010.22222217        1461649.77777783     
   1455954.88888891        1456974.88888892        1440157.55555559     
   1463612.66666667        1450978.88888887        1461040.00000001     
   1475098.66666671        1487030.00000007        1482135.11111112     
   1557093.11111105        1565923.33333330        1564981.55555553     
   1622027.11111107        1618864.44444451        1584356.66666664     
   1564419.55555556        1546907.55555559        1533090.88888896     
   1546121.33333337        1567534.66666664        1574429.33333329     
   1576030.44444439        1587352.00000007        1594069.11111107     
   1626243.55555552        1618047.11111116        1623113.33333336     
   1637372.22222223        1652369.55555556        1654834.44444447     
   1627582.88888882        1569886.66666666        1543058.00000001     
   1532545.11111106        1511914.00000002        1567307.99999995     
   1585923.77777781        1578268.22222228        1591289.77777775     
   1624358.66666674        1616349.11111112        1607908.22222221     
   1583107.77777772        1546852.22222220        1538959.77777774     
   1554150.88888891        1598808.00000004        1611007.33333331     
   1536758.22222229        1472420.88888889        1407621.55555557     
   1409710.88888888        1513219.33333333        1506190.88888886     
   1526370.00000000        1542300.88888886        1543309.11111115     
   1538020.44444448        1499171.33333328        1482605.11111113     
   1485111.99999992        1470977.33333338        1468250.66666666     
   1481894.66666662        1479010.88888890        1575306.88888889     
   1578104.44444445        1552904.22222224        1552256.66666670     
   1549237.55555559        1546093.77777780        1544058.00000007     
   1556963.55555556        1593280.00000006        1567781.33333331     
   1568249.11111112        1557387.55555555        1601377.33333337     
   1565533.33333333        1563551.11111111        1570056.44444442     
   1596554.88888888        1599473.55555551        1606426.66666661     
   1622648.00000000        1536321.99999993        1513251.99999991     
   1485471.77777775        1532794.22222234        1534724.22222225     
   1537743.33333340        1538962.66666648        1533112.00000005     
   1512085.11111104        1512543.11111105        1515003.55555551     
   1507304.22222239        1503259.11111127        1496228.22222225     
   1498059.33333335        1521275.33333345        1571535.11111105     
   1559687.55555544        1538973.11111104        1515753.33333328     
   1506331.33333340        1507596.66666678        1509368.66666656     
   1505755.11111111        1503900.44444449        1501162.88888892     
   1512279.11111112        1524384.22222223        1604053.55555563     
   1704463.11111116        1681623.77777795        1678646.88888889     
   1678848.22222224        1678717.77777783        1677828.66666668     
   1677384.44444445        1675741.77777775        1673237.33333325     
   1675810.66666673        1684367.11111104        1714786.88888894     
   1679192.88888882        1622049.33333329        1635097.55555562     
   1623938.22222219        1601699.11111087        1601746.22222210     
   1607496.44444458        1607233.55555561        1608634.44444431     
   1583811.77777765        1556687.99999992        1570135.77777773     
   1572322.88888883        1555421.55555571        1552305.55555550     
   1592000.66666654        1601640.88888896        1609961.11111095     
   1640991.11111126        1619947.33333343        1618807.77777766     
   1617162.66666683        1618424.22222216        1610763.77777777     
   1611270.66666679        1602228.44444452        1600918.44444452     
   1564045.99999986        1553391.55555555        1578619.33333339     
   1585397.77777794        1588216.22222216        1578133.33333328     
   1518212.66666668        1522216.44444436        1518292.88888897     
   1478431.33333324        1495639.33333341        1488908.44444448     
   1560304.44444446        1589628.22222227        1579616.44444440     
   1544147.77777784        1502162.00000004        1551409.99999993     
   1535163.55555566        1562267.33333339        1648731.55555543     
   1642857.99999995        1623890.22222212        1548246.22222234     
   1542467.55555563        1606071.33333326        1645374.88888880     
   1648126.88888870        1649276.44444449        1659768.66666657     
   1678508.44444451        1701285.99999985        1683089.55555544     
   1672519.77777778        1710241.33333342        1741201.33333342     
   1766025.33333339        1810235.33333355        1808340.66666660     
   1807771.55555561        1740164.44444462        1726741.55555563     
   1722965.77777780        1736343.99999998        1807798.44444463     
   1818032.66666662        1818557.11111114        1801575.11111116     
   1796167.55555565        1714646.44444444        1736615.55555555     
   1732023.33333343        1712806.22222212        1701048.22222228     
   1616279.11111113        1572257.77777775        1576455.77777775     
   1585573.55555553        1598675.55555567        1587914.66666667     
   1519173.77777776        1491323.99999991        1474432.66666664     
   1463542.66666673        1450808.44444458        1451020.22222234     
   1466146.66666665        1536774.44444436        1586015.99999996     
   1595847.99999989        1605131.11111122        1607910.44444435     
   1602692.00000019        1594211.55555549        1584519.77777768     
   1592545.11111112        1596489.77777781        1644836.22222212     
   1669260.44444451        1664053.33333344        1667611.55555562     
   1675946.22222216        1685352.88888881        1723342.66666658     
   1745571.11111114        1815264.22222231        1806960.22222239     
   1773954.44444443        1771697.33333346        1770055.11111117     
   1762077.55555561        1768912.00000011        1778280.88888899     
   1801023.11111108        1803453.55555569        1855718.66666655     
   1870403.55555559        1898772.88888875        1894537.33333324     
   1892345.11111120        1852476.88888892        1805724.88888898     
   1807217.11111120        1802989.11111103        1779315.55555564     
   1764480.44444460        1759855.33333339        1736192.66666674     
   1747426.66666677        1759747.55555571        1694516.66666683     
   1628301.55555549        1574632.44444455        1551435.77777789     
   1532058.66666651        1536119.33333327        1543518.22222203     
   1553180.88888879        1566076.66666663        1578562.22222237     
   1573387.33333337        1560483.11111114        1530459.11111124     
   1456754.22222211        1456639.55555541        1455896.88888886     
   1474903.33333332        1591885.77777766        1586433.11111126     
   1582358.22222212        1585093.77777765        1584092.44444426     
   1696984.22222229        1708636.22222228        1659127.11111100     
   1645453.33333316        1643154.88888882        1625726.44444459     
   1664097.11111119        1872201.99999998        1990888.44444456     
   1970600.44444443        1985909.77777796        1987489.55555557     
   1979067.55555538        1972308.88888912        1988538.88888913     
   1983049.77777789        1976975.11111121        1924119.99999989     
   1904571.77777776        1897540.44444435        1896296.44444448     
   1900285.77777793        1913880.88888888        1894286.66666663     
   1890309.55555558        1851514.66666667        1879485.77777788     
   1928871.11111100        1952157.77777784        1952192.44444452     
   1973448.88888888        1950843.77777786        1984712.88888875     
   1976617.33333326        1872743.77777773        1928246.44444436     
   1969232.22222230        1943642.88888894        1907296.44444433     
   1929323.33333341        1937870.00000000        1917470.44444456     
   1942847.77777772        1918183.55555572        1897242.88888883     
   1867625.33333337        1846473.11111115        1812136.44444464     
   1773838.44444440        1781489.77777779        1761030.66666681     
   1777901.55555562        1803448.88888886        1902785.77777780     
   1905752.44444441        1870257.77777793        1905497.11111129     
   1907932.00000010        1863423.99999990        1841825.55555565     
   1845259.11111129        1841887.33333328        1839591.77777768     
   1839271.99999984        1838105.55555547        1840577.11111105     
   1833932.44444458        1738340.44444437        1735886.22222231     
   1779053.55555551        1826004.88888894        1819163.77777769     
   1791703.55555556        1725756.44444439        1713179.33333318     
   1765883.99999996        1810394.22222213        1845437.11111114     
   1814937.33333323        1788733.33333332        1751790.66666667     
   1774176.44444445        1779037.55555565        1783666.66666663     
   1788334.44444439        1668863.77777793        1642780.22222230     
   1529406.44444453        1513514.66666670        1519232.88888885     
   1510969.99999990        1510505.11111115        1555674.22222206     
   1547040.22222223        1570263.99999987        1590238.88888898     
   1572227.77777770        1536025.11111108     
   58792.1729986549     
   708597.425995811        698029.650670128        661788.995507803     
   708058.431633901        595503.018065381        671941.273686187     
   776246.328975921        705203.406798700        742610.481937978     
   679593.140603823        682640.488194105        686637.743672571     
   722155.465579962        808058.786753333        713333.330583638     
   778589.125092922        680439.536802345        744357.353340594     
   726265.139637030        812619.826761416        738307.032439094     
   764675.117393071        656091.293904300        692907.078031786     
   686396.168711136        713766.078392153        649914.808012785     
   737293.536444977        660196.515626885        656792.546106184     
   648551.269980518        646099.056823541        685186.354214973     
   657583.993880497        595621.591989453        643485.772253316     
   641772.603353346        736956.607480601        723689.817623052     
   656710.407873388        668000.302978746        724189.846029158     
   679824.552085417        689987.482903005        684310.534079366     
   739685.234245198        665756.719412721        733404.048924451     
   756723.496258117        693437.503169617        725900.034592028     
   632626.493082787        766642.235958878        754820.009938346     
   765318.107621164        737932.887018346        708663.495310336     
   760015.476021744        752878.934661349        749077.666677550     
   639340.348627110        635346.046369360        691767.390661936     
   735924.594133061        693838.184326556        739544.635457358     
   739198.811950215        698494.575060263        638985.111388993     
   750509.476274613        735912.876987924        740183.675065248     
   699226.441152966        713126.802708660        712633.339171302     
   696866.888911335        712094.072170169        712280.760570898     
   666361.550252988        684659.578802513        688956.561478670     
   613817.565648816        688328.392413701        652171.820386218     
   651074.208666075        728755.003448861        673267.070276983     
   691796.788524176        694331.207828390        735053.501192316     
   732241.420998152        651337.836938200        692315.014672647     
   653777.996346704        589337.851062599        682097.418614135     
   744668.320315855        691754.430529983        694154.210833827     
   695765.075773754        761806.759916062        758626.715586262     
   641539.805503446        709856.840749172        645505.043568702     
   625499.931403384        694540.194059495        667560.679238537     
   618679.400724814        586983.389658483        708009.005452949     
   728971.923567961        690754.461758173        636084.993892202     
   679971.052292287        614291.412367008        606305.446985455     
   704094.584319988        708905.181905940        761135.986623811     
   685342.321990326        693311.729231484        706460.005592343     
   676218.900768177        673555.264401942        726061.738567343     
   704965.670664770        728123.553032898        778806.356449289     
   707551.781360606        684184.590974996        769442.120347940     
   950774.316149358        715235.347083750        708256.036767672     
   726938.248342996        741502.948199940        670171.098561961     
   857233.952597083        767509.281623647        798230.533950838     
   656577.306670583        769825.780665276        745642.330603076     
   661069.746043340        837846.043268419        653821.777875693     
   693089.673610159        693555.086188287        739231.899933349     
   639298.580321320        722151.999593761        808236.411451599     
   741471.427051294        731023.358080088        743290.178334775     
   670785.209226225        690053.935974129        784686.527980356     
   678170.067712946        710451.187828070        723504.585764627     
   635679.326480090        714955.342639160        650970.638431465     
   640141.096373386        656616.036332724        662078.601736524     
   729036.518075712        730965.473735473        734093.389683784     
   662463.358548552        732901.737286715        765700.043353272     
   603592.274757553        757172.560785619        706360.783860320     
   732781.984907267        734926.460267573        772719.256054114     
   730792.019261369        663997.554417510        640485.830943519     
   696327.109099963        742287.407681002        728854.192797524     
   699507.883051824        684320.177442674        701330.837738922     
   630269.853916430        667350.561167740        724942.000436308     
   703198.016709295        676540.131782411        644570.684380819     
   685769.640700480        689736.562932747        725026.462829622     
   704724.967354481        700966.963539440        632170.281451857     
   746692.343532098        569700.852147146        605368.254530855     
   664540.413384754        695826.792115970        646980.602570820     
   625945.158274921        695756.424384268        614426.695055265     
   618157.767314816        661912.535043930        605426.962654861     
   661375.108814273        671502.203424484        640699.059946101     
   626232.148653154        700671.853513507        682443.782291612     
   659939.219574718        694443.441367907        644137.043997460     
   650826.211426273        650012.800662617        628031.475392010     
   676539.430825930        669881.606891933        694734.493515253     
   656846.378990460        648161.879761946        595119.406345737     
   688234.948738570        749060.144907811        712302.831032933     
   750554.585837539        875235.475828022        714423.164992669     
   764816.090493680        817527.046077447        659570.912372903     
   695512.621536305        771107.218989670        732441.666058014     
   815459.693562971        801774.375733703        745976.849582776     
   832978.563228629        697959.994913703        683722.571378174     
   730675.952123863        659645.145764118        680344.790391141     
   745598.220906891        749987.121874766        789931.262336887     
   819290.486230599        694604.207636009        667378.753926101     
   703547.894022644        735136.864987875        828774.234331025     
   668781.422882223        827655.467998589        708126.466774131     
   745475.902637047        725247.174416253        859288.345449442     
   827489.518371018        727238.133808994        701324.579050256     
   838339.142714364        708131.378519959        768391.076792809     
   780140.924837622        703610.531412117        637332.436547060     
   625349.579626747        659948.705748375        690093.922224943     
   678274.563533423        741831.369658119        871787.896981669     
   757040.371065695        721833.901125692        677746.161650805     
   738012.849125942        741404.989915012        752673.555093729     
   786778.983665592        710459.398624593        756349.798061896     
   684044.346240987        732522.574756802        694451.139952722     
   733472.754154219        720975.255515305        726627.444750221     
   687620.527050918        739520.556216050        773611.918702541     
   670059.703723970        740297.408298091        672087.856724013     
   673215.399070205        657740.157839044        670152.234115710     
   658983.955149061        701431.433490449        661401.259907600     
   699186.985347076        736391.999377971        679143.532526781     
   687082.805105400        682526.963765520        824018.509348595     
   705302.360584898        685847.434293590        646335.714850613     
   675177.735494271        658054.998787436        670641.011985238     
   611534.307864657        639309.508953490        661843.701623109     
   665730.079792285        598393.111022619        655854.699523752     
   614234.423544860        762286.363640893        619931.652067380     
   624120.703137548        718248.763309240        632232.135511936     
   603554.727733053        683758.068264135        668697.293552689     
   607359.435949338        560683.846967861        647326.967510971     
   673725.263597756        694422.996690567        623154.918559988     
   629147.425676876        665347.391352359        631512.488592619     
   632362.935914204        642752.510118023        626338.645535706     
   723413.846872322        691282.354217038        625749.566193406     
   705932.477621542        638804.540908412        750928.724857879     
   732121.341806759        659906.812475397        693926.125221954     
   682563.356967252        689970.179381604        729773.516317893     
   681817.144603546        752100.415822211        685832.205209235     
   659337.799683291        668468.482530633        692099.682141618     
   654805.223233912        696626.106800808        728098.112875188     
   627768.745828099        659206.943503496        706739.671658277     
   643146.707900454        676005.309105329        660742.717783810     
   646455.325321988        680164.625222601        749937.212999256     
   695615.191226305        729364.742557692        764134.096919267     
   825916.146722463        732183.956257599        692263.300015370     
   696710.370627539        701301.665474242        720164.692945595     
   631575.732849379        714703.617749226        722392.160329178     
   696286.448126510        736610.019661574        637469.592739035     
   699148.659651687        729282.121997464        678885.756103771     
   689046.918410376        677096.723557930        680394.692027341     
   701070.933603887        739471.850035780        671117.643988048     
   800509.969533670        776081.468469677        694699.165832752     
   603851.005647211        682023.891061350        646849.463982772     
   663071.937333738        646661.326668706        698393.514061869     
   717318.100849566        636995.297237072        729622.026581740     
   696907.386400436        715354.634665213        634284.843584269     
   617104.681335820        608469.655099812        615136.257438934     
   580733.242511139        545281.511604317        602845.748780347     
   596087.172578439        630529.008052398        596087.085160043     
   720049.964274554        577957.206831874        639407.967226833     
   675594.112091477        639359.030458644        650719.222904686     
   701994.026716438        597447.690885948        593529.509115098     
   656406.418675759        599264.268801810        632181.146805982     
   683836.493383761        676879.787619129        682020.997088728     
   680111.663224272        644461.391800968        676471.557923444     
   636616.923475008        604196.881198967        691801.773501685     
   641002.569152539        675179.690718933        719597.103472394     
   696337.049862205        615734.355115229        592878.963167848     
   721207.053887617        680791.461461459        696226.757304371     
   664119.430232445        648291.187547525        646313.133921410     
   691391.562215014        643011.178360716        658060.293232682     
   656125.089343754        724356.478756003        642644.638791806     
   676733.824319741        654108.387414023        658403.764551504     
   731238.692046939        652497.526577849        618924.159887883     
   664930.017913391        567947.994378540        666784.899347157     
   617452.583861361        689740.487815291        655330.015849111     
   641239.492467955        658333.004288570        666723.820079550     
   673580.197112072        693459.860099483        675305.658975822     
   682449.818833078        620715.282460395        596140.159944613     
   698482.756149416        565346.407572651        614946.323764854     
   581209.103594915        595629.561490962        634865.631164896     
   705573.964521211        733186.092676669        660169.480360402     
   622864.832617311        666904.982743620        654788.156209634     
   694740.305371425        653358.745790042        708473.600975314     
   619447.557845011        656520.386277015        659895.681454723     
   665018.719163240        653668.431306304        739972.910193404     
   640919.327983950        754401.813634761        640385.963772651     
   647951.803455629        647223.542962699        644786.391023881     
   600274.556491928        680234.951590946        637097.206119390     
   693718.923447961        670050.687489502        660708.029610021     
   657951.314299440        671158.621074550        681922.086424812     
   717823.851244997        670984.263536572        669318.163452140     
   678402.199485015        673789.755662094        724105.605343906     
   617023.603738889        646248.310990260        780758.533356494     
   740543.866223713        728678.085575419        639763.009013336     
   710552.045393353        783953.233097071        672765.329747765     
   679649.687430609        722947.816163676        665350.189853137     
   686617.257369435        695754.703974032        703788.438385105     
   666502.328684666        639568.483854324        635377.472508725     
   685378.085209073        604502.945937168        654036.826930441     
   710385.138537829        632563.602665336        688395.395244260     
   651623.693577140        650673.843146184        613710.559724761     
   659317.335462428        680349.314024882        706566.723612415     
   678051.428174748        662088.419198593        721596.662562079     
   685132.598644528        718951.248707570        643942.323410279     
   700686.398232721        634830.635770468        709702.478155254     
   653568.219007512        701569.976880026        595040.166285090     
   668115.439046308        665172.480567193        585253.340381006     
   662373.957751645        660224.901342781        621959.228557016     
   633211.493233972        706355.874350660        667306.941969922     
   701103.016136837        609243.591376226        631046.615396174     
   626575.050555166        638888.988950737        705681.724064926     
   734274.853886131        725175.619397138        608146.782892612     
   681600.181953616        681073.896683498        719550.111886521     
   697755.580406455        640156.078363137        721354.429785627     
   712595.890898695        653592.554479650        618166.575248855     
   679809.818516449        720723.132464965        718725.029230933     
   727794.197289310        666536.653312126        669135.430133840     
   587657.677021686        671865.642316678        704839.421481942     
   634681.795299660        696907.095368170        676224.279320305     
   707037.235299212        692263.754570886        677743.247939945     
   667732.435768200        686101.228413838        761455.266499344     
   728637.618399891        662106.359933102        942581.041061910     
   714595.294891347        791117.334483701        676428.732333910     
   676480.748026396        794505.803776660        705882.540663686     
   692866.142507522        693321.269352459        653384.007802898     
   607006.743279198        624572.886706679        751572.084536901     
   669337.313098629        780687.940392297        678113.787916568     
   715064.826622920        698896.483745989        795658.560647011     
   657034.577863656        703444.984165243        673994.829696174     
   681525.622445914        686408.151458733        695708.640988321     
   658880.111187130        629309.502274290        673436.053221624     
   750738.893409422        743813.022294501        683763.808337152     
   639683.369296150        709185.477491305        726035.273758176     
   679736.731766102        680673.564893615        630854.307065850     
   633231.458459056        799446.960397679        705282.792730762     
   715538.102920235        690643.704386879        694907.921049727     
   698904.133208765        788765.560618601        704247.357646620     
   691707.159378935        795390.199276956        716489.672207214     
   822953.686530131        795144.400529687        682607.959770103     
   813016.015329109        713872.330387324        698172.432612018     
   656962.948848485        730105.000195398        697501.520041642     
   729084.265796453        637816.687655977        660101.832712381     
   638279.651490532        705788.310140563        726827.273002006     
   680858.324358201        726588.125559644        718488.771535303     
   681593.291807655        629347.287875398        655968.904516688     
   751483.620787448        635941.338987404        590429.974285903     
   734844.028342329        666063.243303689        641664.809445935     
   614577.209598502        607418.103946981        642172.647249769     
   645120.938041520        682392.857089865        643413.616090583     
   677276.140017300        714004.595331553        644325.382743184     
   664713.217737288        713796.552959039        691582.012544000     
   717107.826490278        723166.421840714        706849.364908141     
   707982.322176784        715490.899817977        756236.634977300     
   695157.258439074        718819.864636035        685110.073735551     
   702493.731167373        718529.415384203        645721.197771265     
   822990.347023187        701344.129348429        671988.803720061     
   665833.786866494        653037.089567070        758830.507764592     
   683287.228305076        640657.897977624        702758.982836383     
   698052.190085141        692014.953794423        695518.200637514     
   743408.403122429        711088.384067624        726454.753060091     
   692512.420495044        653124.032167141        625038.233816449     
   717805.379427507        774970.199981604        749340.593520270     
   829760.656020795        772272.204446266        888675.992677150     
   769919.316735073        694133.237325999        714156.519251498     
   750966.240060479        633176.665541514        684639.666495179     
   660134.380721667        769355.558391936        801437.101872843     
   768567.896802154        776335.137224067        668839.597541327     
   676270.233298371        751415.175247892        760759.908382327     
   700774.436852332        652860.570706284        687800.475571490     
   798291.716478338        663114.547510393        641112.425968606     
   647731.550397923        646060.444041588        687536.742074693     
   668020.101707027        656746.909222497        677965.236121315     
   732898.730784399        759412.246335891        645248.097725129     
   675769.310711664        739431.640454256        693166.940362203     
   793726.641941163        663564.988109745        738855.635225450     
   742267.870644785        702309.578086895        747999.671191358     
   670052.841595098        780150.526114501        661417.939097451     
   663682.964429632        704426.572569086        751795.619126440     
   722960.941098331        689622.019732943        664058.744282162     
   668388.625423964        675675.096872492        751271.255765103     
   657669.931619300        669927.827603217        605600.289920882     
   584351.982306405        651656.823873060        706335.030344840     
   646553.349536800        771993.753665536     
   136.043809337052     
   1141.13472488465        1126.88353037784        1052.61891811095     
   1024.80003777110        1019.98603612737        1086.62416667799     
   1031.64870170550        1028.94893843697        1099.14642555518     
   1178.10116292601        1091.57748367857        1154.80411790610     
   1022.79862166620        1172.30094807731        1112.45297637360     
   1137.56516690966        1191.10126935733        1182.02570786006     
   1210.08569491374        1287.86612024900        1191.99379399841     
   1235.84926292646        1214.56096300491        1094.37689282049     
   1137.18700619068        1155.84268627966        1172.00850008660     
   1077.47174356105        1101.19911815119        1086.27317636675     
   1136.12612666097        1060.84572133456        1099.83026576719     
   1135.98195081724        1065.99876302040        1073.57713868875     
   1096.42334043829        1152.56475231295        1173.62486279213     
   1141.90668260556        1136.84207299108        1094.66326206244     
   1115.76068452264        1114.10616222640        1196.48997326008     
   1156.14208096056        1214.43997170212        1135.25192713400     
   1111.22815955578        1134.71975413398        1204.50349195626     
   1155.88678685871        1154.05534424635        1223.36457767010     
   1270.15677247667        1215.42038711622        1185.84240344003     
   1088.64922059487        1142.80297633593        1200.54453851895     
   1219.23687568106        1194.06277236753        1135.71671030034     
   1181.57017521138        1126.90408421052        1147.57889157804     
   1192.68521589618        1089.59962914136        1095.10404719104     
   1122.84222891329        1103.05499112750        1177.41833172740     
   1209.40039148612        1233.05919356524        1226.97900733031     
   1124.09497173387        1177.00044375401        1195.62753572416     
   1068.13003781938        1135.12015599865        1166.62640753985     
   1081.50489767776        1180.70391621288        1128.12880939937     
   1165.60077885351        1173.43834118447        1175.91414475386     
   1145.83662817494        1157.24072216585        1063.79529928379     
   1158.94583077702        1095.78299534676        1067.93901246309     
   1091.71464304334        1072.35006537866        1128.79503347350     
   1089.39876532468        1067.27602271262        1109.90778463461     
   1068.10092795336        1073.62336046847        1172.11926593952     
   1050.33613215380        1084.02809964507        1068.04243216958     
   1026.30319079050        1030.10039518675        1133.94566271835     
   1002.64023316126        1025.80232927854        1085.91832687196     
   1022.69524286791        1076.45945783648        1012.20643619730     
   1081.23360887985        1111.05046360034        1168.83001744908     
   1198.56806562998        1206.61250365506        1151.21481907632     
   1206.90048009882        1111.42320195838        1115.03564644358     
   1180.95630790074        1205.12938316484        1187.18193727505     
   1200.06750726316        1190.37259871522        1156.14694808230     
   1133.11296256791        1154.84747604065        1190.91481411370     
   1219.05368341898        1144.41805952647        1116.47998838548     
   1194.96754308412        1248.19041135875        1222.75111127822     
   1253.96591353762        1214.27581403712        1178.23245294469     
   1206.14866423162        1312.20235779682        1182.58377460055     
   1234.45679676106        1246.98015535787        1270.15956420003     
   1114.00692439953        1130.45778019939        1222.68934914034     
   1195.26081971820        1237.14968447627        1222.51350319757     
   1221.03817551677        1263.39711302430        1295.98839261538     
   1194.68200302580        1205.38657834935        1175.85391068757     
   1181.12637709584        1081.30754139095        1167.72512353604     
   1149.67315892026        1151.74276570173        1155.73813040522     
   1174.80586454929        1120.58517311618        1206.54071702712     
   1219.61117983037        1214.47265022020        1184.11483692295     
   1160.24245500462        1184.74857946814        1209.71789170811     
   1142.78724229150        1114.63598705804        1132.77801277837     
   1202.20314131888        1156.31297915263        1162.96648739833     
   1221.53099707687        1176.61411950681        1113.05944165405     
   1165.63043494525        1209.94353081332        1138.86797936374     
   1163.78206375837        1088.55582903710        1180.27794863130     
   1090.64936673051        1172.10368424912        1108.00504381423     
   1128.01416150025        1132.46564944364        1056.40026326778     
   1094.44191596976        1133.62111410701        1078.56786915466     
   1151.21690059949        1180.88290729459        1176.29134447192     
   1130.21499085956        1124.72831194381        1160.62479218104     
   1147.54004011228        1127.06382168303        1086.87275046387     
   1092.56015523414        1138.15915978203        1147.56106809667     
   1074.97958621703        979.303087204073        1101.26696287529     
   1059.63245968355        1121.31742408681        1132.75727364360     
   1120.31221929423        1160.82006495072        1147.39170788978     
   1111.76137813451        1091.84975846826        1078.72186173291     
   1101.55031695047        1052.33570640244        1066.09971812837     
   1122.45193540111        1087.87454683331        1161.33018012653     
   1264.07005753515        1320.45508829728        1227.76320285450     
   1282.70978026878        1286.50693499012        1364.25107950262     
   1372.03801440265        1282.42447643749        1267.74533681480     
   1225.61453061885        1313.28992700474        1295.80234251817     
   1250.97909576569        1353.60907546475        1367.14593249721     
   1394.72306057234        1420.23051332546        1318.97716140261     
   1280.89823694324        1277.06086624843        1210.33357156034     
   1254.57730477123        1287.81008088683        1231.82247659206     
   1387.58033562945        1358.57304502136        1269.08023005643     
   1289.92369772066        1281.73242550132        1276.15451825602     
   1333.76973123652        1381.51734722279        1311.28170921195     
   1238.66631641631        1317.18215066972        1252.08118028462     
   1153.53261152705        1284.59571206731        1298.79075392680     
   1293.59796442058        1209.17210384159        1173.75260969264     
   1193.89220845862        1284.97034283744        1272.19584470196     
   1238.84263418712        1231.03492440380        1129.19614221095     
   1158.29997425903        1221.38943512513        1141.27323525637     
   1193.04558212887        1270.34184131570        1265.39576981123     
   1189.37499222362        1251.60273470270        1325.50783984446     
   1304.62157981552        1203.82620117439        1230.33743060255     
   1263.85972242327        1244.69865281113        1193.40914168976     
   1250.54513114697        1235.27678946603        1245.27747375328     
   1213.08007202441        1187.12755773389        1186.82058720895     
   1155.57632671941        1285.87925066172        1294.62575729353     
   1258.40657632104        1269.09271575298        1193.06164104041     
   1206.05519400309        1189.75834973323        1164.44600044699     
   1186.70062650422        1098.98136324769        1105.39512703374     
   1130.92166414563        1245.44980588311        1239.47171022594     
   1237.27607279706        1193.23323924043        1189.87479409750     
   1131.70945549052        1203.78883451950        1144.35689304770     
   1182.18823355201        1162.92317102480        1095.93555798696     
   1133.17605356625        1183.40082820656        1064.19629488755     
   1166.10700402294        1161.94086171049        1148.16737040995     
   1141.82176533681        1082.40852842674        1154.71927927129     
   1116.73125006692        1146.12273852602        1099.38519283360     
   1163.97991431717        1135.62699794863        1095.80028435959     
   1077.02431278121        1090.47100992672        1151.44261579972     
   1131.50962894851        1100.01276281375        1082.38697647162     
   1190.37755988641        1082.74262938541        1072.83102060566     
   1097.27008134079        1134.50181087067        1112.67404087409     
   1156.48243547619        1124.12991208795        1097.27302265762     
   1126.58184146931        1121.13343464622        1103.65576271974     
   1218.55582098717        1192.92811943608        1212.78454772955     
   1246.56814474887        1162.71900463229        1156.45978360261     
   1225.16737668832        1199.22510734713        1214.53088222298     
   1166.58350945411        1148.80190403262        1106.32896574704     
   1168.25206063824        1150.94528745359        1133.23888929643     
   1208.44622572922        1155.11005683744        1157.36959939354     
   1240.41012394733        1196.57051665215        1216.05624558687     
   1212.39002962966        1283.14202001328        1249.04298095106     
   1216.84983763509        1239.24520682542        1240.24803101476     
   1246.88410851633        1230.61228646430        1215.26323234059     
   1299.27492485345        1267.61913395189        1179.49756998303     
   1236.00918091583        1241.08117914592        1236.37096307892     
   1215.78529132732        1250.79807157578        1184.11766440849     
   1214.63801221337        1171.29048593034        1227.73262341930     
   1202.16888697044        1218.68320592651        1267.68407348385     
   1238.88331701410        1230.29583736081        1214.28416753713     
   1254.57511253126        1288.70277965642        1256.32264169430     
   1165.13958448445        1211.39727863939        1109.38012507165     
   1099.93402313356        1082.06138494375        1120.26196915239     
   1128.68121388755        1133.64086403435        1168.53359810439     
   1154.28686997262        1147.26899468458        1148.47150908762     
   1010.41091478912        1065.59593538635        950.753944820030     
   1082.98937410867        1032.32172432935        1043.68197142660     
   1003.51765160124        1054.88070904737        1096.08197347138     
   1087.65517726107        1052.59133620484        1174.71103767461     
   1095.57048661227        1091.18404739786        1167.84525349166     
   1119.08410912846        1091.14705014646        1149.07502881934     
   1064.34947253270        1201.96651411172        1174.79500786343     
   1134.82251360741        1072.30735550848        1114.61408123572     
   1152.20996889860        1149.25480751846        1215.05469177639     
   1107.73040033623        1153.14677019871        1188.37987161735     
   1211.48681106659        1154.55258374537        1152.30445807725     
   1155.59627354111        1045.26692606174        1136.77449290771     
   1109.60327480534        1128.57209840324        1116.59895134152     
   1166.99229814811        1151.25314726192        1153.58716429491     
   1214.34814940549        1083.81823913221        1153.95951151939     
   1146.86970084477        1172.95068542815        1222.58352433414     
   1127.75333453338        1055.11558295750        1043.29846582364     
   1058.11877438969        1131.15546726329        1079.78888681445     
   1063.48621126331        1064.18841128677        1079.49486330461     
   1068.48725465194        1094.19157286883        1143.72050445456     
   1130.86752405111        1149.81906323206        1133.45697183631     
   1104.56515201141        1140.78610054391        1111.32989485089     
   1121.13012769922        1146.93755027607        1081.24066024463     
   1094.03443577290        1080.28954926531        1083.55652918390     
   1130.31717241200        1160.32217697060        1148.11656960148     
   1101.02101673678        1173.62361687197        1062.09765768408     
   1152.31635524476        1198.09998386224        1099.42082034789     
   1198.63611834943        1140.88531255077        1091.19484728261     
   1063.51988896979        1180.98872271652        1113.09037285187     
   1112.99488667421        1128.65965415735        1122.18050873996     
   1066.92896320988        1135.45632521022        1138.00365208890     
   1084.80678490555        1081.16861196960        1116.28034540720     
   1070.67663116920        1123.91077540440        1076.92019229154     
   1104.50134947810        1013.12628500530        1120.80931216861     
   1149.11130493282        1131.92985220739        1108.78982235078     
   1139.47911714871        1033.50444588390        1027.20348824726     
   1080.82676863088        1070.33100624325        1107.42134756985     
   1072.94115365372        1084.93350048099        1180.79642733357     
   1152.90669246025        1139.30538101252        1221.17417170507     
   1155.17605829092        1174.60945345142        1214.14110048627     
   1159.92395349286        1241.26443535588        1192.05978016794     
   1193.10658903469        1163.52257213360        1162.77317478816     
   1122.04150308201        1168.30670172557        1081.73006696187     
   1101.82383092800        1059.22527069784        1113.12997363933     
   1090.15819354113        1044.62165343142        1107.88431233582     
   1107.98834401662        1085.17748005798        1128.89272792797     
   1067.96396256085        1075.36998574111        1056.13561881434     
   1127.17389092119        1127.54189400216        1164.66463884726     
   1156.31536569330        1111.57916144179        1154.51451188642     
   1131.29306157885        1113.37979146243        1132.88594246736     
   1125.97061450940        1049.12349730225        1180.49166459206     
   1062.37437976791        1130.28907072905        1050.90436316563     
   1043.73999705063        1103.91604224202        1099.82866662463     
   1092.45868628503        1125.16501773706        1156.44676305887     
   1068.65109172512        1099.94128079238        1099.49085066388     
   1077.53021781973        1151.12562837235        1178.47059606012     
   1142.46869195692        1109.75026169123        1094.04036713080     
   1129.36945398416        1131.91041476386        1206.12457435483     
   1199.95426109439        1133.22869744601        1055.38245749842     
   1103.66144406578        1196.96306569452        1151.29110713667     
   1140.99794709117        1123.90210973172        1116.94920835054     
   1193.84829437954        1179.18714825688        1100.26246270991     
   1191.39631898404        1153.66491839343        1193.48051702873     
   1225.15181954641        1233.32929921635        1170.24495148155     
   1124.64437263756        1176.88813305375        1162.82042708055     
   1258.42477586220        1234.30918536248        1238.50477611886     
   1251.43280190363        1263.42348714316        1252.36749465221     
   1268.67467383509        1229.66099359646        1246.64801885134     
   1295.97391401139        1221.69961508257        1184.77646972257     
   1103.53897655000        1111.04217306408        1125.47574452584     
   1131.39901486978        1211.97406176464        1104.26535532575     
   1118.59181385051        1133.56579746740        1132.88112716424     
   1163.24596677235        1133.16443935777        1117.27843970933     
   1078.61576520407        1125.91314636174        1233.69742843623     
   1169.84003103243        1113.49135568326        1120.58435329769     
   1179.27706094591        1081.89618260765        1129.11867199532     
   1152.07800053996        1192.47712135392        1129.95161851946     
   1201.21619867782        1223.42477043312        1220.23652414295     
   1184.16150387265        1128.28075721683        1227.16212224463     
   1206.92054701445        1233.98488518668        1177.91016328578     
   1188.31198367164        1274.34716395662        1266.90750093114     
   1268.97354761070        1253.42581867512        1190.66044471347     
   1254.04865645654        1310.96768250383        1293.50841958337     
   1312.90952010212        1394.98651610846        1269.14532522697     
   1274.23045981208        1224.04939615271        1238.54997974863     
   1266.95152068423        1204.28774823443        1170.90496933128     
   1151.27545482664        1267.66366882368        1228.66447552530     
   1287.17869241692        1258.99039583773        1178.67892780978     
   1134.42089912705        1118.79446635119        1071.96137265933     
   1139.79367422575        1129.64041011167        1128.65537536909     
   1128.32304910068        1091.59776716267        1100.92231859539     
   1075.05106847162        1027.39508818181        1065.83422974801     
   1072.97616913986        1035.98323393481        1042.19380728940     
   1069.49874135299        1031.75811074997        1106.24181619453     
   1120.53734730960        1103.48196524257        1184.91386006387     
   1220.73811835357        1198.02122685460        1156.49224369664     
   1218.59463926419        1140.21667958602        1215.02820662764     
   1212.58549583942        1263.70531946247        1329.87629987087     
   1297.90063391472        1265.38934424887        1273.10790550187     
   1309.45207990224        1303.23309626196        1315.45014417403     
   1252.69666326789        1300.47236623339        1321.33377523039     
   1238.64902630268        1247.43092534704        1194.09678300410     
   1224.71386373650        1206.12067747032        1188.95618877078     
   1243.61958744047        1248.63250869364        1183.22426340420     
   1324.39502869719        1275.40151048132        1267.56502411213     
   1330.85769731884        1303.05808717204        1289.16059132107     
   1382.26660875104        1272.75872485523        1324.42540843097     
   1325.84122477761        1316.09083396717        1356.21505437863     
   1365.20759472182        1368.08839370572        1324.73915848381     
   1299.88918786492        1272.07279658561        1244.69646905506     
   1249.95485753459        1243.14315092432        1290.95648967370     
   1149.82564139982        1207.94552472650        1153.17376251375     
   1239.53101447467        1339.93480237414        1345.64140912743     
   1268.37525837699        1350.29081721094        1374.51782947578     
   1354.38658840162        1259.18989164167        1264.61583852568     
   1229.17243518462        1250.27965455068        1251.44643650064     
   1301.82169912315        1203.08837839648        1304.12673510616     
   1243.74506458319        1146.37284665996        1207.87560940914     
   1213.20344293217        1216.55247367855        1239.27246421107     
   1267.30325860512        1183.05480960506        1243.24818832066     
   1249.17909997335        1285.56403642431        1313.95918061086     
   1244.76743047359        1231.08072362395        1243.08614377075     
   1258.57251296484        1251.74259661455        1230.67879569651     
   1232.37710608306        1158.44776300630        1180.26644989272     
   1064.03099989330        1097.93143594000        1025.52298370989     
   1098.80814638231        1006.88547039414        1103.35661538057     
   1060.03028815369        1116.48026382398        1150.99818594831     
   1025.90345750732        1061.51542572790     
   502650.000000000     
   337.171221498893        6188.61520205772        266.845408227022     
   4.25562295112976        1481.54862859563        24.6037009028893     
   2.60222418865992        233.880770400280        2675.19919767620     
   398.938817312752        626.384484575009        153.296369352175     
   744.734016447709        620.287576638402        5.05413939891349     
   6.38813158226985        1013.89981952888        1316.26511821555     
   663.182001351114        2467.97008800960        6.18145673696111     
   2240.00773363407        2660.17769414672        112.459298781400     
   3.82348463821151        4.77231006440159        49.6207514963961     
   950.948540510069        1.39975236140913        10.9537668013627     
   3.35376908069167        264.102269371106        474.215432560882     
   2531.16561911832        161.337899696915        3.69196428210595     
   7.77848963252858        179.656806440189        1824.10279038370     
   26.4449858883671        793.180479050305        24.4909691690845     
   10.3055593319853        3.79530170476032        277.320065159714     
   915.175003649358        159.468431777986        718.317213492793     
   420.010257223092        6.42570882687143        1566.65169330708     
   3630.45972700431        3523.92823855881        70.2318701603667     
   18.1873863871683        900.115922875272        1713.76660592229     
   75.6711763164465        1853.56335015135        23.6548754766992     
   6.47268038262342        533.606267653690        421.597895807509     
   940.473883577377        1230.82385830269        1780.56015820161     
   5.73052980174207        1166.59495296743        131.830368373519     
   1772.82864012484        4.09591966157302        310.096816763449     
   121.421471618879        760.290995712766        2731.86568253540     
   3.41952925874445        2.75253316706627        397.182081127628     
   1482.08410433121        4.14289121732500        287.381372401789     
   7.87243274403254        12.1468443174631        2293.65864461399     
   943.367331411699        3.96439930546746        8.33275399040199     
   205.829357305195        996.614287012148        13314.6511365689     
   443.007530919263        3.88924481626429        321.792734145693     
   959.572518146134        745.767390674252        1145.46714719019     
   2337.73675253165        8.94338421517778        1452.32292660675     
   419.305683886812        919.872159224557        301.181615481722     
   23.9554934335119        9.62916892915675        275.582117596891     
   217.262233975227        344.940316820271        593.635915904726     
   1790.08598970812        700.561965418543        932.422958921487     
   1431.53331603092        157.072882434635        9.32855097234405     
   5.10111095466548        2550.15152195327        39.7943020330810     
   7.24301389695596        4.01137086121945        92.0360663404378     
   25.6746523740345        727.955776733100        129.152989695656     
   837.784668392389        1.93522809698175        43.5614208043901     
   53.5287849349611        448.531385875697        17.5485732289413     
   177.862493010463        2189.40057946688        1941.18409025110     
   22.5651353832532        101.543109224639        28.4647627857024     
   232.217977326659        1110.98063095708        2.29221192069683     
   1080.22365625068        858.508518790165        839.964148579281     
   428.502714503051        679.838115020767        3.24103734688691     
   3533.37891557611        3.76711877130913        1407.23962739599     
   142.990810020190        5.42991184492937        1260.87625967281     
   155.644947139775        1379.45125501312        76.2818065412223     
   103.713195100381        352.427582807137        1002.70180063761     
   2911.67279795399        116.508246887221        4.72533850864961     
   7.40271718651270        2.84647627857024        6.52904624952580     
   2.49888676600556        18.9107483457488        25.2143311276651     
   741.427218922769        722.403738843215        948.872397745832     
   3.51347237024841        33.6786054741726        5.43930615607977     
   1949.92079962097        2015.66218905144        2.11372000883929     
   4.37774899608492        629.155806364377        403.570212709897     
   1051.08250306215        990.348281474834        36.2996182851334     
   4.58442384139365        493.755599753707        12.8232347202917     
   2064.38108667740        31.8373204886949        1249.06761055676     
   257.892629700694        1835.83628501055        444.125453946161     
   13.5747796123234        77.1554774782092        7.61878634297183     
   1804.53444025743        1048.37694145084        423.627067015995     
   6.61359504987937        2076.52793099487        249.278046375780     
   853.567111125056        694.671732327244        1429.75779122350     
   611.250249311720        110.439521884065        870.420505328868     
   2.60222418865992        12.4568565854262        77.0803229890060     
   2486.11989715217        5.01656215431191        103.008621764101     
   601.545925893360        27.3562340699556        491.810977345575     
   183.555445567604        390.267868120935        6.34116002651786     
   677.348622565912        3.92682206086588        3.75772446015873     
   1218.63943674063        2888.62855270207        3378.12852950465     
   1069.00684873711        51.6217397714306        215.035782232583     
   1092.58656972460        749.966647758480        5191.16482135318     
   1277.58873920937        18.0934432756643        153.005145706513     
   2676.81501919407        3.13769992423254        499.890084934916     
   8.08850190049167        657.789666750786        1338.08810301792     
   10.6531488445500        4068.03734607864        5.58022082333572     
   802.001737220528        1121.36134477827        3.87985050511389     
   4516.23993106407        13.1332469882548        194.697098591974     
   1670.31791685171        4811.79435416671        2408.80471638440     
   63.6276694216377        490.655477074076        6170.05204322453     
   5.08232233236469        2199.39612653091        171.004645870673     
   20.8741593761818        745.438589783989        355.988026733138     
   1379.30094603471        2754.36505774060        2245.15581614449     
   112.891437094319        164.071644241681        8.13547345624366     
   162.239753567353        2268.02156948455        608.413167344300     
   150.600202052012        800.160452235050        8.64276625836508     
   3.21285441343572        48.1176617123326        13.5184137454210     
   7.66575789872381        1294.19788132327        10.9349781790619     
   449.395662501533        1101.71784016279        366.988765090252     
   3.40074063644365        6018.08027174456        3.25043165803730     
   936.415541160406        3084.65964347740        1215.72720028400     
   2899.99566919405        31.9876294671012        102.801946918793     
   809.160202317130        6.81087558403770        2.78071610051746     
   255.948007292562        37.9436227364528        2.03856551963611     
   65.1495478280020        29.7142061687052        9.08429888243374     
   475.662156478043        557.665098509857        53.8763744475258     
   38.4509155385742        249.202891886577        10.7752748895052     
   65.7132064970258        3.42892356989484        921.525557987027     
   6.36934295996905        4555.25450527167        6.75450971713532     
   1618.58344534647        340.600145068787        567.604279706977     
   13.5935682346242        305.014494431084        10.6437545333996     
   1699.30876106183        1277.43843023096        79.5979983773123     
   4427.76430864964        253.082742391691        124.653114654616     
   5.97478189165238        137.711207153667        3.83287894936191     
   41.9080220419203        181.639006092923        29.7048118575548     
   200.709457728228        1644.52113843272        455.107403680974     
   6.69814385023294        6.38813158226984        3.42892356989484     
   65.0274217830469        100.613072420750        1649.84771285499     
   10.2210105316318        6.97057887359445        49.2543733615306     
   91.1811840257516        1618.83709174753        1.88825654122976     
   255.994978848314        9.82644946331508        105.883280976123     
   32.0909668897556        654.125885402131        1091.89139069947     
   631.964705398345        243.002646527315        642.157532996526     
   717.659611712265        593.156806036056        52.4766220861167     
   160.473623071079        2.98739094582619        4.42472055183691     
   7.38392856421191        669.494978444181        136.593284126770     
   11.3952994254314        275.459991551936        2498.14461542468     
   6.91421300669207        30.8978893736552        1239.41965300531     
   65.7226008081762        1.84128498547778        173.963853883049     
   57.5777330407822        94.3188839499842        3.79530170476032     
   2343.58940837835        112.271412558393        3192.52512410626     
   1401.53728052770        11.3859051142810        8.86822972597461     
   458.019640137598        293.919812962466        576.669789967109     
   714.766163877943        8.33275399040199        53.0684636885917     
   2157.61023053394        86.8691952077195        18.7792279896433     
   479.156840225990        1774.51961613191        67.6296459717068     
   13.6405397903762        3.39134632529326        817.981460487353     
   7.34635131961032        3.04375681272857        19.5401671928254     
   5.01656215431191        318.241684530843        164.578937043802     
   586.054706806356        12.0998727617111        787.534498048917     
   111.707753889369        28.6150717641087        3342.89986269066     
   34.5804593446107        2338.76073244704        356.081969844641     
   3346.77031888462        14.0820724144448        537.185500201992     
   425.224099911562        2556.14509246723        4.28380588458096     
   587.661134013074        96.3104779138683        793.067747316500     
   1418.41885766497        249.390778109585        44.4256974302266     
   530.957071909278        2761.61746594871        7.00815611819604     
   263.219204122969        4.24622863997937        1128.03130569505     
   1506.72538247870        3.79530170476032        73.7829197752167     
   1613.04080176774        2.88405352317183        568.214909931752     
   22.2363344929893        992.245932327214        583.264596394688     
   408.051299128637        526.137790289125        5.83386722439643     
   34.8998659237242        8.97156714862897        179.929241463550     
   317.903489329429        468.447325514538        2501.51717312767     
   5.52385495643334        9.20642492738889        499.514312488900     
   1516.69274660927        510.740514313625        2.18887449804246     
   184.663974283350        850.091215999409        468.644606048696     
   11.9025922275528        1033.35543792135        1223.37416956043     
   53.8387972029242        370.117070703334        23.5703266763456     
   1401.66880088381        2.40494365450159        172.291666498278     
   176.265460114896        1390.83716012740        948.374499254861     
   2749.62093060965        594.735050309323        11.3483278696794     
   5.96538758050199        2219.75359879382        1947.63798201142     
   13.8472146356849        6.64177798333056        4.95080197625913     
   340.994706137104        277.498557071572        1013.86224228428     
   56.4410213915842        237.394242770528        10.6907260891516     
   185.171267085472        55.1915780085814        4018.03142782508     
   520.839398800301        172.883508100753        8.51124590225953     
   6.82026989518810        20.6393015974218        68.4187681083401     
   439.832253750429        472.505667931509        2491.17403655108     
   1430.61267353818        1514.32538019937       0.845488003535715     
   1589.93079633776        20.0286713726460        108.936432100002     
   4.15228552847540        3.62620410405318        338.965534928618     
   1.84128498547778        2394.44081463544        1171.47060045448     
   2244.78004369847        2.93102507892381        108.936432100002     
   9.66674617375834        22.4899808940500        405.683932718737     
   7.91940429978453        12.2032101843655        7.80667256597977     
   4.55624090794246        12.9923323209988        5.64598100138849     
   6.08751362545715        743.850951199571        1044.91983494749     
   1140.94848352685        3197.28803985951        1238.29233566726     
   438.911611257690        4.39653761838572        9.27218510544167     
   214.218477162499        5.42051753377897        29.7423891021564     
   655.591397941593        117.381917824208        2595.36634152013     
   134.141368916516        58.2071518878588        57.1174117944127     
   5.97478189165238        2044.03300872564        6.59480642757857     
   2.12311431998968        6.78269265058651        4.68776126404802     
   8.45488003535715        2114.15214715220        856.498136203980     
   4123.98986329040        738.909543534463        4.58442384139365     
   275.544540352289        7.47787167571588        13.9035805025873     
   535.222089171559        6.10630224775794        6.20963967041230     
   326.583832832395        7.75970101022778        393.133133021807     
   58.9399081575897        1179.31485026507        3668.22485782890     
   22.5745296944036        26.2383110430583        23.8991275666095     
   2530.44225715974        190.619967552702        712.671232491404     
   3.46650081449643        293.421914471495        5.31718011112461     
   167.679059723433        72.3080129246044        131.003668992284     
   35.7641425495607        41.5980097739572        47.8170437555199     
   32.1473327566580        10.4746569326925        1400.03419074364     
   702.769628538886        37.4175413120306        48.5310114029500     
   960.173754059759        3.57923254830119        707.335263757979     
   796.665768487102        6274.52617752810        6.71693247253373     
   1708.64670634533        1284.20233425925        1140.45058503587     
   3.15648854653334        527.058432781864        7422.90556117490     
   30.1651331039242        1213.83894374277        301.172221170572     
   40.5834241697143        195.251362949848        375.283941836053     
   8.25759950119881        7.21483096350477        51.4056706149715     
   163.893152329823        32.3821905354179        764.001748617173     
   27.6850349602195        215.505497790103        5.39233460032778     
   672.576312501511        17.7364594519492        22.7342329839603     
   3.92682206086588        2247.93653224501        14.0820724144448     
   54.8815657406183        385.194940099721        557.759041621361     
   5.69295255714048        7.04573336279762        1452.46384127400     
   3677.54401449009        20.6299072862714        1610.54191500173     
   967.726780224678        3.67317565980516        1109.60906152912     
   3969.66011971168        8.08850190049167        81.1856369617294     
   3.37255770299246        165.837774737955        6180.24487082271     
   191.897593869156        160.266948225770        393.443145289770     
   243.171744128022        2.17008587574167        1168.35168915255     
   53.5475735572619        301.726485528445        13.1238526771044     
   72.7213626152219        6.04993638085556        5.81507860209564     
   48.8973895378155        6.27539984846508        8.49245727995874     
   90.2229642884112        1492.57754988620        1424.47818835697     
   5.84326153554683        11.2731733804762        7.99455878898770     
   344.000885705231        20.4138381298123        120.660532415697     
   998.107982485062        18.0464717199123        1313.79441438300     
   189.680536437662        31.0575926632119        24.1997455234222     
   7.27119683040715        1055.91117899345        2064.87898516837     
   1792.44396180687        11.5268197815369        1082.62859990518     
   867.987378740915        154.010336999606        8.32335967925159     
   26.2852825988103        802.734493490259        9.75129497411191     
   41.1095055941365        91.0026921138941        173.343829347122     
   6.29418847076588        4501.08690717848        410.202596382078     
   191.653341779246        103.309239720914        3423.06151973700     
   7.77848963252858        355.104961485000        18.2343579429202     
   1090.79225629488        92.1018265184905        2756.29089152643     
   21.4190294229048        473.022355044781        5.64598100138849     
   32.8894833375393        15.8763858441706        1273.81222612691     
   2.26402898724564        3.86106188281310        30.1275558593226     
   1832.81131682012        18.3846669213266        1295.25943848326     
   725.672959123553        491.190952809649        8.77428661447064     
   1806.34754230945        341.013494759405        4445.87654054760     
   5.89023309129881        51.6217397714306        38.1784805152127     
   997.206128614624        5802.06748115234        2206.51701438291     
   138.011825110480        10.7658805783548        6.12509087005873     
   244.759382712439        217.713160910447        23.9554934335119     
   756.796311964818        457.615684758130        263.632553813586     
   1541.57827684667        196.528989266302        9.63856324030715     
   903.591818000919        199.460014345226        68.0899672180762     
   1584.04995755761        2.62101281096072        357.077766826583     
   964.457559944340        1925.91833463170        3.50407805909802     
   2199.95978519993        625.172618436608        31.7245887548901     
   1677.83336577202        2880.81248582494        610.132326284823     
   1026.04666384634        141.083764856660        695.770866731841     
   1420.13801660549        1199.48443630497        3729.68244137480     
   16.8439998926615        724.592613341258        1371.44730191298     
   616.482880622491        3418.98438869772        1617.17429867391     
   4015.08161412385        16.2897355347881        172.188329075624     
   145.386359363541        1748.12160179929        632.425026644715     
   476.404307058924        12.6447428084341        322.121535035957     
   1.04276853769405        5879.96510921143        6.53844056067619     
   14.5893652165663        65.5253202740179        5.74931842404286     
   3.97379361661786        13.9411577471889        45.6375635686278     
   6157.75488992866        52.2981301742592        65.3562226733108     
   1311.09824708283        2952.70714905893        3563.80708939224     
   941.883030249937        387.637460998824        36.2808296628326     
   221.846657816621        1126.24638657647        853.379224902048     
   221.198450347244        2118.06018059077        63.5055433766826     
   188.553219099615        4.29320019573135        396.853280237364     
   4074.95155908533        159.853598535152        200.127010436904     
   2380.43389671020        1.85067929662818        142.023195971699     
   94.0746318600739        437.277001117521        2157.50689311129     
   360.300015551170        869.791086481791        245.454561737568     
   1284.05202528084        8.59579470261310     
 ------
  0.000000000000000E+000  0.000000000000000E+000  0.000000000000000E+000
  0.000000000000000E+000  0.000000000000000E+000
  0.000000000000000E+000  0.000000000000000E+000  0.000000000000000E+000
  0.000000000000000E+000  0.000000000000000E+000
